****** Levels
 2.72317140E+15      9.    1  'c1   3Pe 1'  0   0.  0
 2.41834173E+15      5.    1  'c1   1De 1'  0   0.  0
 2.07474985E+15      1.    1  'c1   1Se 1'  0   0.  0
 1.71220603E+15      5.    1  'c1   5So 1'  0   0.  0
 9.13235071E+14      9.    2  'c1   3Po 1'  0   0.  0
 8.64981919E+14      3.    2  'c1   1Po 1'  0   0.  0
 8.01783555E+14     15.    2  'c1   3Do 1'  0   0.  0
 6.58787250E+14      3.    2  'c1   1Pe 1'  0   0.  0
 6.32824978E+14     15.    2  'c1   3De 1'  0   0.  0
 6.02171662E+14      3.    2  'c1   3Se 1'  0   0.  0
 5.83246090E+14      9.    2  'c1   3Pe 2'  0   0.  0
 5.46180958E+14      5.    2  'c1   1De 2'  0   0.  0
 5.05230928E+14      1.    3  'c1   1Se 2'  0   0.  0
 4.66869924E+14      9.    3  'c1   3Po 2'  0   0.  0
 1.68864457E+14    381.    4  'c1  +1_o 2'  0   0.  5
 1.66141264E+14   1152.    4  'c1  +3_o 4'  0   0.  5
 1.11966174E+14   1161.    5  'c1  +3_e 3'  0   0.  5
 1.09094728E+14    387.    5  'c1  +1_e 1'  0   0.  5
****** Continuum transitions
   1  19   1    112      0      0      0   1.770E-18   0.000E+00
   0.000   0.050   0.081   0.090   0.095   0.097   0.101   0.107   0.125   0.162
   0.448   1.130
   1.248   1.224   1.221   1.263   1.448   0.839   1.069   1.124   1.159   1.117
   0.690  -1.366
   2  19   1    112      0      0      0   1.245E-18   0.000E+00
   0.001   0.021   0.062   0.099   0.124   0.145   0.215   0.314   0.401   0.532
   0.590   1.218
   1.096   1.115   1.672   1.457   1.868   1.207   1.046   0.900   0.816   0.597
   0.538  -1.393
   3  19   1    139      0      0      0   1.416E-18   0.000E+00
   0.002   0.045   0.080   0.120   0.144   0.157   0.189   0.254   0.258   0.260
   0.261   0.261   0.264   0.269   0.273   0.288   0.291   0.293   0.293   0.293
   0.295   0.305   0.322   0.324   0.327   0.335   0.355   0.371   0.374   0.395
   0.417   0.441   0.495   0.517   0.533   0.541   0.553   0.603   1.243
   1.147   1.069   0.948   0.474   2.147   1.612   1.302   1.026   0.942   0.841
   0.619   1.526   1.240   1.131   1.084   1.010   0.972   0.407   1.410   1.154
   1.041   0.997   0.945   0.745   1.055   0.983   0.955   0.976   0.852   0.907
   0.845   0.828   0.852   0.824   0.790   0.683   0.714   0.629  -1.285
   4  19   1    105      0      0      0   2.734E-18   0.000E+00
   0.245   0.386   0.482   0.604   1.280
   1.293   1.210   1.066   0.910  -1.102
   5  19   1    114      0      0      0   5.204E-20   0.000E+00
   0.004   0.121   0.157   0.196   0.246   0.281   0.352   0.381   0.413   0.466
   0.541   0.776   0.829   1.502
  -0.276  -0.017   0.664  -0.052  -0.035   0.069   0.345   1.931  -0.310  -0.129
   0.707   0.750   0.560  -1.388
   6  19   1    137      0      0      0   1.727E-19   0.000E+00
   0.004   0.103   0.370   0.392   0.402   0.416   0.426   0.446   0.488   0.499
   0.505   0.509   0.527   0.545   0.558   0.575   0.582   0.597   0.611   0.631
   0.636   0.657   0.669   0.679   0.699   0.718   0.721   0.734   0.761   0.779
   0.783   0.803   0.813   0.822   0.839   0.875   1.534
   0.233   0.103  -0.060   0.030   0.388   1.621   0.768   0.321   0.222   0.343
   2.783   0.264   0.335   0.442   0.690   1.307   2.372   0.839   0.172   0.314
   0.137  -0.417  -0.289   0.215   0.875  -0.083   0.995   0.811   0.853   1.102
   0.626   0.747   0.924   0.690   0.662   0.621  -1.336
   7  19   1    136      0      0      0   1.334E-19   0.000E+00
   0.007   0.114   0.174   0.214   0.267   0.294   0.303   0.313   0.315   0.317
   0.320   0.321   0.324   0.327   0.332   0.339   0.345   0.356   0.360   0.362
   0.365   0.370   0.376   0.378   0.379   0.383   0.401   0.413   0.420   0.434
   0.471   0.516   0.530   0.583   0.888   1.555
   0.138   0.328   1.328   0.233  -0.026   0.012   0.052   0.196   0.631   0.302
   1.762   0.661   1.079   0.438   0.085  -0.018  -0.014   0.068   0.430   1.022
   0.097   0.011   0.117   1.030   0.228   0.035   1.030   1.172   1.707   1.049
   0.953   0.974   1.209   1.304   0.904  -1.086
   8  19   1    153      0      0      0   5.060E-19   0.000E+00
   0.000   0.059   0.151   0.191   0.219   0.254   0.337   0.406   0.502   0.522
   0.538   0.550   0.554   0.557   0.560   0.572   0.599   0.603   0.606   0.620
   0.639   0.648   0.652   0.656   0.660   0.666   0.674   0.692   0.701   0.702
   0.704   0.714   0.723   0.735   0.750   0.753   0.758   0.766   0.778   0.782
   0.789   0.797   0.804   0.814   0.842   0.897   0.904   0.915   0.929   0.942
   0.957   0.997   1.651
   0.704   0.744   0.888   0.670   0.263   0.062   0.228   0.285   0.435   0.557
   0.888   1.875   1.125   1.938   0.340  -0.122   0.188   1.123  -0.059   0.154
   0.217   0.799   1.352   2.201   0.825   0.362   0.194   0.356   0.824   1.626
   0.835   1.765   1.396   0.502   0.235  -0.241   0.413   0.216   0.387   0.584
   2.418  -0.222   0.178   0.013   0.698   0.794   0.895   0.825   1.041   0.571
   0.616   0.578  -1.371
   9  19   1    129      0      0      0   2.350E-19   0.000E+00
   0.011   0.064   0.302   0.498   0.537   0.549   0.572   0.605   0.614   0.626
   0.652   0.666   0.689   0.694   0.699   0.714   0.718   0.735   0.744   0.765
   0.804   0.853   0.858   0.900   0.917   0.931   0.952   0.977   1.651
   0.359   0.297   0.369   0.224   0.338   1.241   0.340   0.194   0.403   0.213
   0.956   0.371   0.111   0.695   0.295   0.689   3.045   0.219   0.022  -0.073
   0.994  -0.149   0.695   0.670   0.956   0.784   0.721   0.562  -1.421
  10  19   1    152      0      0      0   2.144E-19   0.000E+00
   0.004   0.096   0.317   0.340   0.343   0.353   0.416   0.426   0.445   0.517
   0.546   0.558   0.576   0.587   0.600   0.633   0.652   0.669   0.675   0.683
   0.695   0.711   0.714   0.718   0.733   0.738   0.752   0.760   0.781   0.800
   0.827   0.834   0.835   0.840   0.842   0.845   0.851   0.856   0.857   0.859
   0.863   0.866   0.877   0.935   0.942   0.946   0.948   0.956   0.961   0.973
   1.032   1.658
   0.319  -0.000   0.215   0.406  -0.965   0.050   0.217   0.139   0.161   0.200
   0.328   0.574   1.733   0.953   0.384   0.061   0.245   0.401   0.909   0.416
   0.166   0.241   0.990   0.285   1.059   2.751   0.504   0.160   0.048   0.017
   0.110   2.158  -0.100   0.469   1.874   0.431  -0.046   0.372   1.505   0.334
  -0.095   0.616   0.757   0.751   0.838   1.033   0.795   1.212   0.632   0.621
   0.509  -1.319
  11  19   1    125      0      0      0   3.156E-19   0.000E+00
   0.007   0.153   0.301   0.320   0.327   0.361   0.408   0.478   0.532   0.564
   0.579   0.599   0.634   0.684   0.691   0.696   0.715   0.738   0.749   0.763
   0.786   0.896   1.007   1.093   1.690
   0.500   0.517   0.600   0.770   1.208   0.341   0.438   0.438   0.434   0.778
   1.548   0.426   0.196   0.536   0.787   0.421   0.260   0.485   1.633   0.502
  -0.110   0.812   0.549   0.405  -1.388
  12  19   1    126      0      0      0   4.894E-19   0.000E+00
  -0.000   0.142   0.228   0.317   0.402   0.555   0.591   0.601   0.609   0.626
   0.687   0.715   0.722   0.724   0.735   0.763   0.779   0.799   0.814   0.832
   0.867   0.909   0.947   1.004   1.075   1.712
   0.690   0.672   0.500   0.509   0.422   0.362   0.595   2.373   0.761   0.147
   0.052   0.793   1.965   0.720   0.353   0.809   2.075   1.081   0.552   0.343
   0.332   0.610   0.690   0.715   0.422  -1.474
  13  19   1    139      0      0      0   5.968E-19   0.000E+00
   0.007   0.114   0.384   0.413   0.423   0.456   0.573   0.616   0.630   0.637
   0.655   0.667   0.686   0.705   0.733   0.751   0.755   0.764   0.793   0.808
   0.826   0.843   0.868   0.900   0.908   0.932   0.957   0.976   1.012   1.018
   1.019   1.027   1.032   1.035   1.037   1.042   1.046   1.064   1.737
   0.776   0.776   0.543  -0.121   0.267   0.397   0.207   0.060  -0.241   2.448
   0.638   0.415   0.340   0.268   0.595   2.017   0.539   0.112   0.534   1.500
   1.052   0.905   0.276   0.009   0.264   0.336   0.457   0.605   0.680   0.735
   0.865   0.732   0.771   0.914   0.782   0.925   0.389   0.459  -1.560
  14  19   1    118      0      0      0   6.311E-19   0.000E+00
   0.004   0.121   0.203   0.246   0.270   0.327   0.363   0.441   0.448   0.459
   0.495   0.562   0.587   0.601   0.680   0.737   1.089   1.779
   0.793   0.560   0.474   0.793   1.319   0.543   0.336   0.129   1.621   0.465
   0.060   0.940   1.172   0.879   0.707   1.181   0.888  -1.138
  15  19   1      2      0      0      0   3.490E-18   0.000E+00
   3.000  34.900   1.000   0.000
  16  19   1      2      0      0      0   3.518E-18   0.000E+00
   3.000  35.185   1.000   0.000
  17  19   1      2      0      0      0   4.286E-18   0.000E+00
   3.000  42.860   1.000   0.000
  18  19   1      2      0      0      0   4.342E-18   0.000E+00
   3.000  43.420   1.000   0.000
*** Line transitions
   1   2   0   0   4      0      0   0.000E+00   5.000E-02
   1   3   0   0   4      0      0   0.000E+00   5.000E-02
   1   4   0   0   4      0      0   0.000E+00   5.000E-02
   1   5  -1   0   1      0      0   1.478E-01   2.000E-01
  F  1  7  0.  0.
   1   6   0   0   4      0      0   0.000E+00   5.000E-02
   1   7  -1   0   1      0      0   7.144E-02   2.000E-01
  F  1  7  0.  0.
   1   8   0   0   4      0      0   0.000E+00   5.000E-02
   1   9   0   0   4      0      0   0.000E+00   5.000E-02
   1  10   0   0   4      0      0   0.000E+00   5.000E-02
   1  11   0   0   4      0      0   0.000E+00   5.000E-02
   1  12   0   0   4      0      0   0.000E+00   5.000E-02
   1  13   0   0   4      0      0   0.000E+00   5.000E-02
   1  14  -1   0   1      0      0   6.156E-02   2.000E-01
  F  1  7  0.  0.
   1  15   0   0   4      0      0   0.000E+00   5.000E-02
   1  16  -1   0   1      0      0   3.346E-01   2.000E-01
  F  1  7  0.  0.
   1  17   0   0   4      0      0   0.000E+00   5.000E-02
   1  18   0   0   4      0      0   0.000E+00   5.000E-02
   2   3   0   0   4      0      0   0.000E+00   5.000E-02
   2   4   0   0   4      0      0   0.000E+00   5.000E-02
   2   5   0   0   4      0      0   0.000E+00   5.000E-02
   2   6  -1   0   1      0      0   1.208E-01   2.000E-01
  F  1  7  0.  0.
   2   7   0   0   4      0      0   0.000E+00   5.000E-02
   2   8   0   0   4      0      0   0.000E+00   5.000E-02
   2   9   0   0   4      0      0   0.000E+00   5.000E-02
   2  10   0   0   4      0      0   0.000E+00   5.000E-02
   2  11   0   0   4      0      0   0.000E+00   5.000E-02
   2  12   0   0   4      0      0   0.000E+00   5.000E-02
   2  13   0   0   4      0      0   0.000E+00   5.000E-02
   2  14   0   0   4      0      0   0.000E+00   5.000E-02
   2  15  -1   0   1      0      0   2.439E-01   2.000E-01
  F  1  7  0.  0.
   2  16   0   0   4      0      0   0.000E+00   5.000E-02
   2  17   0   0   4      0      0   0.000E+00   5.000E-02
   2  18   0   0   4      0      0   0.000E+00   5.000E-02
   3   4   0   0   4      0      0   0.000E+00   5.000E-02
   3   5   0   0   4      0      0   0.000E+00   5.000E-02
   3   6  -1   0   1      0      0   8.540E-02   2.000E-01
  F  1  7  0.  0.
   3   7   0   0   4      0      0   0.000E+00   5.000E-02
   3   8   0   0   4      0      0   0.000E+00   5.000E-02
   3   9   0   0   4      0      0   0.000E+00   5.000E-02
   3  10   0   0   4      0      0   0.000E+00   5.000E-02
   3  11   0   0   4      0      0   0.000E+00   5.000E-02
   3  12   0   0   4      0      0   0.000E+00   5.000E-02
   3  13   0   0   4      0      0   0.000E+00   5.000E-02
   3  14   0   0   4      0      0   0.000E+00   5.000E-02
   3  15  -1   0   1      0      0   2.780E-01   2.000E-01
  F  1  7  0.  0.
   3  16   0   0   4      0      0   0.000E+00   5.000E-02
   3  17   0   0   4      0      0   0.000E+00   5.000E-02
   3  18   0   0   4      0      0   0.000E+00   5.000E-02
   4   5   0   0   4      0      0   0.000E+00   5.000E-02
   4   6   0   0   4      0      0   0.000E+00   5.000E-02
   4   7   0   0   4      0      0   0.000E+00   5.000E-02
   4   8   0   0   4      0      0   0.000E+00   5.000E-02
   4   9   0   0   4      0      0   0.000E+00   5.000E-02
   4  10   0   0   4      0      0   0.000E+00   5.000E-02
   4  11   0   0   4      0      0   0.000E+00   5.000E-02
   4  12   0   0   4      0      0   0.000E+00   5.000E-02
   4  13   0   0   4      0      0   0.000E+00   5.000E-02
   4  14   0   0   4      0      0   0.000E+00   5.000E-02
   4  15   0   0   4      0      0   0.000E+00   5.000E-02
   4  16   0   0   4      0      0   0.000E+00   5.000E-02
   4  17   0   0   4      0      0   0.000E+00   5.000E-02
   4  18   0   0   4      0      0   0.000E+00   5.000E-02
   5   6   0   0   4      0      0   0.000E+00   5.000E-02
   5   7   0   0   4      0      0   0.000E+00   5.000E-02
   5   8   0   0   4      0      0   0.000E+00   5.000E-02
   5   9  -1   0   1      0      0   4.967E-01   7.000E-01
  F  1  7  0.  0.
   5  10  -1   0   1      0      0   1.071E-01   7.000E-01
  F  1  7  0.  0.
   5  11  -1   0   1      0      0   3.600E-01   7.000E-01
  F  1  7  0.  0.
   5  12   0   0   4      0      0   0.000E+00   5.000E-02
   5  13   0   0   4      0      0   0.000E+00   5.000E-02
   5  14   0   0   4      0      0   0.000E+00   5.000E-02
   5  15   0   0   4      0      0   0.000E+00   5.000E-02
   5  16   0   0   4      0      0   0.000E+00   5.000E-02
   5  17  -1   0   1      0      0   6.291E-03   2.000E-01
  F  1  7  0.  0.
   5  18   0   0   4      0      0   0.000E+00   5.000E-02
   6   7   0   0   4      0      0   0.000E+00   5.000E-02
   6   8  -1   0   1      0      0   2.520E-01   7.000E-01
  F  1  7  0.  0.
   6   9   0   0   4      0      0   0.000E+00   5.000E-02
   6  10   0   0   4      0      0   0.000E+00   5.000E-02
   6  11   0   0   4      0      0   0.000E+00   5.000E-02
   6  12  -1   0   1      0      0   6.367E-01   2.000E-01
  F  1  7  0.  0.
   6  13  -1   0   1      0      0   1.213E-01   2.000E-01
  F  1  7  0.  0.
   6  14   0   0   4      0      0   0.000E+00   5.000E-02
   6  15   0   0   4      0      0   0.000E+00   5.000E-02
   6  16   0   0   4      0      0   0.000E+00   5.000E-02
   6  17   0   0   4      0      0   0.000E+00   5.000E-02
   6  18  -1   0   1      0      0   4.332E-02   2.000E-01
  F  1  7  0.  0.
   7   8   0   0   4      0      0   0.000E+00   5.000E-02
   7   9  -1   0   1      0      0   1.787E-03   7.000E-01
  F  1  7  0.  0.
   7  10   0   0   4      0      0   0.000E+00   5.000E-02
   7  11  -1   0   1      0      0   7.333E-03   7.000E-01
  F  1  7  0.  0.
   7  12   0   0   4      0      0   0.000E+00   5.000E-02
   7  13   0   0   4      0      0   0.000E+00   5.000E-02
   7  14   0   0   4      0      0   0.000E+00   5.000E-02
   7  15   0   0   4      0      0   0.000E+00   5.000E-02
   7  16   0   0   4      0      0   0.000E+00   5.000E-02
   7  17  -1   0   1      0      0   1.128E-02   2.000E-01
  F  1  7  0.  0.
   7  18   0   0   4      0      0   0.000E+00   5.000E-02
   8   9   0   0   4      0      0   0.000E+00   5.000E-02
   8  10   0   0   4      0      0   0.000E+00   5.000E-02
   8  11   0   0   4      0      0   0.000E+00   5.000E-02
   8  12   0   0   4      0      0   0.000E+00   5.000E-02
   8  13   0   0   4      0      0   0.000E+00   5.000E-02
   8  14   0   0   4      0      0   0.000E+00   5.000E-02
   8  15  -1   0   1      0      0   1.116E+00   2.000E-01
  F  1  7  0.  0.
   8  16   0   0   4      0      0   0.000E+00   5.000E-02
   8  17   0   0   4      0      0   0.000E+00   5.000E-02
   8  18   0   0   4      0      0   0.000E+00   5.000E-02
   9  10   0   0   4      0      0   0.000E+00   5.000E-02
   9  11   0   0   4      0      0   0.000E+00   5.000E-02
   9  12   0   0   4      0      0   0.000E+00   5.000E-02
   9  13   0   0   4      0      0   0.000E+00   5.000E-02
   9  14  -1   0   1      0      0   1.240E-02   7.000E-01
  F  1  7  0.  0.
   9  15   0   0   4      0      0   0.000E+00   5.000E-02
   9  16  -1   0   1      0      0   1.191E+00   2.000E-01
  F  1  7  0.  0.
   9  17   0   0   4      0      0   0.000E+00   5.000E-02
   9  18   0   0   4      0      0   0.000E+00   5.000E-02
  10  11   0   0   4      0      0   0.000E+00   5.000E-02
  10  12   0   0   4      0      0   0.000E+00   5.000E-02
  10  13   0   0   4      0      0   0.000E+00   5.000E-02
  10  14  -1   0   1      0      0   1.237E-02   7.000E-01
  F  1  7  0.  0.
  10  15   0   0   4      0      0   0.000E+00   5.000E-02
  10  16  -1   0   1      0      0   1.257E+00   2.000E-01
  F  1  7  0.  0.
  10  17   0   0   4      0      0   0.000E+00   5.000E-02
  10  18   0   0   4      0      0   0.000E+00   5.000E-02
  11  12   0   0   4      0      0   0.000E+00   5.000E-02
  11  13   0   0   4      0      0   0.000E+00   5.000E-02
  11  14  -1   0   1      0      0   5.767E-02   7.000E-01
  F  1  7  0.  0.
  11  15   0   0   4      0      0   0.000E+00   5.000E-02
  11  16  -1   0   1      0      0   1.129E+00   2.000E-01
  F  1  7  0.  0.
  11  17   0   0   4      0      0   0.000E+00   5.000E-02
  11  18   0   0   4      0      0   0.000E+00   5.000E-02
  12  13   0   0   4      0      0   0.000E+00   5.000E-02
  12  14   0   0   4      0      0   0.000E+00   5.000E-02
  12  15  -1   0   1      0      0   1.187E+00   2.000E-01
  F  1  7  0.  0.
  12  16   0   0   4      0      0   0.000E+00   5.000E-02
  12  17   0   0   4      0      0   0.000E+00   5.000E-02
  12  18   0   0   4      0      0   0.000E+00   5.000E-02
  13  14   0   0   4      0      0   0.000E+00   5.000E-02
  13  15  -1   0   1      0      0   1.137E+00   2.000E-01
  F  1  7  0.  0.
  13  16   0   0   4      0      0   0.000E+00   5.000E-02
  13  17   0   0   4      0      0   0.000E+00   5.000E-02
  13  18   0   0   4      0      0   0.000E+00   5.000E-02
  14  15   0   0   4      0      0   0.000E+00   5.000E-02
  14  16   0   0   4      0      0   0.000E+00   5.000E-02
  14  17  -1   0   1      0      0   1.869E-01   2.000E-01
  F  1  7  0.  0.
  14  18   0   0   4      0      0   0.000E+00   5.000E-02
  15  16   0   0   4      0      0   0.000E+00   5.000E-02
  15  17   0   0   4      0      0   0.000E+00   5.000E-02
  15  18  -1   0   1      0      0   3.100E+00   2.000E-01
  F  1  7  0.  0.
  16  17  -1   0   1      0      0   3.083E+00   2.000E-01
  F  1  7  0.  0.
  16  18   0   0   4      0      0   0.000E+00   5.000E-02
  17  18   0   0   4      0      0   0.000E+00   5.000E-02
