****** Levels
 1.89100000D+15 25.  2    ' a^5 D  ' 0 0 0
 1.67940000D+15 35.  2    ' a^5 F  ' 0 0 0
 1.53110000D+15 21.  2    ' a  3F  ' 0 0 0
 1.37290000D+15 15.  2    ' a  5P  ' 0 0 0
 1.34560000D+15  9.  2    ' a  3P2 ' 0 0 0
 1.31620000D+15 33.  2    ' a  3H  ' 0 0 0
 1.31480000D+15 35.  2    ' z  7Do ' 0 0 0
 1.26940000D+15 21.  2    ' b  3F2 ' 0 0 0
 1.24510000D+15 27.  2    ' a  3G  ' 0 0 0
 1.21660000D+15  9.  2    ' b  3P  ' 0 0 0
 1.21570000D+15 49.  2    ' z  7Fo ' 0 0 0
 1.18230000D+15 27.  2    ' b  3G  ' 0 0 0
 1.18190000D+15 21.  2    ' z  7Po ' 0 0 0
 1.16660000D+15  9.  2    ' c  3P  ' 0 0 0
 1.16630000D+15  9.  2    ' a  1G  ' 0 0 0
 1.11910000D+15 25.  2    ' z  5Do ' 0 0 0
 1.11370000D+15 33.  2    ' b  3H  ' 0 0 0
 1.11180000D+15 15.  2    ' a  3D  ' 0 0 0
 1.08710000D+15 35.  2    ' z  5Fo ' 0 0 0
 1.07740000D+15  3.  2    ' a  1P  ' 0 0 0
 1.04550000D+15  5.  2    ' a  1D  ' 0 0 0
 1.03910000D+15 11.  2    ' a  1H  ' 0 0 0
 1.02430000D+15 13.  2    ' a  1I  ' 0 0 0
 1.02380000D+15 15.  2    ' z  5Po ' 0 0 0
 1.02300000D+15 15.  2    ' b  3D  ' 0 0 0
 1.00970000D+15  9.  2    ' b  1G2 ' 0 0 0
 9.56760000D+14 15.  2    ' z  3Do ' 0 0 0
 9.53630000D+14 21.  2    ' z  3Fo ' 0 0 0
 9.05790000D+14 21.  2    ' c  3F  ' 0 0 0
 8.88580000D+14 25.  2    ' y  5Do ' 0 0 0
****** Continuum transitions
  1 31  1    2  2  0  0  6.30d-19 0.
   3.0   6.3   1.000  1575.       
  2 31  1    2  2  0  0  5.04d-19 0.
   3.0   5.04  1.000  1711.       
  3 31  1    2  2  0  0  1.13d-18 0.
   3.0  11.3   1.000  1870.       
  4 31  1    2  2  0  0  1.07d-18 0.
   3.0  10.7   1.000  1683.       
  5 31  1    2  2  0  0  1.24d-18 0.
   3.0  12.4   1.000  2225.       
  6 31  1    2  2  0  0  1.24d-18 0.
   3.0  12.4   1.000  2256.       
  7 31  1    2  2  0  0  1.24d-18 0.
   3.0  12.4   1.000  2259.       
  8 31  1    2  2  0  0  1.27d-18 0.
   3.0  12.7   1.000  2339.       
  9 31  1    2  2  0  0  1.09d-18 0.
   3.0  10.9   1.000  1744.       
 10 31  1    2  2  0  0  1.13d-18 0.
   3.0  11.3   1.000  1845.       
 11 31  1    2  2  0  0  1.29d-18 0.
   3.0  12.9   1.000  2441.       
 12 31  1    2  2  0  0  1.31d-18 0.
   3.0  13.1   1.000  2509.       
 13 31  1    2  2  0  0  1.31d-18 0.
   3.0  13.1   1.000  2510.       
 14 31  1    2  2  0  0  1.09d-18 0.
   3.0  10.9   1.000  1741.       
 15 31  1    2  2  0  0  1.12d-18 0.
   3.0  11.2   1.000  1827.       
 16 31  1    2  2  0  0  1.35d-18 0.
   3.0  13.5   1.000  2649.       
 17 31  1    2  2  0  0  1.09d-18 0.
   3.0  10.9   1.000  1733.       
 18 31  1    2  2  0  0  1.09d-18 0.
   3.0  10.9   1.000  1727.       
 19 31  1    2  2  0  0  1.37d-18 0.
   3.0  13.7   1.000  2727.       
 20 31  1    2  2  0  0  1.12d-18 0.
   3.0  11.2   1.000  1836.       
 21 31  1    2  2  0  0  1.11d-18 0.
   3.0  11.1   1.000  1795.       
 22 31  1    2  2  0  0  1.11d-18 0.
   3.0  11.1   1.000  1811.       
 23 31  1    2  2  0  0  1.41d-18 0.
   3.0  14.1   1.000  2892.       
 24 31  1    2  2  0  0  1.41d-18 0.
   3.0  14.1   1.000  2893.       
 25 31  1    2  2  0  0  1.41d-18 0.
   3.0  14.1   1.000  2895.       
 26 31  1    2  2  0  0  1.42d-18 0.
   3.0  14.2   1.000  2933.       
 27 31  1    2  2  0  0  1.46d-18 0.
   3.0  14.6   1.000  3093.       
 28 31  1    2  2  0  0  1.46d-18 0.
   3.0  14.6   1.000  3103.       
 29 31  1    2  2  0  0  1.50d-18 0.
   3.0  15.0   1.000  3265.       
 30 31  1    2  2  0  0  1.46d-18 0.
   3.0  14.6   1.000  3119.       
****** Line transitions
