****** Levels
 4.55505226E+15      1.    2  'al2  1Se 1'  0   0.  0
 3.42978559E+15      9.    2  'al2  3Po 1'  0   0.  0
 2.75982653E+15      3.    2  'al2  1Po 1'  0   0.  0
 1.99108241E+15      5.    3  'al2  1De 1'  0   0.  0
 1.81731998E+15      3.    3  'al2  3Se 1'  0   0.  0
 1.72933476E+15      9.    3  'al2  3Pe 1'  0   0.  0
 1.69505864E+15      1.    3  'al2  1Se 2'  0   0.  0
 1.68907132E+15     15.    3  'al2  3De 1'  0   0.  0
 1.39194226E+15      9.    3  'al2  3Po 2'  0   0.  0
 1.34802407E+15      3.    3  'al2  1Po 2'  0   0.  0
 1.25296262E+15      5.    3  'al2  1De 2'  0   0.  0
 1.20654396E+15      1.    3  'al2  1Se 3'  0   0.  0
 8.00557275E+14    288.    4  'al2 +3_e 3'  0   0.  0
 7.58109643E+14    225.    4  'al2 +3_o 4'  0   0.  0
 7.57292258E+14     75.    4  'al2 +1_o 2'  0   0.  0
 6.93551252E+14     96.    4  'al2 +1_e 1'  0   0.  0
****** Continuum transitions
   1  17   1    119      0      0      0   2.188E-21   0.000E+00
  -0.000   0.004   0.004   0.008   0.024   0.055   0.060   0.063   0.064   0.066
   0.072   0.084   0.089   0.090   0.163   0.391   0.523   0.634   1.181
  -1.904  -3.465  -2.397  -1.637  -0.877  -0.489  -0.117  -1.184  -3.828  -1.152
  -0.740  -0.521  -0.174  -0.538  -0.457  -0.526  -0.638  -0.888  -2.560
   2  17   1    114      0      0      0   1.226E-19   0.000E+00
  -0.001   0.019   0.025   0.040   0.084   0.133   0.159   0.167   0.169   0.176
   0.236   0.386   0.745   1.409
  -0.198  -0.403   0.140  -0.325  -0.532  -0.557  -0.418  -0.350  -0.592  -0.471
  -0.392  -0.389  -0.635  -2.593
   3  17   1    127      0      0      0   5.313E-19   0.000E+00
  -0.001   0.026   0.045   0.056   0.059   0.109   0.137   0.183   0.198   0.214
   0.230   0.238   0.242   0.267   0.273   0.280   0.283   0.294   0.296   0.308
   0.308   0.344   0.453   0.622   0.785   0.843   1.452
   0.442   0.066  -0.601   0.224   0.236  -0.328  -0.419  -0.855  -0.194  -0.492
  -0.552  -0.443  -0.746  -0.590  -0.486  -0.181  -0.701  -0.523  -0.701  -0.188
  -0.436  -0.475  -0.455  -0.517  -0.662  -0.690  -2.524
   4  17   1    144      0      0      0   2.402E-18   0.000E+00
  -0.002   0.041   0.056   0.070   0.079   0.097   0.118   0.130   0.144   0.150
   0.158   0.167   0.179   0.182   0.187   0.192   0.195   0.200   0.208   0.212
   0.213   0.217   0.223   0.226   0.227   0.231   0.233   0.235   0.236   0.238
   0.239   0.241   0.242   0.244   0.282   0.312   0.345   0.358   0.369   0.376
   0.432   0.541   0.979   1.601
   1.085   0.965   0.653  -1.184  -0.321   0.382   0.664   1.055   0.814   0.568
  -1.485  -0.100   0.462   0.955   0.727  -0.070  -1.807  -0.209   0.915  -0.270
  -2.239  -0.420   0.864  -2.725  -0.376   0.895  -3.520  -0.482   0.895  -3.476
  -0.924   0.886  -1.206   0.065  -0.156   0.023  -0.348  -0.356   0.011  -0.416
  -0.336  -0.400  -0.710  -2.614
   5  17   1    118      0      0      0   2.050E-19   0.000E+00
   0.001   0.044   0.049   0.055   0.081   0.127   0.134   0.140   0.172   0.262
   0.300   0.324   0.327   0.341   0.395   0.518   0.996   1.587
  -0.026  -2.804  -6.745  -2.835  -1.562  -0.973   0.657  -1.314  -1.050  -0.771
  -0.692  -0.331   1.135  -0.971  -0.797  -0.487  -0.810  -2.569
   6  17   1    138      0      0      0   7.529E-19   0.000E+00
  -0.002   0.016   0.035   0.080   0.107   0.129   0.138   0.142   0.142   0.144
   0.149   0.151   0.154   0.155   0.161   0.192   0.201   0.202   0.207   0.211
   0.212   0.213   0.218   0.225   0.230   0.232   0.237   0.244   0.247   0.249
   0.256   0.269   0.272   0.352   0.459   0.587   1.007   1.623
   0.665  -0.337  -0.929  -1.361  -1.270  -0.822   0.004   0.846   2.103   0.737
  -0.405  -0.230   1.306  -0.786  -2.477  -1.470  -0.397   1.647  -1.511  -3.630
  -8.592  -3.702  -2.544  -1.491  -0.872   1.833  -3.968  -1.677   0.924  -1.346
  -1.284  -1.284   0.181  -0.190  -0.369  -0.272  -0.538  -2.348
   7  17   1    118      0      0      0   7.961E-18   0.000E+00
  -0.002   0.074   0.123   0.134   0.138   0.149   0.183   0.188   0.196   0.207
   0.211   0.270   0.346   0.428   0.481   0.597   1.021   1.609
   1.649   0.064  -1.242  -5.114  -1.833   0.172  -2.346  -5.176  -1.631   0.001
  -1.382  -1.009  -0.823  -1.009  -0.745  -0.574  -0.810  -2.552
   8  17   1    117      0      0      0   4.441E-18   0.000E+00
  -0.002   0.069   0.128   0.143   0.150   0.152   0.162   0.194   0.205   0.209
   0.308   0.363   0.454   0.616   0.797   0.961   1.559
   1.356   0.987   0.816   1.051  -0.634   0.377   0.527   0.516   0.767   0.366
   0.115  -0.099  -0.313  -0.495  -0.716  -0.836  -2.569
   9  17   1    125      0      0      0   2.291E-19   0.000E+00
   0.001   0.025   0.036   0.056   0.074   0.079   0.081   0.127   0.193   0.277
   0.319   0.332   0.355   0.436   0.449   0.458   0.470   0.473   0.505   0.538
   0.613   0.663   0.851   1.096   1.690
   0.079   0.404   0.930   2.540   1.325   2.749   0.969   0.288  -0.107  -0.533
  -0.627  -0.526  -0.711  -0.825  -0.591  -0.856  -0.550  -0.865  -0.905  -0.622
  -0.523  -0.537  -0.610  -0.828  -2.576
  10  17   1    122      0      0      0   2.721E-19   0.000E+00
  -0.000   0.041   0.100   0.129   0.195   0.213   0.219   0.261   0.265   0.272
   0.285   0.334   0.348   0.357   0.363   0.439   0.465   0.544   0.670   0.833
   1.114   1.694
   0.132   0.568   1.897   1.289   0.313  -0.416   0.568  -0.431   0.328  -0.040
  -0.205  -0.326  -0.123   0.493  -0.731  -0.762  -0.541  -0.762  -0.541  -0.528
  -0.786  -2.545
  11  17   1    112      0      0      0   5.105E-18   0.000E+00
  -0.000   0.085   0.174   0.342   0.409   0.427   0.466   0.472   0.569   0.687
   1.149   1.808
   1.407   2.193   0.569   0.269  -0.103  -0.393  -0.279  -0.470  -0.652  -0.476
  -0.755  -2.721
  12  17   1    140      0      0      0   5.168E-19   0.000E+00
   0.001   0.047   0.059   0.066   0.086   0.091   0.103   0.135   0.150   0.164
   0.199   0.214   0.223   0.225   0.232   0.233   0.238   0.246   0.249   0.253
   0.270   0.277   0.296   0.302   0.309   0.309   0.346   0.352   0.432   0.446
   0.465   0.471   0.477   0.491   0.572   0.642   0.710   0.758   1.164   1.712
   0.392  -0.727  -1.396  -2.904   1.743   0.575  -0.398  -1.545  -4.039  -1.110
   1.083   0.007   0.166   2.922  -4.260  -2.228  -2.027  -2.792  -6.836  -1.947
   1.031   0.126  -2.892   0.930   0.548  -1.766  -1.927   0.709   0.065   0.246
   0.146   0.307  -0.893  -0.310  -0.423  -0.393  -0.253  -0.262  -0.572  -2.228
  13  17   1    129      0      0      0   1.156E-20   0.000E+00
  -0.762  -0.696  -0.678  -0.572  -0.570  -0.471  -0.447  -0.319  -0.308  -0.151
  -0.145   0.049   0.060   0.158   0.260   0.289   0.305   0.318   0.345   0.473
   0.692   0.717   0.719   0.730   0.736   0.758   0.932   1.311   1.872
  -0.850  -1.002  -0.785  -0.989  -0.768  -0.945  -0.785  -1.006  -0.824  -1.128
  -0.924  -1.345  -1.084  -1.397  -1.776  -1.168   2.118  -0.328  -1.241  -1.931
  -2.535  -2.244  -0.992   1.385  -2.165  -2.586  -2.914  -3.345  -5.035
  14  17   1    138      0      0      0   2.012E-20   0.000E+00
  -0.690  -0.665  -0.577  -0.572  -0.469  -0.460  -0.397  -0.333  -0.287  -0.269
  -0.257  -0.234  -0.229  -0.210  -0.173  -0.137  -0.111  -0.072   0.014   0.075
   0.164   0.228   0.313   0.329   0.425   0.495   0.567   0.614   0.660   0.730
   0.743   0.755   0.759   0.770   0.810   0.874   1.338   1.936
  -1.490  -0.694  -0.885  -0.520  -0.715  -0.590  -0.593   0.262  -0.511  -0.607
  -0.582   0.423  -0.534  -0.774  -0.574  -0.844  -0.609  -0.935  -1.009  -0.974
  -0.455  -1.103  -0.290   1.669  -1.007  -1.669  -1.655  -1.880  -2.004  -2.022
  -1.524  -0.305  -1.335  -1.933  -2.205  -2.248  -2.648  -4.428
  15  17   1    131      0      0      0   6.005E-20   0.000E+00
  -0.746  -0.746  -0.685  -0.659  -0.579  -0.559  -0.460  -0.433  -0.332  -0.296
  -0.144   0.011   0.058   0.238   0.278   0.309   0.329   0.343   0.366   0.374
   0.395   0.465   0.628   0.727   0.743   0.752   0.767   0.826   0.973   1.349
   1.920
  -0.268   0.021  -0.101   0.206   0.046   0.249   0.064   0.192  -0.004   0.089
  -0.161  -0.550  -0.618  -1.121  -0.938  -0.175   2.335   0.400  -0.242   0.079
   0.267  -0.927  -1.447  -1.591  -1.359   0.333  -1.547  -1.856  -1.923  -2.345
  -4.104
  16  17   1    133      0      0      0   5.238E-20   0.000E+00
  -0.713  -0.703  -0.640  -0.611  -0.520  -0.507  -0.408  -0.391  -0.273  -0.264
  -0.196  -0.117  -0.109   0.002   0.068   0.128   0.196   0.281   0.335   0.355
   0.365   0.379   0.409   0.447   0.633   0.756   0.789   0.790   0.799   0.820
   1.007   1.397   1.952
  -0.259  -0.194  -0.406  -0.145  -0.434  -0.198  -0.569  -0.369  -0.980  -0.699
  -0.894  -0.744  -0.630  -0.581  -0.459  -0.597  -0.379  -0.983  -0.379   0.571
   2.489   0.559  -0.466  -0.845  -1.604  -1.966  -1.061   2.523  -1.187  -2.043
  -2.466  -2.845  -4.552
*** Line transitions
   1   2   0   0   4      0      0   0.000E+00   5.000E-02
   1   3  -1   0   1      0      0   1.840E+00   7.000E-01
  F  1  7  0.  0.
   1   4   0   0   4      0      0   0.000E+00   5.000E-02
   1   5   0   0   4      0      0   0.000E+00   5.000E-02
   1   6   0   0   4      0      0   0.000E+00   5.000E-02
   1   7   0   0   4      0      0   0.000E+00   5.000E-02
   1   8   0   0   4      0      0   0.000E+00   5.000E-02
   1   9   0   0   4      0      0   0.000E+00   5.000E-02
   1  10  -1   0   1      0      0   3.020E-03   2.000E-01
  F  1  7  0.  0.
   1  11   0   0   4      0      0   0.000E+00   5.000E-02
   1  12   0   0   4      0      0   0.000E+00   5.000E-02
   1  13   0   0   4      0      0   0.000E+00   5.000E-02
   1  14   0   0   4      0      0   0.000E+00   5.000E-02
   1  15  -1   0   1      0      0   6.611E-03   2.000E-01
  F  1  7  0.  0.
   1  16   0   0   4      0      0   0.000E+00   5.000E-02
   2   3   0   0   4      0      0   0.000E+00   5.000E-02
   2   4   0   0   4      0      0   0.000E+00   5.000E-02
   2   5  -1   0   1      0      0   1.300E-01   2.000E-01
  F  1  7  0.  0.
   2   6  -1   0   1      0      0   6.122E-01   2.000E-01
  F  1  7  0.  0.
   2   7   0   0   4      0      0   0.000E+00   5.000E-02
   2   8  -1   0   1      0      0   9.000E-01   2.000E-01
  F  1  7  0.  0.
   2   9   0   0   4      0      0   0.000E+00   5.000E-02
   2  10   0   0   4      0      0   0.000E+00   5.000E-02
   2  11   0   0   4      0      0   0.000E+00   5.000E-02
   2  12   0   0   4      0      0   0.000E+00   5.000E-02
   2  13  -1   0   1      0      0   1.018E-01   2.000E-01
  F  1  7  0.  0.
   2  14   0   0   4      0      0   0.000E+00   5.000E-02
   2  15   0   0   4      0      0   0.000E+00   5.000E-02
   2  16   0   0   4      0      0   0.000E+00   5.000E-02
   3   4  -1   0   1      0      0   5.600E-04   7.000E-01
  F  1  7  0.  0.
   3   5   0   0   4      0      0   0.000E+00   5.000E-02
   3   6   0   0   4      0      0   0.000E+00   5.000E-02
   3   7  -1   0   1      0      0   1.443E-01   2.000E-01
  F  1  7  0.  0.
   3   8   0   0   4      0      0   0.000E+00   5.000E-02
   3   9   0   0   4      0      0   0.000E+00   5.000E-02
   3  10   0   0   4      0      0   0.000E+00   5.000E-02
   3  11  -1   0   1      0      0   1.377E+00   2.000E-01
  F  1  7  0.  0.
   3  12  -1   0   1      0      0   1.977E-01   2.000E-01
  F  1  7  0.  0.
   3  13   0   0   4      0      0   0.000E+00   5.000E-02
   3  14   0   0   4      0      0   0.000E+00   5.000E-02
   3  15   0   0   4      0      0   0.000E+00   5.000E-02
   3  16  -1   0   1      0      0   6.336E-01   2.000E-01
  F  1  7  0.  0.
   4   5   0   0   4      0      0   0.000E+00   5.000E-02
   4   6   0   0   4      0      0   0.000E+00   5.000E-02
   4   7   0   0   4      0      0   0.000E+00   5.000E-02
   4   8   0   0   4      0      0   0.000E+00   5.000E-02
   4   9   0   0   4      0      0   0.000E+00   5.000E-02
   4  10  -1   0   1      0      0   1.200E-01   2.000E-01
  F  1  7  0.  0.
   4  11   0   0   4      0      0   0.000E+00   5.000E-02
   4  12   0   0   4      0      0   0.000E+00   5.000E-02
   4  13   0   0   4      0      0   0.000E+00   5.000E-02
   4  14   0   0   4      0      0   0.000E+00   5.000E-02
   4  15  -1   0   1      0      0   1.291E+00   2.000E-01
  F  1  7  0.  0.
   4  16   0   0   4      0      0   0.000E+00   5.000E-02
   5   6   0   0   4      0      0   0.000E+00   5.000E-02
   5   7   0   0   4      0      0   0.000E+00   5.000E-02
   5   8   0   0   4      0      0   0.000E+00   5.000E-02
   5   9  -1   0   1      0      0   1.257E+00   7.000E-01
  F  1  7  0.  0.
   5  10   0   0   4      0      0   0.000E+00   5.000E-02
   5  11   0   0   4      0      0   0.000E+00   5.000E-02
   5  12   0   0   4      0      0   0.000E+00   5.000E-02
   5  13   0   0   4      0      0   0.000E+00   5.000E-02
   5  14  -1   0   1      0      0   9.323E-01   2.000E-01
  F  1  7  0.  0.
   5  15   0   0   4      0      0   0.000E+00   5.000E-02
   5  16   0   0   4      0      0   0.000E+00   5.000E-02
   6   7   0   0   4      0      0   0.000E+00   5.000E-02
   6   8   0   0   4      0      0   0.000E+00   5.000E-02
   6   9  -1   0   1      0      0   6.533E-05   7.000E-01
  F  1  7  0.  0.
   6  10   0   0   4      0      0   0.000E+00   5.000E-02
   6  11   0   0   4      0      0   0.000E+00   5.000E-02
   6  12   0   0   4      0      0   0.000E+00   5.000E-02
   6  13   0   0   4      0      0   0.000E+00   5.000E-02
   6  14  -1   0   1      0      0   1.667E+00   2.000E-01
  F  1  7  0.  0.
   6  15   0   0   4      0      0   0.000E+00   5.000E-02
   6  16   0   0   4      0      0   0.000E+00   5.000E-02
   7   8   0   0   4      0      0   0.000E+00   5.000E-02
   7   9   0   0   4      0      0   0.000E+00   5.000E-02
   7  10  -1   0   1      0      0   1.030E+00   7.000E-01
  F  1  7  0.  0.
   7  11   0   0   4      0      0   0.000E+00   5.000E-02
   7  12   0   0   4      0      0   0.000E+00   5.000E-02
   7  13   0   0   4      0      0   0.000E+00   5.000E-02
   7  14   0   0   4      0      0   0.000E+00   5.000E-02
   7  15  -1   0   1      0      0   5.250E-01   2.000E-01
  F  1  7  0.  0.
   7  16   0   0   4      0      0   0.000E+00   5.000E-02
   8   9  -1   0   1      0      0   1.500E-01   7.000E-01
  F  1  7  0.  0.
   8  10   0   0   4      0      0   0.000E+00   5.000E-02
   8  11   0   0   4      0      0   0.000E+00   5.000E-02
   8  12   0   0   4      0      0   0.000E+00   5.000E-02
   8  13   0   0   4      0      0   0.000E+00   5.000E-02
   8  14  -1   0   1      0      0   1.578E+00   2.000E-01
  F  1  7  0.  0.
   8  15   0   0   4      0      0   0.000E+00   5.000E-02
   8  16   0   0   4      0      0   0.000E+00   5.000E-02
   9  10   0   0   4      0      0   0.000E+00   5.000E-02
   9  11   0   0   4      0      0   0.000E+00   5.000E-02
   9  12   0   0   4      0      0   0.000E+00   5.000E-02
   9  13  -1   0   1      0      0   1.490E+00   2.000E-01
  F  1  7  0.  0.
   9  14   0   0   4      0      0   0.000E+00   5.000E-02
   9  15   0   0   4      0      0   0.000E+00   5.000E-02
   9  16   0   0   4      0      0   0.000E+00   5.000E-02
  10  11  -1   0   1      0      0   1.487E-01   7.000E-01
  F  1  7  0.  0.
  10  12  -1   0   1      0      0   3.037E-05   7.000E-01
  F  1  7  0.  0.
  10  13   0   0   4      0      0   0.000E+00   5.000E-02
  10  14   0   0   4      0      0   0.000E+00   5.000E-02
  10  15   0   0   4      0      0   0.000E+00   5.000E-02
  10  16  -1   0   1      0      0   1.132E+00   2.000E-01
  F  1  7  0.  0.
  11  12   0   0   4      0      0   0.000E+00   5.000E-02
  11  13   0   0   4      0      0   0.000E+00   5.000E-02
  11  14   0   0   4      0      0   0.000E+00   5.000E-02
  11  15  -1   0   1      0      0   8.280E-01   2.000E-01
  F  1  7  0.  0.
  11  16   0   0   4      0      0   0.000E+00   5.000E-02
  12  13   0   0   4      0      0   0.000E+00   5.000E-02
  12  14   0   0   4      0      0   0.000E+00   5.000E-02
  12  15  -1   0   1      0      0   3.516E-02   2.000E-01
  F  1  7  0.  0.
  12  16   0   0   4      0      0   0.000E+00   5.000E-02
  13  14  -1   0   1      0      0   2.450E+00   7.000E-01
  F  1  7  0.  0.
  13  15   0   0   4      0      0   0.000E+00   5.000E-02
  13  16   0   0   4      0      0   0.000E+00   5.000E-02
  14  15   0   0   4      0      0   0.000E+00   5.000E-02
  14  16   0   0   4      0      0   0.000E+00   5.000E-02
  15  16  -1   0   1      0      0   2.279E+00   7.000E-01
  F  1  7  0.  0.
