****** Levels
 3.94868744E+15      6.    2  'si2  2Po 1'  0   0.  0
 2.66460496E+15     12.    2  'si2  4Pe 1'  0   0.  0
 2.29516959E+15     10.    2  'si2  2De 1'  0   0.  0
 1.98977607E+15      2.    3  'si2  2Se 1'  0   0.  0
 1.65488996E+15      2.    3  'si2  2Se 2'  0   0.  0
 1.57441193E+15     10.    3  'si2  2De 2'  0   0.  0
 1.51793325E+15      6.    3  'si2  2Po 2'  0   0.  0
 1.43678414E+15      6.    3  'si2  2Pe 1'  0   0.  0
 8.36128798E+14    198.    4  'si2 +2_e 1'  0   0.  0
 7.29541803E+14    266.    4  'si2 +2_o 2'  0   0.  0
 4.80634389E+14     76.    5  'si2 +4_o 4'  0   0.  0
 4.93753593E+13     20.   16  'si2  4De 1'  0   0.  0
****** Continuum transitions
   1  13   1    118      0      0      0   3.048E-19   0.000E+00
   0.001   0.009   0.012   0.025   0.066   0.094   0.096   0.130   0.142   0.149
   0.153   0.167   0.174   0.181   0.188   0.262   0.373   1.042
   0.146  -0.387   0.695   0.184  -0.155  -0.601  -0.116  -0.584  -0.387   0.038
  -0.459  -0.378  -0.099  -0.515  -0.387  -0.262  -0.236  -2.248
   2  13   1    110      0      0      0   8.583E-18   0.000E+00
   0.201   0.252   0.263   0.269   0.274   0.293   0.367   0.378   0.473   1.143
   0.332   0.005  -0.124   0.259  -0.020  -0.183  -0.425  -0.293  -0.183  -2.179
   3  13   1    108      0      0      0   1.016E-18   0.000E+00
   0.002   0.072   0.122   0.249   0.379   0.446   0.533   1.198
   0.703   0.634   1.379   0.331  -0.221  -0.290  -0.262  -2.276
   4  13   1    113      0      0      0   2.032E-19   0.000E+00
  -0.000   0.040   0.077   0.094   0.105   0.117   0.156   0.195   0.213   0.236
   0.353   0.568   1.238
   0.007   0.400   1.021   1.934   3.131   0.876  -0.529  -1.611  -3.365  -1.368
  -0.939  -0.490  -2.517
   5  13   1    118      0      0      0   2.975E-21   0.000E+00
  -0.000   0.019   0.051   0.064   0.078   0.093   0.094   0.103   0.114   0.119
   0.132   0.166   0.272   0.305   0.402   0.474   0.623   1.281
  -1.828  -1.741  -1.845  -1.707  -1.161   2.121   0.756   0.248   0.832   1.492
   0.108  -0.729   1.251   0.933   0.324  -0.069  -0.184  -2.121
   6  13   1    118      0      0      0   2.476E-21   0.000E+00
  -0.001   0.019   0.052   0.099   0.141   0.154   0.160   0.164   0.174   0.209
   0.217   0.219   0.228   0.243   0.306   0.472   0.638   1.324
  -1.949  -0.799   0.149   1.058   2.169   1.183  -1.456   1.261   2.160   1.164
  -0.393   2.082   1.348   0.884   0.729  -0.083  -0.424  -2.462
   7  13   1    122      0      0      0   4.424E-19   0.000E+00
  -0.000   0.025   0.033   0.042   0.054   0.059   0.063   0.066   0.089   0.116
   0.141   0.172   0.189   0.203   0.216   0.252   0.290   0.419   0.579   0.643
   0.670   1.332
   0.345   0.226  -0.040   0.033  -0.040  -0.415   0.931   0.079  -0.095  -0.150
  -0.067   0.244   0.976   1.544   2.542   0.683   0.079  -0.800  -0.910  -0.524
  -0.731  -2.690
   8  13   1    124      0      0      0   5.502E-20   0.000E+00
   0.003   0.024   0.053   0.093   0.109   0.123   0.139   0.159   0.180   0.192
   0.203   0.208   0.211   0.213   0.220   0.305   0.319   0.321   0.334   0.436
   0.475   0.547   0.673   1.332
  -0.569  -0.637  -0.586  -0.414   0.419   0.807   2.191   0.120   0.011   0.180
   0.608   1.322   3.150   1.352  -0.236   0.987   2.570   1.684   0.977   0.698
   0.259  -0.224  -0.362  -2.293
   9  13   1    142      0      0      0   1.624E-20   0.000E+00
  -0.783  -0.743  -0.709  -0.690  -0.686  -0.610  -0.608  -0.589  -0.583  -0.497
  -0.493  -0.470  -0.457  -0.356  -0.354  -0.333  -0.319  -0.201  -0.195  -0.163
  -0.151  -0.054  -0.025  -0.002   0.030   0.045   0.068   0.097   0.110   0.169
   0.201   0.260   0.388   0.452   0.479   0.495   0.596   0.767   0.804   0.810
   0.847   1.546
  -0.646  -0.763  -0.523  -0.542  -0.403  -0.568  -0.413  -0.468  -0.351  -0.546
  -0.442  -0.481  -0.393  -0.643  -0.552  -0.627  -0.513  -0.840  -0.785  -0.902
  -0.750  -1.064  -1.103  -1.080  -1.216  -1.012  -1.148  -1.103  -1.224  -1.138
  -1.569  -0.966  -1.604  -0.397   2.983  -0.569  -1.776  -2.310   0.259  -1.707
  -2.535  -4.707
  10  13   1    134      0      0      0   1.408E-20   0.000E+00
  -0.670  -0.656  -0.639  -0.560  -0.537  -0.443  -0.419  -0.380  -0.351  -0.304
  -0.263  -0.247  -0.214  -0.188  -0.173  -0.140  -0.114  -0.106  -0.085  -0.071
  -0.069  -0.038   0.023   0.038   0.095   0.107   0.119   0.240   0.351   0.484
   0.532   0.548   0.623   1.584
  -0.959  -1.012  -0.533  -0.782  -0.490  -0.753  -0.538  -0.629  -0.571  -0.624
  -0.164  -0.308   0.123  -0.327  -0.284  -0.954  -0.169  -0.811  -0.887  -0.399
  -0.863  -1.093  -1.189  -0.873  -1.083  -0.035  -1.294  -1.504  -2.035  -0.172
   2.310  -0.035  -1.155  -4.104
  11  13   1    122      0      0      0   0.000E+00   0.000E+00
   0.577   0.580   0.602   0.618   0.643   0.647   0.654   0.677   0.686   0.688
   0.694   0.702   0.727   0.739   0.739   0.750   0.770   0.827   1.038   1.072
   1.154   1.812
  -1.435  -0.979  -0.138  -0.168   0.363   1.233   0.144   0.102   0.338   1.199
   0.254   0.735   0.186   0.507   1.444   0.248  -0.359  -0.828  -0.938  -1.269
  -1.421  -3.476
  12  13   1      2      0      0      0   6.454E-18   0.000E+00
   3.000  32.269   1.000   0.000
*** Line transitions
   1   2   0   0   4      0      0   0.000E+00   5.000E-02
   1   3  -1   0   1      0      0   2.500E-03   2.000E-01
  F  1  7  0.  0.
   1   4  -1   0   1      0      0   1.310E-01   2.000E-01
  F  1  7  0.  0.
   1   5  -1   0   1      0      0   8.850E-02   2.000E-01
  F  1  7  0.  0.
   1   6  -1   0   1      0      0   1.178E+00   2.000E-01
  F  1  7  0.  0.
   1   7   0   0   4      0      0   0.000E+00   5.000E-02
   1   8  -1   0   1      0      0   8.867E-01   2.000E-01
  F  1  7  0.  0.
   1   9  -1   0   1      0      0   2.773E-01   2.000E-01
  F  1  7  0.  0.
   1  10   0   0   4      0      0   0.000E+00   5.000E-02
   1  11   0   0   4      0      0   0.000E+00   5.000E-02
   1  12   0   0   4      0      0   0.000E+00   5.000E-02
   2   3   0   0   4      0      0   0.000E+00   5.000E-02
   2   4   0   0   4      0      0   0.000E+00   5.000E-02
   2   5   0   0   4      0      0   0.000E+00   5.000E-02
   2   6   0   0   4      0      0   0.000E+00   5.000E-02
   2   7   0   0   4      0      0   0.000E+00   5.000E-02
   2   8   0   0   4      0      0   0.000E+00   5.000E-02
   2   9   0   0   4      0      0   0.000E+00   5.000E-02
   2  10   0   0   4      0      0   0.000E+00   5.000E-02
   2  11  -1   0   1      0      0   2.215E+00   2.000E-01
  F  1  7  0.  0.
   2  12   0   0   4      0      0   0.000E+00   5.000E-02
   3   4   0   0   4      0      0   0.000E+00   5.000E-02
   3   5   0   0   4      0      0   0.000E+00   5.000E-02
   3   6   0   0   4      0      0   0.000E+00   5.000E-02
   3   7  -1   0   1      0      0   5.970E-02   2.000E-01
  F  1  7  0.  0.
   3   8   0   0   4      0      0   0.000E+00   5.000E-02
   3   9   0   0   4      0      0   0.000E+00   5.000E-02
   3  10  -1   0   1      0      0   4.997E-01   2.000E-01
  F  1  7  0.  0.
   3  11   0   0   4      0      0   0.000E+00   5.000E-02
   3  12   0   0   4      0      0   0.000E+00   5.000E-02
   4   5   0   0   4      0      0   0.000E+00   5.000E-02
   4   6   0   0   4      0      0   0.000E+00   5.000E-02
   4   7  -1   0   1      0      0   1.125E+00   7.000E-01
  F  1  7  0.  0.
   4   8   0   0   4      0      0   0.000E+00   5.000E-02
   4   9   0   0   4      0      0   0.000E+00   5.000E-02
   4  10  -1   0   1      0      0   4.955E-02   2.000E-01
  F  1  7  0.  0.
   4  11   0   0   4      0      0   0.000E+00   5.000E-02
   4  12   0   0   4      0      0   0.000E+00   5.000E-02
   5   6   0   0   4      0      0   0.000E+00   5.000E-02
   5   7  -1   0   1      0      0   2.490E-03   7.000E-01
  F  1  7  0.  0.
   5   8   0   0   4      0      0   0.000E+00   5.000E-02
   5   9   0   0   4      0      0   0.000E+00   5.000E-02
   5  10  -1   0   1      0      0   1.603E-01   2.000E-01
  F  1  7  0.  0.
   5  11   0   0   4      0      0   0.000E+00   5.000E-02
   5  12   0   0   4      0      0   0.000E+00   5.000E-02
   6   7  -1   0   1      0      0   2.340E-02   7.000E-01
  F  1  7  0.  0.
   6   8   0   0   4      0      0   0.000E+00   5.000E-02
   6   9   0   0   4      0      0   0.000E+00   5.000E-02
   6  10  -1   0   1      0      0   7.357E-01   2.000E-01
  F  1  7  0.  0.
   6  11   0   0   4      0      0   0.000E+00   5.000E-02
   6  12   0   0   4      0      0   0.000E+00   5.000E-02
   7   8  -1   0   1      0      0   1.883E-05   7.000E-01
  F  1  7  0.  0.
   7   9  -1   0   1      0      0   1.381E+00   2.000E-01
  F  1  7  0.  0.
   7  10   0   0   4      0      0   0.000E+00   5.000E-02
   7  11   0   0   4      0      0   0.000E+00   5.000E-02
   7  12   0   0   4      0      0   0.000E+00   5.000E-02
   8   9   0   0   4      0      0   0.000E+00   5.000E-02
   8  10  -1   0   1      0      0   8.100E-02   2.000E-01
  F  1  7  0.  0.
   8  11   0   0   4      0      0   0.000E+00   5.000E-02
   8  12   0   0   4      0      0   0.000E+00   5.000E-02
   9  10  -1   0   1      0      0   2.893E+00   7.000E-01
  F  1  7  0.  0.
   9  11   0   0   4      0      0   0.000E+00   5.000E-02
   9  12   0   0   4      0      0   0.000E+00   5.000E-02
  10  11   0   0   4      0      0   0.000E+00   5.000E-02
  10  12   0   0   4      0      0   0.000E+00   5.000E-02
  11  12  -1   0   1      0      0   1.535E-01   2.000E-01
  F  1  7  0.  0.
