****** Levels
 1.96759297E+15      9.    1  'si1  3Pe 1'  0   0.  0
 1.78314855E+15      5.    1  'si1  1De 1'  0   0.  0
 1.51033384E+15      1.    1  'si1  1Se 1'  0   0.  0
 9.72478038E+14      5.    2  'si1  5So 1'  0   0.  0
 6.13224492E+14     15.    2  'si1  3Do 1'  0   0.  0
 5.53811135E+14      3.    2  'si1  1Pe 1'  0   0.  0
 5.51787904E+14      5.    2  'si1  1Do 1'  0   0.  0
 5.27496173E+14     15.    2  'si1  3De 1'  0   0.  0
 3.78988317E+14    138.    3  'si1 +3_o 4'  0   0.  0
 3.33480756E+14    129.    3  'si1 +3_e 3'  0   0.  0
 3.29302390E+14     44.    3  'si1 +1_e 1'  0   0.  0
 3.08954916E+14     36.    3  'si1 +1_o 2'  0   0.  0
 7.25157077E+13    340.    7  'si1 +1_o 6'  0   0.  0
 7.17554566E+13   1005.    7  'si1 +3_o 8'  0   0.  0
 6.81358100E+13    349.    7  'si1 +1_e 5'  0   0.  0
 6.79956321E+13   1044.    7  'si1 +3_e 7'  0   0.  0
****** Continuum transitions
   1  17   1    127      0      0      0   6.890E-18   0.000E+00
   0.002   0.049   0.122   0.128   0.133   0.138   0.140   0.143   0.146   0.148
   0.152   0.168   0.171   0.173   0.174   0.176   0.179   0.184   0.186   0.187
   0.187   0.188   0.192   0.218   0.350   0.365   1.036
   1.834   1.752   1.400   1.333   1.190   0.676   0.626   1.347   1.395   1.579
   1.486   1.269   1.080   0.528   1.269   1.493   1.362   1.245   1.065   0.587
   1.116   1.410   1.297   1.123   0.434   0.179  -1.814
   2  17   1    107      0      0      0   3.492E-18   0.000E+00
  -0.000   0.058   0.117   0.205   0.218   0.393   1.059
   1.543   1.647   1.983   1.215   1.336   0.353  -1.655
   3  17   1    120      0      0      0   2.500E-18   0.000E+00
   0.006   0.056   0.090   0.102   0.135   0.152   0.192   0.243   0.250   0.252
   0.253   0.254   0.256   0.258   0.269   0.276   0.281   0.430   0.438   1.110
   1.362   1.086   0.612   0.198   1.733   2.112   1.776   1.523   1.528   1.654
   2.957   1.670   1.482   1.453   1.410   1.387   1.395   0.588   0.520  -1.509
   4  17   1    104      0      0      0   6.906E-17   0.000E+00
   0.349   0.486   0.567   1.051
   1.731   1.297   0.919  -0.514
   5  17   1    119      0      0      0   1.509E-18   0.000E+00
   0.005   0.152   0.227   0.251   0.272   0.278   0.323   0.353   0.366   0.371
   0.380   0.457   0.464   0.486   0.508   0.513   0.598   0.710   1.396
   1.172   0.997   0.934   1.040   1.472   0.955   0.707   0.890   2.456   1.005
   0.451   0.618   1.664   1.506   0.873   1.576   1.752   1.110  -0.917
   6  17   1    112      0      0      0   1.269E-18   0.000E+00
  -0.000   0.208   0.296   0.352   0.464   0.488   0.601   0.619   0.641   0.673
   0.745   1.423
   1.103   0.457   0.647   0.698   0.509   0.388   0.983   2.569   1.078   1.897
   0.965  -1.112
   7  17   1    114      0      0      0   3.452E-18   0.000E+00
   0.005   0.336   0.376   0.400   0.414   0.438   0.504   0.510   0.552   0.554
   0.664   0.732   0.771   1.423
   1.528   0.876   0.824   0.959   1.476   0.793  -0.272   2.717  -0.231   1.633
   1.959   1.117   0.907  -1.038
   8  17   1    127      0      0      0   1.795E-18   0.000E+00
  -0.003   0.115   0.246   0.379   0.390   0.438   0.450   0.455   0.479   0.513
   0.523   0.529   0.540   0.554   0.609   0.621   0.631   0.640   0.644   0.666
   0.678   0.684   0.694   0.735   0.754   0.776   1.441
   1.259   1.060   0.690   0.164   0.284   0.147  -0.011   0.280  -0.095   0.407
   0.981   2.246   0.026  -0.337   0.709   1.387   2.681   1.465   2.324   1.284
   1.762   2.790   1.284   0.552   1.127   0.939  -1.060
   9  17   1    141      0      0      0   3.112E-20   0.000E+00
  -0.379  -0.327  -0.316  -0.291  -0.265  -0.181  -0.174  -0.141  -0.132  -0.053
  -0.044   0.073   0.097   0.245   0.269   0.439   0.458   0.510   0.527   0.540
   0.554   0.557   0.575   0.590   0.609   0.628   0.655   0.678   0.685   0.698
   0.713   0.725   0.745   0.764   0.771   0.786   0.821   0.839   0.855   0.910
   1.582
  -0.649  -0.684  -0.703  -0.705  -0.408  -0.614  -0.324  -0.390  -0.348  -0.476
  -0.420  -0.651  -0.151  -0.432  -0.443  -0.818  -0.795  -0.981  -0.411  -0.952
  -1.117  -0.906  -0.958  -0.667  -0.754  -0.644   0.135  -0.545  -0.627  -0.057
  -0.470  -0.092  -0.214   0.368   0.025   0.403   2.079   0.403  -0.272  -0.538
  -2.545
  10  17   1    142      0      0      0   5.839E-20   0.000E+00
  -0.334  -0.325  -0.252  -0.214  -0.195  -0.138  -0.125  -0.122  -0.105  -0.104
   0.167   0.177   0.336   0.501   0.581   0.586   0.617   0.627   0.644   0.657
   0.670   0.688   0.693   0.701   0.714   0.721   0.727   0.739   0.760   0.770
   0.784   0.803   0.826   0.848   0.855   0.865   0.872   0.884   0.885   0.906
   0.964   1.631
  -0.853  -0.281  -0.379  -0.286  -0.093  -0.247  -0.249  -0.153  -0.189  -0.059
  -0.515  -0.320  -0.548  -1.024  -1.448  -1.216  -1.341  -0.857  -1.566  -0.615
  -1.655  -1.566  -0.381  -1.593  -1.036   0.273  -0.938  -1.449  -0.695   0.964
  -0.561  -1.072  -0.202   1.404   0.381   2.095   0.354   2.319   0.704  -0.569
  -0.714  -2.731
  11  17   1    125      0      0      0   1.521E-19   0.000E+00
  -0.347  -0.306  -0.233  -0.205  -0.194  -0.178  -0.168  -0.149  -0.134  -0.089
  -0.086   0.105   0.108   0.145   0.154   0.470   0.523   0.665   0.719   0.786
   0.817   0.897   0.897   0.955   1.617
  -0.213   0.146  -0.010   0.094   0.319   0.273   0.407   0.352   0.417   0.296
   0.383  -0.062   0.126   0.031   0.162  -0.507  -0.507  -0.952  -1.366  -0.207
  -0.155   2.638   1.076  -0.393  -2.390
  12  17   1    121      0      0      0   1.350E-19   0.000E+00
  -0.264  -0.213  -0.197  -0.165  -0.165  -0.044  -0.037   0.020   0.029   0.079
   0.081   0.488   0.576   0.652   0.777   0.799   0.852   0.915   0.928   0.964
   1.653
  -0.724  -0.431  -0.462   0.142   0.404   0.097   0.200   0.093   0.111   0.004
   0.328  -0.683  -0.517  -0.828  -0.466   0.341   0.238   2.245   1.148  -0.186
  -2.276
  13  17   1    146      0      0      0   2.339E-19   0.000E+00
  -0.287  -0.273  -0.250  -0.247  -0.172  -0.154  -0.141  -0.037  -0.022   0.087
   0.114   0.254   0.271   0.680   1.059   1.090   1.106   1.146   1.158   1.301
   1.393   1.414   1.433   1.444   1.446   1.453   1.467   1.498   1.504   1.509
   1.511   1.512   1.515   1.521   1.523   1.526   1.530   1.536   1.542   1.544
   1.548   1.549   1.553   1.564   1.579   2.174
  -0.075  -0.091   0.043   0.432   0.241   0.263   0.482   0.231   0.429   0.138
   0.307  -0.078   0.099  -1.048  -1.945  -1.938  -1.786  -1.840  -1.992  -2.046
  -1.678  -1.452  -0.923   2.284  -0.199  -1.074  -1.344  -0.956  -0.513   0.220
   2.062   0.306  -0.163   0.203   0.868   3.299   0.902  -0.044   0.220   0.911
   2.821   0.843  -0.240  -0.948  -1.257  -3.062
  14  17   1    146      0      0      0   7.933E-20   0.000E+00
  -0.308  -0.258  -0.243  -0.158  -0.137  -0.039  -0.021   0.084   0.111   0.260
   0.266   0.808   0.915   0.968   0.989   1.083   1.197   1.266   1.296   1.335
   1.347   1.361   1.381   1.436   1.445   1.450   1.450   1.460   1.499   1.510
   1.514   1.515   1.515   1.517   1.521   1.529   1.531   1.534   1.542   1.547
   1.550   1.552   1.552   1.556   1.580   2.174
  -0.539  -0.618  -0.064  -0.231   0.009  -0.195  -0.049  -0.307  -0.195  -0.530
  -0.432  -1.931  -1.959  -2.110  -2.359  -2.320  -2.800  -2.120  -2.264  -1.831
  -2.208  -1.031  -2.031  -1.409  -0.587   1.534  -0.676  -1.342  -1.311  -0.612
   0.169   2.379   0.316  -0.431  -0.601   0.619   2.289   0.666  -0.476   0.413
   0.750   2.278   0.966  -0.298  -1.598  -3.379
  15  17   1    151      0      0      0   3.053E-19   0.000E+00
  -0.305  -0.272  -0.231  -0.224  -0.212  -0.177  -0.128  -0.112  -0.067  -0.019
  -0.000   0.050   0.122   0.136   0.196   0.203   0.278   0.295   0.318   0.984
   1.059   1.363   1.379   1.383   1.385   1.388   1.398   1.428   1.454   1.463
   1.469   1.470   1.471   1.471   1.471   1.477   1.481   1.498   1.533   1.538
   1.542   1.550   1.555   1.557   1.564   1.570   1.574   1.578   1.597   1.619
   2.212
   0.072   0.175   0.179   0.438   0.463   0.453   0.385   0.527   0.497   0.367
   0.485   0.430   0.259   0.362   0.259   0.277   0.086   0.170   0.162  -1.697
  -1.669  -2.593  -2.423  -0.762   1.932  -2.067  -2.430  -1.661  -1.499  -0.320
   0.711   1.056   1.401   3.228   1.244  -0.097  -0.951  -1.549  -0.692   2.039
  -0.506   0.648   3.479   0.884  -0.184   0.462   2.659  -0.146  -1.164  -1.352
  -3.145
  16  17   1    154      0      0      0   8.734E-20   0.000E+00
  -0.282  -0.270  -0.229  -0.221  -0.122  -0.119  -0.008  -0.004   0.124   0.131
   0.277   0.291   1.037   1.091   1.124   1.271   1.301   1.317   1.376   1.382
   1.385   1.385   1.387   1.392   1.398   1.406   1.417   1.436   1.449   1.459
   1.466   1.468   1.472   1.473   1.477   1.489   1.527   1.534   1.538   1.538
   1.539   1.542   1.549   1.552   1.555   1.559   1.566   1.569   1.574   1.575
   1.576   1.583   1.603   2.206
  -0.578  -0.418  -0.426  -0.052  -0.201  -0.004  -0.181  -0.052  -0.253  -0.160
  -0.446  -0.337  -2.193  -2.510  -2.474  -2.967  -2.335  -3.069  -3.195  -2.840
  -1.253   1.606  -1.436  -2.950  -3.134  -3.024  -2.401  -2.046  -2.120  -2.291
  -1.912  -1.057   2.705  -0.471  -1.533  -1.985  -1.851  -1.216  -0.092   2.644
   0.055  -1.081  -0.495   0.323   2.766   0.091  -0.837  -0.910  -0.251   3.255
   0.164  -1.375  -2.010  -3.890
*** Line transitions
   1   2   0   0   4      0      0   0.000E+00   5.000E-02
   1   3   0   0   4      0      0   0.000E+00   5.000E-02
   1   4   0   0   4      0      0   0.000E+00   5.000E-02
   1   5  -1   0   1      0      0   5.100E-02   2.000E-01
  F  1  7  0.  0.
   1   6   0   0   4      0      0   0.000E+00   5.000E-02
   1   7   0   0   4      0      0   0.000E+00   5.000E-02
   1   8   0   0   4      0      0   0.000E+00   5.000E-02
   1   9  -1   0   1      0      0   5.662E-01   2.000E-01
  F  1  7  0.  0.
   1  10   0   0   4      0      0   0.000E+00   5.000E-02
   1  11   0   0   4      0      0   0.000E+00   5.000E-02
   1  12   0   0   4      0      0   0.000E+00   5.000E-02
   1  13   0   0   4      0      0   0.000E+00   5.000E-02
   1  14  -1   0   1      0      0   3.150E-01   2.000E-01
  F  1  7  0.  0.
   1  15   0   0   4      0      0   0.000E+00   5.000E-02
   1  16   0   0   4      0      0   0.000E+00   5.000E-02
   2   3   0   0   4      0      0   0.000E+00   5.000E-02
   2   4   0   0   4      0      0   0.000E+00   5.000E-02
   2   5   0   0   4      0      0   0.000E+00   5.000E-02
   2   6   0   0   4      0      0   0.000E+00   5.000E-02
   2   7  -1   0   1      0      0   4.060E-02   2.000E-01
  F  1  7  0.  0.
   2   8   0   0   4      0      0   0.000E+00   5.000E-02
   2   9   0   0   4      0      0   0.000E+00   5.000E-02
   2  10   0   0   4      0      0   0.000E+00   5.000E-02
   2  11   0   0   4      0      0   0.000E+00   5.000E-02
   2  12  -1   0   1      0      0   5.352E-01   2.000E-01
  F  1  7  0.  0.
   2  13  -1   0   1      0      0   1.696E-01   2.000E-01
  F  1  7  0.  0.
   2  14   0   0   4      0      0   0.000E+00   5.000E-02
   2  15   0   0   4      0      0   0.000E+00   5.000E-02
   2  16   0   0   4      0      0   0.000E+00   5.000E-02
   3   4   0   0   4      0      0   0.000E+00   5.000E-02
   3   5   0   0   4      0      0   0.000E+00   5.000E-02
   3   6   0   0   4      0      0   0.000E+00   5.000E-02
   3   7   0   0   4      0      0   0.000E+00   5.000E-02
   3   8   0   0   4      0      0   0.000E+00   5.000E-02
   3   9   0   0   4      0      0   0.000E+00   5.000E-02
   3  10   0   0   4      0      0   0.000E+00   5.000E-02
   3  11   0   0   4      0      0   0.000E+00   5.000E-02
   3  12  -1   0   1      0      0   6.063E-01   2.000E-01
  F  1  7  0.  0.
   3  13  -1   0   1      0      0   1.465E-01   2.000E-01
  F  1  7  0.  0.
   3  14   0   0   4      0      0   0.000E+00   5.000E-02
   3  15   0   0   4      0      0   0.000E+00   5.000E-02
   3  16   0   0   4      0      0   0.000E+00   5.000E-02
   4   5   0   0   4      0      0   0.000E+00   5.000E-02
   4   6   0   0   4      0      0   0.000E+00   5.000E-02
   4   7   0   0   4      0      0   0.000E+00   5.000E-02
   4   8   0   0   4      0      0   0.000E+00   5.000E-02
   4   9   0   0   4      0      0   0.000E+00   5.000E-02
   4  10   0   0   4      0      0   0.000E+00   5.000E-02
   4  11   0   0   4      0      0   0.000E+00   5.000E-02
   4  12   0   0   4      0      0   0.000E+00   5.000E-02
   4  13   0   0   4      0      0   0.000E+00   5.000E-02
   4  14   0   0   4      0      0   0.000E+00   5.000E-02
   4  15   0   0   4      0      0   0.000E+00   5.000E-02
   4  16   0   0   4      0      0   0.000E+00   5.000E-02
   5   6   0   0   4      0      0   0.000E+00   5.000E-02
   5   7   0   0   4      0      0   0.000E+00   5.000E-02
   5   8  -1   0   1      0      0   1.407E-02   7.000E-01
  F  1  7  0.  0.
   5   9   0   0   4      0      0   0.000E+00   5.000E-02
   5  10  -1   0   1      0      0   1.397E-01   2.000E-01
  F  1  7  0.  0.
   5  11   0   0   4      0      0   0.000E+00   5.000E-02
   5  12   0   0   4      0      0   0.000E+00   5.000E-02
   5  13   0   0   4      0      0   0.000E+00   5.000E-02
   5  14   0   0   4      0      0   0.000E+00   5.000E-02
   5  15   0   0   4      0      0   0.000E+00   5.000E-02
   5  16  -1   0   1      0      0   9.315E-02   2.000E-01
  F  1  7  0.  0.
   6   7  -1   0   1      0      0   0.000E+00   7.000E-01
  F  1  7  0.  0.
   6   8   0   0   4      0      0   0.000E+00   5.000E-02
   6   9   0   0   4      0      0   0.000E+00   5.000E-02
   6  10   0   0   4      0      0   0.000E+00   5.000E-02
   6  11   0   0   4      0      0   0.000E+00   5.000E-02
   6  12  -1   0   1      0      0   1.015E+00   2.000E-01
  F  1  7  0.  0.
   6  13  -1   0   1      0      0   8.952E-02   2.000E-01
  F  1  7  0.  0.
   6  14   0   0   4      0      0   0.000E+00   5.000E-02
   6  15   0   0   4      0      0   0.000E+00   5.000E-02
   6  16   0   0   4      0      0   0.000E+00   5.000E-02
   7   8   0   0   4      0      0   0.000E+00   5.000E-02
   7   9   0   0   4      0      0   0.000E+00   5.000E-02
   7  10   0   0   4      0      0   0.000E+00   5.000E-02
   7  11  -1   0   1      0      0   3.136E-01   2.000E-01
  F  1  7  0.  0.
   7  12   0   0   4      0      0   0.000E+00   5.000E-02
   7  13   0   0   4      0      0   0.000E+00   5.000E-02
   7  14   0   0   4      0      0   0.000E+00   5.000E-02
   7  15  -1   0   1      0      0   2.410E-01   2.000E-01
  F  1  7  0.  0.
   7  16   0   0   4      0      0   0.000E+00   5.000E-02
   8   9  -1   0   1      0      0   9.366E-01   7.000E-01
  F  1  7  0.  0.
   8  10   0   0   4      0      0   0.000E+00   5.000E-02
   8  11   0   0   4      0      0   0.000E+00   5.000E-02
   8  12   0   0   4      0      0   0.000E+00   5.000E-02
   8  13   0   0   4      0      0   0.000E+00   5.000E-02
   8  14  -1   0   1      0      0   1.039E-01   2.000E-01
  F  1  7  0.  0.
   8  15   0   0   4      0      0   0.000E+00   5.000E-02
   8  16   0   0   4      0      0   0.000E+00   5.000E-02
   9  10  -1   0   1      0      0   1.099E+00   7.000E-01
  F  1  7  0.  0.
   9  11   0   0   4      0      0   0.000E+00   5.000E-02
   9  12   0   0   4      0      0   0.000E+00   5.000E-02
   9  13   0   0   4      0      0   0.000E+00   5.000E-02
   9  14   0   0   4      0      0   0.000E+00   5.000E-02
   9  15   0   0   4      0      0   0.000E+00   5.000E-02
   9  16  -1   0   1      0      0   5.662E-01   2.000E-01
  F  1  7  0.  0.
  10  11   0   0   4      0      0   0.000E+00   5.000E-02
  10  12   0   0   4      0      0   0.000E+00   5.000E-02
  10  13   0   0   4      0      0   0.000E+00   5.000E-02
  10  14  -1   0   1      0      0   1.195E+00   2.000E-01
  F  1  7  0.  0.
  10  15   0   0   4      0      0   0.000E+00   5.000E-02
  10  16   0   0   4      0      0   0.000E+00   5.000E-02
  11  12  -1   0   1      0      0   1.051E+00   7.000E-01
  F  1  7  0.  0.
  11  13  -1   0   1      0      0   1.186E+00   2.000E-01
  F  1  7  0.  0.
  11  14   0   0   4      0      0   0.000E+00   5.000E-02
  11  15   0   0   4      0      0   0.000E+00   5.000E-02
  11  16   0   0   4      0      0   0.000E+00   5.000E-02
  12  13   0   0   4      0      0   0.000E+00   5.000E-02
  12  14   0   0   4      0      0   0.000E+00   5.000E-02
  12  15  -1   0   1      0      0   6.404E-01   2.000E-01
  F  1  7  0.  0.
  12  16   0   0   4      0      0   0.000E+00   5.000E-02
  13  14   0   0   4      0      0   0.000E+00   5.000E-02
  13  15  -1   0   1      0      0   2.689E+00   7.000E-01
  F  1  7  0.  0.
  13  16   0   0   4      0      0   0.000E+00   5.000E-02
  14  15   0   0   4      0      0   0.000E+00   5.000E-02
  14  16  -1   0   1      0      0   2.757E+00   7.000E-01
  F  1  7  0.  0.
  15  16   0   0   4      0      0   0.000E+00   5.000E-02
