****** Levels
 3.29213136E+15      9.    1  'o1   3Pe 1'  0   0.  0
 2.81853175E+15      5.    1  'o1   1De 1'  0   0.  0
 2.28089446E+15      1.    1  'o1   1Se 1'  0   0.  0
 1.08185723E+15      5.    2  'o1   5So 1'  0   0.  0
 9.91070683E+14      3.    2  'o1   3So 1'  0   0.  0
 6.96103469E+14     15.    2  'o1   5Pe 1'  0   0.  0
 6.36059424E+14      9.    2  'o1   3Pe 2'  0   0.  0
 2.59057965E+14    215.    4  'o1  +5_o 5'  0   0.  0
 2.53412499E+14    144.    4  'o1  +3_o 3'  0   0.  0
 2.15208631E+14      5.    4  'o1   1Do 1'  0   0.  0
 1.55759774E+14    315.    5  'o1  +5_e 4'  0   0.  0
 1.48465913E+14    189.    5  'o1  +3_e 2'  0   0.  0
****** Continuum transitions
   1  13   1    106      0      0      0   3.814E-19   0.000E+00
  -0.000   0.038   0.133   0.264   0.601   1.270
   0.581   0.567   1.050   1.086   0.750  -1.267
   2  13   1    114      0      0      0   4.649E-37   0.000E+00
   0.113   0.114   0.114   0.115   0.116   0.129   0.152   0.152   0.212   0.234
   0.262   0.291   0.635   1.313
   0.922   1.074   2.255   0.772   0.837   0.902   0.930   1.007   1.078   1.129
   1.371   1.155   0.750  -1.241
   3  13   1    179      0      0      0   0.000E+00   0.000E+00
   0.136   0.137   0.137   0.138   0.142   0.143   0.144   0.146   0.154   0.155
   0.156   0.156   0.157   0.158   0.159   0.162   0.162   0.162   0.163   0.166
   0.167   0.167   0.167   0.168   0.168   0.168   0.170   0.170   0.171   0.172
   0.173   0.173   0.173   0.174   0.175   0.175   0.175   0.176   0.176   0.176
   0.177   0.177   0.178   0.178   0.178   0.178   0.179   0.179   0.179   0.179
   0.179   0.179   0.180   0.180   0.180   0.180   0.180   0.180   0.180   0.180
   0.181   0.181   0.181   0.181   0.181   0.181   0.181   0.181   0.181   0.181
   0.181   0.181   0.230   0.274   0.313   0.445   0.568   0.721   1.390
   0.859   1.219   2.448   0.666  -2.119  -4.423  -2.643  -1.810  -1.147  -1.456
  -3.553   1.924   0.442   0.859   2.448  -2.396  -5.960  -2.705  -1.733  -1.131
  -1.545  -4.423   1.508   0.464   0.922   2.456  -1.987  -4.613  -1.829  -1.165
  -2.715   1.666   0.448   2.456  -5.071  -2.697  -1.750  -1.181  -2.418   1.808
   0.499   2.416  -4.581  -1.795  -1.156  -2.861   1.810   0.433   2.400  -2.156
  -5.351  -1.894  -1.206  -1.513  -3.714   1.957   0.462   2.437   0.058  -2.079
  -5.042  -2.597  -1.626  -1.124  -1.497  -5.787   2.195   0.819   0.462   1.029
   2.324   0.964   1.003   0.948   1.244   1.058   0.958   0.767  -1.241
   4  13   1    116      0      0      0   4.770E-21   0.000E+00
   0.004   0.064   0.142   0.431   0.495   0.520   0.527   0.530   0.550   0.553
   0.556   0.562   0.594   0.747   0.996   1.569
  -1.293  -0.810  -0.604  -0.414  -0.138   0.552   2.199   0.536  -2.135  -5.478
  -2.807  -1.983  -1.069  -1.069  -1.293  -3.052
   5  13   1    132      0      0      0   4.145E-21   0.000E+00
  -0.001   0.047   0.067   0.100   0.108   0.112   0.122   0.166   0.178   0.182
   0.183   0.187   0.196   0.203   0.205   0.213   0.217   0.220   0.227   0.231
   0.234   0.251   0.345   0.456   0.502   0.534   0.566   0.591   0.623   0.683
   1.032   1.705
  -1.401  -0.204   0.967  -1.842  -4.596  -2.765  -1.649  -0.396   0.776  -1.313
  -3.398  -0.823   0.774  -5.532  -1.512   0.691  -5.629  -1.443   0.623  -4.431
  -0.975  -0.396  -0.369  -0.428  -0.276  -0.000   1.807  -0.290  -0.772  -0.979
  -1.503  -3.559
   6  13   1    120      0      0      0   4.909E-19   0.000E+00
   0.004   0.110   0.235   0.338   0.527   0.665   0.698   0.707   0.712   0.714
   0.715   0.716   0.718   0.720   0.722   0.726   0.750   0.957   1.167   1.665
   0.672   0.112  -0.379  -0.491  -0.457  -0.500  -0.464  -0.397  -0.247   0.049
   0.653  -0.361   0.091   1.793  -0.337  -0.723  -0.645  -0.862  -1.190  -2.647
   7  13   1    117      0      0      0   2.057E-19   0.000E+00
   0.004   0.196   0.466   0.694   0.722   0.736   0.741   0.749   0.750   0.754
   0.757   0.762   0.774   0.783   0.827   1.196   1.883
   0.303  -0.235  -0.110  -0.317  -0.299  -0.210  -0.012   0.606   2.839   0.660
   1.942   0.355  -0.353  -0.452  -0.532  -1.159  -3.159
   8  13   1    126      0      0      0   1.927E-20   0.000E+00
  -0.877  -0.799  -0.710  -0.696  -0.586  -0.583  -0.464  -0.452  -0.302  -0.290
  -0.100  -0.095   0.151   0.156   0.537   0.847   1.050   1.103   1.130   1.142
   1.142   1.150   1.161   1.180   1.381   1.877
  -1.586  -0.246  -0.426  -0.086  -0.332  -0.078  -0.353  -0.143  -0.500  -0.254
  -0.718  -0.455  -1.128  -0.787  -2.086  -2.672  -2.897  -2.783  -2.255   2.555
  -1.138  -2.410  -3.295  -3.528  -4.207  -5.586
   9  13   1    136      0      0      0   3.452E-20   0.000E+00
  -0.879  -0.793  -0.712  -0.685  -0.580  -0.577  -0.441  -0.441  -0.289  -0.278
  -0.159  -0.088  -0.086   0.145   0.224   0.317   0.480   0.715   1.043   1.128
   1.145   1.157   1.157   1.176   1.199   1.215   1.222   1.229   1.248   1.302
   1.332   1.347   1.357   1.382   1.589   2.260
  -1.535  -0.070  -0.250   0.090  -0.159   0.103  -0.190   0.032  -0.326  -0.088
  -0.397  -0.475  -0.245  -0.828  -0.000  -0.966  -1.638  -2.138  -2.448  -2.190
  -1.395   2.431  -1.684  -2.228  -2.328  -1.684  -0.181  -2.147  -2.852  -2.795
  -2.286   0.316  -2.505  -3.037  -3.292  -5.293
  10  13   1    114      0      0      0   3.554E-19   0.000E+00
   0.678   1.205   1.262   1.279   1.301   1.304   1.329   1.400   1.418   1.425
   1.461   1.514   1.660   2.333
  -0.102  -0.609  -0.391   0.164   1.721   0.128  -0.512  -0.271   2.203  -0.210
  -1.116  -1.272  -1.405  -3.445
  11  13   1    127      0      0      0   1.248E-20   0.000E+00
  -0.600  -0.511  -0.499  -0.403  -0.391  -0.271  -0.264  -0.119  -0.109   0.069
   0.081   0.306   0.317   0.794   1.270   1.343   1.355   1.361   1.363   1.363
   1.364   1.366   1.368   1.371   1.641   1.811   2.352
  -0.529  -0.726  -0.348  -0.590  -0.353  -0.664  -0.422  -0.832  -0.595  -1.099
  -0.832  -1.554  -1.190  -2.828  -3.121  -3.052  -2.939  -2.475  -0.860   3.463
  -0.955  -2.602  -3.137  -3.305  -3.500  -3.845  -5.517
  12  13   1    138      0      0      0   4.769E-20   0.000E+00
  -0.601  -0.558  -0.511  -0.458  -0.388  -0.377  -0.355  -0.344  -0.258  -0.249
  -0.214  -0.209  -0.113  -0.104  -0.068  -0.049   0.068   0.081   0.143   0.145
   0.305   0.316   0.594   0.772   0.929   1.306   1.359   1.378   1.383   1.391
   1.401   1.429   1.580   1.588   1.611   1.712   1.826   2.502
  -0.414   0.001  -0.096   0.155  -0.036   0.045  -0.020   0.147  -0.093  -0.012
  -0.101   0.030  -0.237  -0.177  -0.295  -0.169  -0.535  -0.460  -0.648  -0.496
  -1.084  -0.942  -1.931  -2.276  -2.328  -2.759  -2.663  -1.824   3.014  -2.217
  -2.623  -2.938  -3.200  -2.755  -3.148  -3.410  -3.604  -5.586
*** Line transitions
   1   2   0   0   4      0      0   0.000E+00   5.000E-02
   1   3   0   0   4      0      0   0.000E+00   5.000E-02
   1   4   0   0   4      0      0   0.000E+00   5.000E-02
   1   5  -1   0   1      0      0   5.111E-02   2.000E-01
  F  1  7  0.  0.
   1   6   0   0   4      0      0   0.000E+00   5.000E-02
   1   7   0   0   4      0      0   0.000E+00   5.000E-02
   1   8   0   0   4      0      0   0.000E+00   5.000E-02
   1   9  -1   0   1      0      0   1.194E-01   2.000E-01
  F  1  7  0.  0.
   1  10   0   0   4      0      0   0.000E+00   5.000E-02
   1  11   0   0   4      0      0   0.000E+00   5.000E-02
   1  12   0   0   4      0      0   0.000E+00   5.000E-02
   2   3   0   0   4      0      0   0.000E+00   5.000E-02
   2   4   0   0   4      0      0   0.000E+00   5.000E-02
   2   5   0   0   4      0      0   0.000E+00   5.000E-02
   2   6   0   0   4      0      0   0.000E+00   5.000E-02
   2   7   0   0   4      0      0   0.000E+00   5.000E-02
   2   8   0   0   4      0      0   0.000E+00   5.000E-02
   2   9   0   0   4      0      0   0.000E+00   5.000E-02
   2  10  -1   0   1      0      0   1.076E-01   2.000E-01
  F  1  7  0.  0.
   2  11   0   0   4      0      0   0.000E+00   5.000E-02
   2  12   0   0   4      0      0   0.000E+00   5.000E-02
   3   4   0   0   4      0      0   0.000E+00   5.000E-02
   3   5   0   0   4      0      0   0.000E+00   5.000E-02
   3   6   0   0   4      0      0   0.000E+00   5.000E-02
   3   7   0   0   4      0      0   0.000E+00   5.000E-02
   3   8   0   0   4      0      0   0.000E+00   5.000E-02
   3   9   0   0   4      0      0   0.000E+00   5.000E-02
   3  10   0   0   4      0      0   0.000E+00   5.000E-02
   3  11   0   0   4      0      0   0.000E+00   5.000E-02
   3  12   0   0   4      0      0   0.000E+00   5.000E-02
   4   5   0   0   4      0      0   0.000E+00   5.000E-02
   4   6  -1   0   1      0      0   9.780E-01   7.000E-01
  F  1  7  0.  0.
   4   7   0   0   4      0      0   0.000E+00   5.000E-02
   4   8   0   0   4      0      0   0.000E+00   5.000E-02
   4   9   0   0   4      0      0   0.000E+00   5.000E-02
   4  10   0   0   4      0      0   0.000E+00   5.000E-02
   4  11  -1   0   1      0      0   3.245E-03   2.000E-01
  F  1  7  0.  0.
   4  12   0   0   4      0      0   0.000E+00   5.000E-02
   5   6   0   0   4      0      0   0.000E+00   5.000E-02
   5   7  -1   0   1      0      0   1.050E+00   7.000E-01
  F  1  7  0.  0.
   5   8   0   0   4      0      0   0.000E+00   5.000E-02
   5   9   0   0   4      0      0   0.000E+00   5.000E-02
   5  10   0   0   4      0      0   0.000E+00   5.000E-02
   5  11   0   0   4      0      0   0.000E+00   5.000E-02
   5  12  -1   0   1      0      0   8.279E-03   2.000E-01
  F  1  7  0.  0.
   6   7   0   0   4      0      0   0.000E+00   5.000E-02
   6   8  -1   0   1      0      0   1.226E+00   2.000E-01
  F  1  7  0.  0.
   6   9   0   0   4      0      0   0.000E+00   5.000E-02
   6  10   0   0   4      0      0   0.000E+00   5.000E-02
   6  11   0   0   4      0      0   0.000E+00   5.000E-02
   6  12   0   0   4      0      0   0.000E+00   5.000E-02
   7   8   0   0   4      0      0   0.000E+00   5.000E-02
   7   9  -1   0   1      0      0   1.231E+00   2.000E-01
  F  1  7  0.  0.
   7  10   0   0   4      0      0   0.000E+00   5.000E-02
   7  11   0   0   4      0      0   0.000E+00   5.000E-02
   7  12   0   0   4      0      0   0.000E+00   5.000E-02
   8   9   0   0   4      0      0   0.000E+00   5.000E-02
   8  10   0   0   4      0      0   0.000E+00   5.000E-02
   8  11  -1   0   1      0      0   2.902E+00   2.000E-01
  F  1  7  0.  0.
   8  12   0   0   4      0      0   0.000E+00   5.000E-02
   9  10   0   0   4      0      0   0.000E+00   5.000E-02
   9  11   0   0   4      0      0   0.000E+00   5.000E-02
   9  12  -1   0   1      0      0   2.716E+00   2.000E-01
  F  1  7  0.  0.
  10  11   0   0   4      0      0   0.000E+00   5.000E-02
  10  12   0   0   4      0      0   0.000E+00   5.000E-02
  11  12   0   0   4      0      0   0.000E+00   5.000E-02
