****** Levels    Seaton's gf-values, Reg. g=0 
  174192.4   1.    2    '2p6 1S  '   0     0.    0
   40148.6   5.    3    '1s5     '   0     0.    0
   39731.2   3.    3    '1s4     '   0     0.    0
   39371.8   1.    3    '1s3     '   0     0.    0
   38301.7   3.    3    '1s2     '   0     0.    0
   25932.7   3.    3    '2p10    '   0     0.    0
   24533.4   7.    3    '2p9     '   0     0.    0
   24366.2   5.    3    '2p8     '   0     0.    0
   24068.8   3.    3    '2p7     '   0     0.    0
   23874.6   5.    3    '2p6     '   0     0.    0
   23418.3   3.    3    '2p5     '   0     0.    0
   23331.9   5.    3    '2p4     '   0     0.    0
   23273.0   1.    3    '2p3     '   0     0.    0
   23152.0   3.    3    '2p2     '   0     0.    0
   21219.7   1.    3    '2p1     '   0     0.    0
   15589.3   5.    4    '2s5     '   0     0.    0
   15394.4   3.    4    '2s4     '   0     0.    0
   14810.5   1.    4    '2s3     '   0     0.    0
   14655.8   3.    4    '2s2     '   0     0.    0
   12680.8   1.    3    '3d6     '   0     0.    0
   12666.3   3.    3    '3d5     '   0     0.    0
   12600.1   9.    3    '3d4*    '   0     0.    0
   12598.3   7.    3    '3d4     '   0     0.    0
   12583.2   5.    3    '3d3     '   0     0.    0
   12553.8   3.    3    '3d2     '   0     0.    0
   12490.8   5.    3    '3d1**   '   0     0.    0
   12489.0   7.    3    '3d1*    '   0     0.    0
   11781.8   5.    3    '3s1**** '   0     0.    0
   11780.3   7.    3    '3s1***  '   0     0.    0
   11770.5   5.    3    '3s1**   '   0     0.    0
   11754.8   3.    3    '3s1*    '   0     0.    0
****** Continuum transitions
   1  32   1    105      0      0      0  6.0379E-19  0.0000E+00
  0.0064  0.0854  0.1772  0.3673  1.0420
  0.7914  0.9207  0.9776  0.9310 -1.0655
   2  32   1    113      0      0      0  1.0320E-20  0.0000E+00
 -0.0119  0.0651  0.2191  0.3584  0.7007  0.7370  0.7539  0.7639  0.7676  0.7703
  0.7772  0.7893  1.5107
 -0.9480 -1.1965 -0.8515 -0.7810 -0.9653 -0.8242 -0.5124  0.2500  1.8082  0.3124
 -0.6900 -1.1648 -3.3069
   3  32   1    113      0      0      0  1.0320E-20  0.0000E+00
 -0.0119  0.0651  0.2191  0.3584  0.7007  0.7370  0.7539  0.7639  0.7676  0.7703
  0.7772  0.7893  1.5107
 -0.9480 -1.1965 -0.8515 -0.7810 -0.9653 -0.8242 -0.5124  0.2500  1.8082  0.3124
 -0.6900 -1.1648 -3.3069
   4  32   1    113      0      0      0  1.0320E-20  0.0000E+00
 -0.0119  0.0651  0.2191  0.3584  0.7007  0.7370  0.7539  0.7639  0.7676  0.7703
  0.7772  0.7893  1.5107
 -0.9480 -1.1965 -0.8515 -0.7810 -0.9653 -0.8242 -0.5124  0.2500  1.8082  0.3124
 -0.6900 -1.1648 -3.3069
   5  32   1    110      0      0      0  3.3301E-20  0.0000E+00
 -0.0107  0.1094  0.3496  0.6744  0.7530  0.7781  0.7844  0.7906  0.8188  1.5240
 -0.4518 -0.7414 -0.7724 -1.0724 -1.0073 -0.2178  1.6023 -0.1303 -1.1567 -3.2862
   6  32   1    112      0      0      0  9.7318E-19  0.0000E+00
 -0.0196  0.4341  0.5898  0.9450  0.9518  0.9540  0.9545  0.9550  0.9573  0.9610
  1.0042  1.6708
  1.0620 -0.6483 -0.9104 -1.0430 -0.7289  0.1915  3.1660  0.1700 -0.9035 -1.0840
 -1.1221 -3.1449
   7  32   1    109      0      0      0  7.5896E-19  0.0000E+00
  0.0027  0.4208  0.9610  0.9719  0.9744  0.9749  0.9754  0.9779  1.6886
  0.8689 -0.9104 -1.1321 -0.8009  0.2444  3.1726  0.2000 -1.1220 -3.2414
   8  32   1    109      0      0      0  7.5896E-19  0.0000E+00
  0.0027  0.4208  0.9610  0.9719  0.9744  0.9749  0.9754  0.9779  1.6886
  0.8689 -0.9104 -1.1321 -0.8009  0.2444  3.1726  0.2000 -1.1220 -3.2414
   9  32   1    109      0      0      0  7.5896E-19  0.0000E+00
  0.0027  0.4208  0.9610  0.9719  0.9744  0.9749  0.9754  0.9779  1.6886
  0.8689 -0.9104 -1.1321 -0.8009  0.2444  3.1726  0.2000 -1.1220 -3.2414
  10  32   1    112      0      0      0  6.7306E-19  0.0000E+00
 -0.0196  0.3407  0.5009  0.9235  0.9705  0.9773  0.9818  0.9823  0.9832  0.9872
  0.9974  1.6975
  0.9120 -0.6328 -0.9345 -1.1638 -1.1029 -0.7454  0.6539  2.2172  0.6477 -0.6722
 -1.1545 -3.2518
  11  32   1    111      0      0      0  6.1171E-19  0.0000E+00
 -0.0196  0.3674  0.5009  0.9527  0.9805  0.9853  0.9864  0.9880  0.9929  1.0391
  1.7019
  0.8689 -0.7587 -1.0207 -1.1753 -0.7400  0.2653  2.2343  0.0365 -1.2457 -1.4092
 -3.3931
  12  32   1    112      0      0      0  5.8730E-19  0.0000E+00
 -0.0196  0.3719  0.5142  0.7722  0.9809  0.9833  0.9853  0.9860  0.9865  0.9887
  0.9976  1.7064
  0.8551 -0.8690 -1.0483 -1.0759 -1.3087 -1.1375  0.0424  3.2027  0.3807 -0.7084
 -1.1352 -3.2552
  13  32   1    112      0      0      0  5.8730E-19  0.0000E+00
 -0.0196  0.3719  0.5142  0.7722  0.9809  0.9833  0.9853  0.9860  0.9865  0.9887
  0.9976  1.7064
  0.8551 -0.8690 -1.0483 -1.0759 -1.3087 -1.1375  0.0424  3.2027  0.3807 -0.7084
 -1.1352 -3.2552
  14  32   1    112      0      0      0  5.8730E-19  0.0000E+00
 -0.0196  0.3719  0.5142  0.7722  0.9809  0.9833  0.9853  0.9860  0.9865  0.9887
  0.9976  1.7064
  0.8551 -0.8690 -1.0483 -1.0759 -1.3087 -1.1375  0.0424  3.2027  0.3807 -0.7084
 -1.1352 -3.2552
  15  32   1    122      0      0      0  1.6631E-19  0.0000E+00
 -0.0196  0.1317  0.4430  0.8034  1.0060  1.0256  1.0293  1.0303  1.0318  1.0356
  1.0510  1.0535  1.0538  1.0539  1.0542  1.0551  1.0615  1.0621  1.0623  1.0624
  1.0715  1.7420
  0.3000 -0.3104 -0.2690 -0.5380 -0.7329 -0.3586  0.4632  2.2510  0.0144 -1.3080
 -1.1418 -1.3659 -0.5808  1.3219 -0.3520 -0.9184 -1.0857 -1.4104  0.6698 -0.8376
 -0.8678 -2.8862
  16  32   1    111      0      0      0  7.2662E-20  0.0000E+00
 -0.0240  0.2028  0.5587  1.1339  1.1670  1.1731  1.1742  1.1749  1.1808  1.1975
  1.8532
 -0.0276 -1.0759 -1.0207 -1.5141 -0.7230  0.6983  2.3471  0.8118 -0.9692 -1.7698
 -3.7242
  17  32   1    111      0      0      0  7.2662E-20  0.0000E+00
 -0.0240  0.2028  0.5587  1.1339  1.1670  1.1731  1.1742  1.1749  1.1808  1.1975
  1.8532
 -0.0276 -1.0759 -1.0207 -1.5141 -0.7230  0.6983  2.3471  0.8118 -0.9692 -1.7698
 -3.7242
  18  32   1    111      0      0      0  7.2662E-20  0.0000E+00
 -0.0240  0.2028  0.5587  1.1339  1.1670  1.1731  1.1742  1.1749  1.1808  1.1975
  1.8532
 -0.0276 -1.0759 -1.0207 -1.5141 -0.7230  0.6983  2.3471  0.8118 -0.9692 -1.7698
 -3.7242
  19  32   1    111      0      0      0  9.6952E-20  0.0000E+00
 -0.0285  0.1895  0.6477  1.1264  1.1742  1.1829  1.1847  1.1862  1.1925  1.2125
  1.8443
  0.0965 -0.7449 -1.0759 -1.6733 -0.9939  0.2696  2.2599  0.3389 -0.8946 -1.6046
 -3.5035
  20  32   1    112      0      0      0  2.0523E-18  0.0000E+00
 -0.0418  1.0124  1.1948  1.2503  1.2603  1.2615  1.2617  1.2619  1.2630  1.2670
  1.2902  1.8799
  1.4655 -2.3966 -3.3966 -2.8053 -0.5565  0.8686  3.4285  1.0270 -0.4597 -1.5965
 -2.6213 -4.3794
  21  32   1    112      0      0      0  2.0523E-18  0.0000E+00
 -0.0418  1.0124  1.1948  1.2503  1.2603  1.2615  1.2617  1.2619  1.2630  1.2670
  1.2902  1.8799
  1.4655 -2.3966 -3.3966 -2.8053 -0.5565  0.8686  3.4285  1.0270 -0.4597 -1.5965
 -2.6213 -4.3794
  22  32   1    111      0      0      0  1.8877E-18  0.0000E+00
 -0.0285  1.2105  1.2535  1.2614  1.2626  1.2628  1.2630  1.2636  1.2689  1.2907
  1.8710
  1.3793 -3.1150 -2.2639 -0.5675  0.9965  3.4717  1.2263 -0.1616 -1.8376 -3.0178
 -4.7759
  23  32   1    111      0      0      0  1.8877E-18  0.0000E+00
 -0.0285  1.2105  1.2535  1.2614  1.2626  1.2628  1.2630  1.2636  1.2689  1.2907
  1.8710
  1.3793 -3.1150 -2.2639 -0.5675  0.9965  3.4717  1.2263 -0.1616 -1.8376 -3.0178
 -4.7759
  24  32   1    112      0      0      0  2.0523E-18  0.0000E+00
 -0.0418  1.0124  1.1948  1.2503  1.2603  1.2615  1.2617  1.2619  1.2630  1.2670
  1.2902  1.8799
  1.4655 -2.3966 -3.3966 -2.8053 -0.5565  0.8686  3.4285  1.0270 -0.4597 -1.5965
 -2.6213 -4.3794
  25  32   1    115      0      0      0  1.7867E-18  0.0000E+00
 -0.0374  0.6672  0.7616  0.7989  0.8465  0.9036  1.2118  1.2470  1.2610  1.2632
  1.2635  1.2639  1.2673  1.2902  1.8487
  1.3965 -1.3262 -1.3401 -0.1901 -1.6416 -2.3002 -2.7846 -2.3311 -0.9362  0.5687
  2.7062  0.4441 -1.3388 -3.2248 -4.9311
  26  32   1    111      0      0      0  1.8877E-18  0.0000E+00
 -0.0285  1.2105  1.2535  1.2614  1.2626  1.2628  1.2630  1.2636  1.2689  1.2907
  1.8710
  1.3793 -3.1150 -2.2639 -0.5675  0.9965  3.4717  1.2263 -0.1616 -1.8376 -3.0178
 -4.7759
  27  32   1    112      0      0      0  1.7526E-18  0.0000E+00
 -0.0374  1.1781  1.2271  1.2527  1.2611  1.2628  1.2631  1.2635  1.2651  1.2734
  1.2931  1.8532
  1.3793 -3.0292 -2.8853 -2.1321 -0.8094  0.7386  2.7371  0.5698 -0.7250 -2.2569
 -3.0685 -4.7932
  28  32   1    115      0      0      0  1.6692E-18  0.0000E+00
 -0.0374  0.7689  0.8003  0.8585  1.1552  1.2177  1.2525  1.2629  1.2647  1.2649
  1.2653  1.2672  1.2775  1.2989  1.8621
  1.3620 -1.6471 -1.0473 -1.9989 -2.9762 -2.9533 -2.2818 -0.7847  0.7728  2.7639
  0.6666 -0.8820 -2.4081 -3.1317 -4.8449
  29  32   1    111      0      0      0  1.7984E-18  0.0000E+00
 -0.0374  1.2116  1.2518  1.2628  1.2647  1.2649  1.2651  1.2667  1.2760  1.2978
  1.8665
  1.3965 -3.3352 -2.4751 -0.9537  0.9043  3.4504  1.0054 -0.8586 -2.3443 -3.0275
 -4.7242
  30  32   1    111      0      0      0  1.7984E-18  0.0000E+00
 -0.0374  1.2116  1.2518  1.2628  1.2647  1.2649  1.2651  1.2667  1.2760  1.2978
  1.8665
  1.3965 -3.3352 -2.4751 -0.9537  0.9043  3.4504  1.0054 -0.8586 -2.3443 -3.0275
 -4.7242
  31  32   1    111      0      0      0  1.7984E-18  0.0000E+00
 -0.0374  1.2116  1.2518  1.2628  1.2647  1.2649  1.2651  1.2667  1.2760  1.2978
  1.8665
  1.3965 -3.3352 -2.4751 -0.9537  0.9043  3.4504  1.0054 -0.8586 -2.3443 -3.0275
 -4.7242
*** Line transitions
   1   2   0   0   4      0      0    .000E+00    .500E-01
   1   3  -1   0   1      0      0    .126E-01    .000E+00
  F  1  7  0.  0.
   1   4   0   0   4      0      0    .000E+00    .500E-01
   1   5  -1   0   1      0      0    .168E+00    .000E+00
  F  1  7  0.  0.
   1   6   0   0   4      0      0    .000E+00    .500E-01
   1   7   0   0   4      0      0    .000E+00    .500E-01
   1   8   0   0   4      0      0    .000E+00    .500E-01
   1   9   0   0   4      0      0    .000E+00    .500E-01
   1  10   0   0   4      0      0    .000E+00    .500E-01
   1  11   0   0   4      0      0    .000E+00    .500E-01
   1  12   0   0   4      0      0    .000E+00    .500E-01
   1  13   0   0   4      0      0    .000E+00    .500E-01
   1  14   0   0   4      0      0    .000E+00    .500E-01
   1  15   0   0   4      0      0    .000E+00    .500E-01
   1  16   0   0   4      0      0    .000E+00    .500E-01
   1  17  -1   0   1      0      0    .152E-01    .000E+00
  F  1  7  0.  0.
   1  18   0   0   4      0      0    .000E+00    .500E-01
   1  19  -1   0   1      0      0    .193E-01    .000E+00
  F  1  7  0.  0.
   1  20   0   0   4      0      0    .000E+00    .500E-01
   1  21  -1   0   1      0      0    .558E-02    .000E+00
  F  1  7  0.  0.
   1  22   0   0   4      0      0    .000E+00    .500E-01
   1  23   0   0   4      0      0    .000E+00    .500E-01
   1  24   0   0   4      0      0    .000E+00    .500E-01
   1  25  -1   0   1      0      0    .167E-01    .000E+00
  F  1  7  0.  0.
   1  26   0   0   4      0      0    .000E+00    .500E-01
   1  27   0   0   4      0      0    .000E+00    .500E-01
   1  28   0   0   4      0      0    .000E+00    .500E-01
   1  29   0   0   4      0      0    .000E+00    .500E-01
   1  30   0   0   4      0      0    .000E+00    .500E-01
   1  31  -1   0   1      0      0    .859E-02    .000E+00
  F  1  7  0.  0.
   2   3   0   0   4      0      0    .000E+00    .500E-01
   2   4   0   0   4      0      0    .000E+00    .500E-01
   2   5   0   0   4      0      0    .000E+00    .500E-01
   2   6  -1   0   1      0      0    .110E+00    .000E+00
  F  1  7  0.  0.
   2   7  -1   0   1      0      0    .428E+00    .000E+00
  F  1  7  0.  0.
   2   8  -1   0   1      0      0    .968E-01    .000E+00
  F  1  7  0.  0.
   2   9  -1   0   1      0      0    .212E-01    .000E+00
  F  1  7  0.  0.
   2  10  -1   0   1      0      0    .158E+00    .000E+00
  F  1  7  0.  0.
   2  11  -1   0   1      0      0    .106E-01    .000E+00
  F  1  7  0.  0.
   2  12  -1   0   1      0      0    .580E-01    .000E+00
  F  1  7  0.  0.
   2  13   0   0   4      0      0    .000E+00    .500E-01
   2  14  -1   0   1      0      0    .342E-01    .000E+00
  F  1  7  0.  0.
   2  15   0   0   4      0      0    .000E+00    .500E-01
   2  16   0   0   4      0      0    .000E+00    .500E-01
   2  17   0   0   4      0      0    .000E+00    .500E-01
   2  18   0   0   4      0      0    .000E+00    .500E-01
   2  19   0   0   4      0      0    .000E+00    .500E-01
   2  20   0   0   4      0      0    .000E+00    .500E-01
   2  21   0   0   4      0      0    .000E+00    .500E-01
   2  22   0   0   4      0      0    .000E+00    .500E-01
   2  23   0   0   4      0      0    .000E+00    .500E-01
   2  24   0   0   4      0      0    .000E+00    .500E-01
   2  25   0   0   4      0      0    .000E+00    .500E-01
   2  26   0   0   4      0      0    .000E+00    .500E-01
   2  27   0   0   4      0      0    .000E+00    .500E-01
   2  28   0   0   4      0      0    .000E+00    .500E-01
   2  29   0   0   4      0      0    .000E+00    .500E-01
   2  30   0   0   4      0      0    .000E+00    .500E-01
   2  31   0   0   4      0      0    .000E+00    .500E-01
   3   4   0   0   4      0      0    .000E+00    .500E-01
   3   5   0   0   4      0      0    .000E+00    .500E-01
   3   6  -1   0   1      0      0    .737E-01    .000E+00
  F  1  7  0.  0.
   3   7   0   0   4      0      0    .000E+00    .500E-01
   3   8  -1   0   1      0      0    .309E+00    .000E+00
  F  1  7  0.  0.
   3   9  -1   0   1      0      0    .194E+00    .000E+00
  F  1  7  0.  0.
   3  10  -1   0   1      0      0    .420E-01    .000E+00
  F  1  7  0.  0.
   3  11  -1   0   1      0      0    .373E-02    .000E+00
  F  1  7  0.  0.
   3  12  -1   0   1      0      0    .163E+00    .000E+00
  F  1  7  0.  0.
   3  13  -1   0   1      0      0    .105E+00    .000E+00
  F  1  7  0.  0.
   3  14  -1   0   1      0      0    .286E-01    .000E+00
  F  1  7  0.  0.
   3  15  -1   0   1      0      0    .970E-03    .000E+00
  F  1  7  0.  0.
   3  16   0   0   4      0      0    .000E+00    .500E-01
   3  17   0   0   4      0      0    .000E+00    .500E-01
   3  18   0   0   4      0      0    .000E+00    .500E-01
   3  19   0   0   4      0      0    .000E+00    .500E-01
   3  20   0   0   4      0      0    .000E+00    .500E-01
   3  21   0   0   4      0      0    .000E+00    .500E-01
   3  22   0   0   4      0      0    .000E+00    .500E-01
   3  23   0   0   4      0      0    .000E+00    .500E-01
   3  24   0   0   4      0      0    .000E+00    .500E-01
   3  25   0   0   4      0      0    .000E+00    .500E-01
   3  26   0   0   4      0      0    .000E+00    .500E-01
   3  27   0   0   4      0      0    .000E+00    .500E-01
   3  28   0   0   4      0      0    .000E+00    .500E-01
   3  29   0   0   4      0      0    .000E+00    .500E-01
   3  30   0   0   4      0      0    .000E+00    .500E-01
   3  31   0   0   4      0      0    .000E+00    .500E-01
   4   5   0   0   4      0      0    .000E+00    .500E-01
   4   6  -1   0   1      0      0    .575E-01    .000E+00
  F  1  7  0.  0.
   4   7   0   0   4      0      0    .000E+00    .500E-01
   4   8   0   0   4      0      0    .000E+00    .500E-01
   4   9  -1   0   1      0      0    .191E+00    .000E+00
  F  1  7  0.  0.
   4  10   0   0   4      0      0    .000E+00    .500E-01
   4  11  -1   0   1      0      0    .427E+00    .000E+00
  F  1  7  0.  0.
   4  12   0   0   4      0      0    .000E+00    .500E-01
   4  13   0   0   4      0      0    .000E+00    .500E-01
   4  14  -1   0   1      0      0    .242E+00    .000E+00
  F  1  7  0.  0.
   4  15   0   0   4      0      0    .000E+00    .500E-01
   4  16   0   0   4      0      0    .000E+00    .500E-01
   4  17   0   0   4      0      0    .000E+00    .500E-01
   4  18   0   0   4      0      0    .000E+00    .500E-01
   4  19   0   0   4      0      0    .000E+00    .500E-01
   4  20   0   0   4      0      0    .000E+00    .500E-01
   4  21   0   0   4      0      0    .000E+00    .500E-01
   4  22   0   0   4      0      0    .000E+00    .500E-01
   4  23   0   0   4      0      0    .000E+00    .500E-01
   4  24   0   0   4      0      0    .000E+00    .500E-01
   4  25   0   0   4      0      0    .000E+00    .500E-01
   4  26   0   0   4      0      0    .000E+00    .500E-01
   4  27   0   0   4      0      0    .000E+00    .500E-01
   4  28   0   0   4      0      0    .000E+00    .500E-01
   4  29   0   0   4      0      0    .000E+00    .500E-01
   4  30   0   0   4      0      0    .000E+00    .500E-01
   4  31   0   0   4      0      0    .000E+00    .500E-01
   5   6  -1   0   1      0      0    .101E-02    .000E+00
  F  1  7  0.  0.
   5   7   0   0   4      0      0    .000E+00    .500E-01
   5   8  -1   0   1      0      0    .393E-01    .000E+00
  F  1  7  0.  0.
   5   9  -1   0   1      0      0    .148E-01    .000E+00
  F  1  7  0.  0.
   5  10  -1   0   1      0      0    .211E+00    .000E+00
  F  1  7  0.  0.
   5  11  -1   0   1      0      0    .147E+00    .000E+00
  F  1  7  0.  0.
   5  12  -1   0   1      0      0    .259E+00    .000E+00
  F  1  7  0.  0.
   5  13  -1   0   1      0      0    .807E-03    .000E+00
  F  1  7  0.  0.
   5  14  -1   0   1      0      0    .147E+00    .000E+00
  F  1  7  0.  0.
   5  15  -1   0   1      0      0    .108E+00    .000E+00
  F  1  7  0.  0.
   5  16   0   0   4      0      0    .000E+00    .500E-01
   5  17   0   0   4      0      0    .000E+00    .500E-01
   5  18   0   0   4      0      0    .000E+00    .500E-01
   5  19   0   0   4      0      0    .000E+00    .500E-01
   5  20   0   0   4      0      0    .000E+00    .500E-01
   5  21   0   0   4      0      0    .000E+00    .500E-01
   5  22   0   0   4      0      0    .000E+00    .500E-01
   5  23   0   0   4      0      0    .000E+00    .500E-01
   5  24   0   0   4      0      0    .000E+00    .500E-01
   5  25   0   0   4      0      0    .000E+00    .500E-01
   5  26   0   0   4      0      0    .000E+00    .500E-01
   5  27   0   0   4      0      0    .000E+00    .500E-01
   5  28   0   0   4      0      0    .000E+00    .500E-01
   5  29   0   0   4      0      0    .000E+00    .500E-01
   5  30   0   0   4      0      0    .000E+00    .500E-01
   5  31   0   0   4      0      0    .000E+00    .500E-01
   6   7   0   0   4      0      0    .000E+00    .500E-01
   6   8   0   0   4      0      0    .000E+00    .500E-01
   6   9   0   0   4      0      0    .000E+00    .500E-01
   6  10   0   0   4      0      0    .000E+00    .500E-01
   6  11   0   0   4      0      0    .000E+00    .500E-01
   6  12   0   0   4      0      0    .000E+00    .500E-01
   6  13   0   0   4      0      0    .000E+00    .500E-01
   6  14   0   0   4      0      0    .000E+00    .500E-01
   6  15   0   0   4      0      0    .000E+00    .500E-01
   6  16  -1   0   1      0      0    .873E-01    .000E+00
  F  1  7  0.  0.
   6  17  -1   0   1      0      0    .246E-01    .000E+00
  F  1  7  0.  0.
   6  18  -1   0   1      0      0    .863E-02    .000E+00
  F  1  7  0.  0.
   6  19  -1   0   1      0      0    .980E-02    .000E+00
  F  1  7  0.  0.
   6  20  -1   0   1      0      0    .110E+00    .000E+00
  F  1  7  0.  0.
   6  21  -1   0   1      0      0    .260E+00    .000E+00
  F  1  7  0.  0.
   6  22   0   0   4      0      0    .000E+00    .500E-01
   6  23   0   0   4      0      0    .000E+00    .500E-01
   6  24  -1   0   1      0      0    .324E+00    .000E+00
  F  1  7  0.  0.
   6  25  -1   0   1      0      0    .248E-01    .000E+00
  F  1  7  0.  0.
   6  26   0   0   4      0      0    .000E+00    .500E-01
   6  27   0   0   4      0      0    .000E+00    .500E-01
   6  28  -1   0   1      0      0    .390E-03    .000E+00
  F  1  7  0.  0.
   6  29   0   0   4      0      0    .000E+00    .500E-01
   6  30  -1   0   1      0      0    .923E-01    .000E+00
  F  1  7  0.  0.
   6  31  -1   0   1      0      0    .177E-01    .000E+00
  F  1  7  0.  0.
   7   8   0   0   4      0      0    .000E+00    .500E-01
   7   9   0   0   4      0      0    .000E+00    .500E-01
   7  10   0   0   4      0      0    .000E+00    .500E-01
   7  11   0   0   4      0      0    .000E+00    .500E-01
   7  12   0   0   4      0      0    .000E+00    .500E-01
   7  13   0   0   4      0      0    .000E+00    .500E-01
   7  14   0   0   4      0      0    .000E+00    .500E-01
   7  15   0   0   4      0      0    .000E+00    .500E-01
   7  16  -1   0   1      0      0    .160E+00    .000E+00
  F  1  7  0.  0.
   7  17   0   0   4      0      0    .000E+00    .500E-01
   7  18   0   0   4      0      0    .000E+00    .500E-01
   7  19   0   0   4      0      0    .000E+00    .500E-01
   7  20   0   0   4      0      0    .000E+00    .500E-01
   7  21   0   0   4      0      0    .000E+00    .500E-01
   7  22  -1   0   1      0      0    .676E+00    .000E+00
  F  1  7  0.  0.
   7  23  -1   0   1      0      0    .259E-01    .000E+00
  F  1  7  0.  0.
   7  24  -1   0   1      0      0    .169E-01    .000E+00
  F  1  7  0.  0.
   7  25   0   0   4      0      0    .000E+00    .500E-01
   7  26  -1   0   1      0      0    .744E-02    .000E+00
  F  1  7  0.  0.
   7  27  -1   0   1      0      0    .144E+00    .000E+00
  F  1  7  0.  0.
   7  28  -1   0   1      0      0    .593E-04    .000E+00
  F  1  7  0.  0.
   7  29  -1   0   1      0      0    .957E-03    .000E+00
  F  1  7  0.  0.
   7  30  -1   0   1      0      0    .314E-03    .000E+00
  F  1  7  0.  0.
   7  31   0   0   4      0      0    .000E+00    .500E-01
   8   9   0   0   4      0      0    .000E+00    .500E-01
   8  10   0   0   4      0      0    .000E+00    .500E-01
   8  11   0   0   4      0      0    .000E+00    .500E-01
   8  12   0   0   4      0      0    .000E+00    .500E-01
   8  13   0   0   4      0      0    .000E+00    .500E-01
   8  14   0   0   4      0      0    .000E+00    .500E-01
   8  15   0   0   4      0      0    .000E+00    .500E-01
   8  16  -1   0   1      0      0    .512E-01    .000E+00
  F  1  7  0.  0.
   8  17  -1   0   1      0      0    .107E+00    .000E+00
  F  1  7  0.  0.
   8  18   0   0   4      0      0    .000E+00    .500E-01
   8  19  -1   0   1      0      0    .139E-02    .000E+00
  F  1  7  0.  0.
   8  20   0   0   4      0      0    .000E+00    .500E-01
   8  21  -1   0   1      0      0    .800E-02    .000E+00
  F  1  7  0.  0.
   8  22   0   0   4      0      0    .000E+00    .500E-01
   8  23  -1   0   1      0      0    .596E+00    .000E+00
  F  1  7  0.  0.
   8  24  -1   0   1      0      0    .772E-02    .000E+00
  F  1  7  0.  0.
   8  25  -1   0   1      0      0    .206E-01    .000E+00
  F  1  7  0.  0.
   8  26  -1   0   1      0      0    .166E+00    .000E+00
  F  1  7  0.  0.
   8  27  -1   0   1      0      0    .159E-01    .000E+00
  F  1  7  0.  0.
   8  28  -1   0   1      0      0    .130E-02    .000E+00
  F  1  7  0.  0.
   8  29  -1   0   1      0      0    .506E-01    .000E+00
  F  1  7  0.  0.
   8  30  -1   0   1      0      0    .786E-02    .000E+00
  F  1  7  0.  0.
   8  31  -1   0   1      0      0    .197E-02    .000E+00
  F  1  7  0.  0.
   9  10   0   0   4      0      0    .000E+00    .500E-01
   9  11   0   0   4      0      0    .000E+00    .500E-01
   9  12   0   0   4      0      0    .000E+00    .500E-01
   9  13   0   0   4      0      0    .000E+00    .500E-01
   9  14   0   0   4      0      0    .000E+00    .500E-01
   9  15   0   0   4      0      0    .000E+00    .500E-01
   9  16  -1   0   1      0      0    .192E-01    .000E+00
  F  1  7  0.  0.
   9  17  -1   0   1      0      0    .107E+00    .000E+00
  F  1  7  0.  0.
   9  18  -1   0   1      0      0    .326E-01    .000E+00
  F  1  7  0.  0.
   9  19  -1   0   1      0      0    .373E-02    .000E+00
  F  1  7  0.  0.
   9  20  -1   0   1      0      0    .207E-01    .000E+00
  F  1  7  0.  0.
   9  21  -1   0   1      0      0    .810E-03    .000E+00
  F  1  7  0.  0.
   9  22   0   0   4      0      0    .000E+00    .500E-01
   9  23   0   0   4      0      0    .000E+00    .500E-01
   9  24  -1   0   1      0      0    .298E-01    .000E+00
  F  1  7  0.  0.
   9  25  -1   0   1      0      0    .151E+00    .000E+00
  F  1  7  0.  0.
   9  26  -1   0   1      0      0    .423E+00    .000E+00
  F  1  7  0.  0.
   9  27   0   0   4      0      0    .000E+00    .500E-01
   9  28  -1   0   1      0      0    .196E+00    .000E+00
  F  1  7  0.  0.
   9  29   0   0   4      0      0    .000E+00    .500E-01
   9  30  -1   0   1      0      0    .121E-01    .000E+00
  F  1  7  0.  0.
   9  31  -1   0   1      0      0    .383E-01    .000E+00
  F  1  7  0.  0.
  10  11   0   0   4      0      0    .000E+00    .500E-01
  10  12   0   0   4      0      0    .000E+00    .500E-01
  10  13   0   0   4      0      0    .000E+00    .500E-01
  10  14   0   0   4      0      0    .000E+00    .500E-01
  10  15   0   0   4      0      0    .000E+00    .500E-01
  10  16  -1   0   1      0      0    .868E-01    .000E+00
  F  1  7  0.  0.
  10  17  -1   0   1      0      0    .480E-01    .000E+00
  F  1  7  0.  0.
  10  18   0   0   4      0      0    .000E+00    .500E-01
  10  19  -1   0   1      0      0    .316E-01    .000E+00
  F  1  7  0.  0.
  10  20   0   0   4      0      0    .000E+00    .500E-01
  10  21  -1   0   1      0      0    .404E-01    .000E+00
  F  1  7  0.  0.
  10  22   0   0   4      0      0    .000E+00    .500E-01
  10  23  -1   0   1      0      0    .952E-01    .000E+00
  F  1  7  0.  0.
  10  24  -1   0   1      0      0    .193E+00    .000E+00
  F  1  7  0.  0.
  10  25  -1   0   1      0      0    .342E-02    .000E+00
  F  1  7  0.  0.
  10  26  -1   0   1      0      0    .131E-02    .000E+00
  F  1  7  0.  0.
  10  27  -1   0   1      0      0    .474E+00    .000E+00
  F  1  7  0.  0.
  10  28  -1   0   1      0      0    .632E-02    .000E+00
  F  1  7  0.  0.
  10  29  -1   0   1      0      0    .478E-01    .000E+00
  F  1  7  0.  0.
  10  30  -1   0   1      0      0    .208E-01    .000E+00
  F  1  7  0.  0.
  10  31  -1   0   1      0      0    .192E-02    .000E+00
  F  1  7  0.  0.
  11  12   0   0   4      0      0    .000E+00    .500E-01
  11  13   0   0   4      0      0    .000E+00    .500E-01
  11  14   0   0   4      0      0    .000E+00    .500E-01
  11  15   0   0   4      0      0    .000E+00    .500E-01
  11  16  -1   0   1      0      0    .997E-02    .000E+00
  F  1  7  0.  0.
  11  17  -1   0   1      0      0    .278E-01    .000E+00
  F  1  7  0.  0.
  11  18  -1   0   1      0      0    .763E-01    .000E+00
  F  1  7  0.  0.
  11  19  -1   0   1      0      0    .530E-01    .000E+00
  F  1  7  0.  0.
  11  20  -1   0   1      0      0    .103E-01    .000E+00
  F  1  7  0.  0.
  11  21  -1   0   1      0      0    .650E-04    .000E+00
  F  1  7  0.  0.
  11  22   0   0   4      0      0    .000E+00    .500E-01
  11  23   0   0   4      0      0    .000E+00    .500E-01
  11  24  -1   0   1      0      0    .206E-01    .000E+00
  F  1  7  0.  0.
  11  25  -1   0   1      0      0    .987E-01    .000E+00
  F  1  7  0.  0.
  11  26  -1   0   1      0      0    .126E+00    .000E+00
  F  1  7  0.  0.
  11  27   0   0   4      0      0    .000E+00    .500E-01
  11  28  -1   0   1      0      0    .573E+00    .000E+00
  F  1  7  0.  0.
  11  29   0   0   4      0      0    .000E+00    .500E-01
  11  30  -1   0   1      0      0    .189E-01    .000E+00
  F  1  7  0.  0.
  11  31  -1   0   1      0      0    .347E-01    .000E+00
  F  1  7  0.  0.
  12  13   0   0   4      0      0    .000E+00    .500E-01
  12  14   0   0   4      0      0    .000E+00    .500E-01
  12  15   0   0   4      0      0    .000E+00    .500E-01
  12  16  -1   0   1      0      0    .330E-01    .000E+00
  F  1  7  0.  0.
  12  17  -1   0   1      0      0    .642E-02    .000E+00
  F  1  7  0.  0.
  12  18   0   0   4      0      0    .000E+00    .500E-01
  12  19  -1   0   1      0      0    .128E+00    .000E+00
  F  1  7  0.  0.
  12  20   0   0   4      0      0    .000E+00    .500E-01
  12  21  -1   0   1      0      0    .110E-01    .000E+00
  F  1  7  0.  0.
  12  22   0   0   4      0      0    .000E+00    .500E-01
  12  23  -1   0   1      0      0    .172E-01    .000E+00
  F  1  7  0.  0.
  12  24  -1   0   1      0      0    .548E-01    .000E+00
  F  1  7  0.  0.
  12  25  -1   0   1      0      0    .630E-02    .000E+00
  F  1  7  0.  0.
  12  26  -1   0   1      0      0    .142E-01    .000E+00
  F  1  7  0.  0.
  12  27  -1   0   1      0      0    .390E-01    .000E+00
  F  1  7  0.  0.
  12  28  -1   0   1      0      0    .540E-01    .000E+00
  F  1  7  0.  0.
  12  29  -1   0   1      0      0    .638E+00    .000E+00
  F  1  7  0.  0.
  12  30  -1   0   1      0      0    .448E-01    .000E+00
  F  1  7  0.  0.
  12  31  -1   0   1      0      0    .530E-02    .000E+00
  F  1  7  0.  0.
  13  14   0   0   4      0      0    .000E+00    .500E-01
  13  15   0   0   4      0      0    .000E+00    .500E-01
  13  16   0   0   4      0      0    .000E+00    .500E-01
  13  17  -1   0   1      0      0    .130E+00    .000E+00
  F  1  7  0.  0.
  13  18   0   0   4      0      0    .000E+00    .500E-01
  13  19  -1   0   1      0      0    .455E-01    .000E+00
  F  1  7  0.  0.
  13  20   0   0   4      0      0    .000E+00    .500E-01
  13  21  -1   0   1      0      0    .171E+00    .000E+00
  F  1  7  0.  0.
  13  22   0   0   4      0      0    .000E+00    .500E-01
  13  23   0   0   4      0      0    .000E+00    .500E-01
  13  24   0   0   4      0      0    .000E+00    .500E-01
  13  25  -1   0   1      0      0    .227E+00    .000E+00
  F  1  7  0.  0.
  13  26   0   0   4      0      0    .000E+00    .500E-01
  13  27   0   0   4      0      0    .000E+00    .500E-01
  13  28   0   0   4      0      0    .000E+00    .500E-01
  13  29   0   0   4      0      0    .000E+00    .500E-01
  13  30   0   0   4      0      0    .000E+00    .500E-01
  13  31  -1   0   1      0      0    .492E+00    .000E+00
  F  1  7  0.  0.
  14  15   0   0   4      0      0    .000E+00    .500E-01
  14  16  -1   0   1      0      0    .328E-01    .000E+00
  F  1  7  0.  0.
  14  17  -1   0   1      0      0    .121E-04    .000E+00
  F  1  7  0.  0.
  14  18  -1   0   1      0      0    .440E-01    .000E+00
  F  1  7  0.  0.
  14  19  -1   0   1      0      0    .943E-01    .000E+00
  F  1  7  0.  0.
  14  20  -1   0   1      0      0    .333E-01    .000E+00
  F  1  7  0.  0.
  14  21  -1   0   1      0      0    .707E-01    .000E+00
  F  1  7  0.  0.
  14  22   0   0   4      0      0    .000E+00    .500E-01
  14  23   0   0   4      0      0    .000E+00    .500E-01
  14  24  -1   0   1      0      0    .292E-01    .000E+00
  F  1  7  0.  0.
  14  25  -1   0   1      0      0    .730E-03    .000E+00
  F  1  7  0.  0.
  14  26   0   0   4      0      0    .000E+00    .500E-01
  14  27   0   0   4      0      0    .000E+00    .500E-01
  14  28  -1   0   1      0      0    .278E-02    .000E+00
  F  1  7  0.  0.
  14  29   0   0   4      0      0    .000E+00    .500E-01
  14  30  -1   0   1      0      0    .623E+00    .000E+00
  F  1  7  0.  0.
  14  31  -1   0   1      0      0    .127E+00    .000E+00
  F  1  7  0.  0.
  15  16   0   0   4      0      0    .000E+00    .500E-01
  15  17  -1   0   1      0      0    .579E-01    .000E+00
  F  1  7  0.  0.
  15  18   0   0   4      0      0    .000E+00    .500E-01
  15  19  -1   0   1      0      0    .146E+00    .000E+00
  F  1  7  0.  0.
  15  20   0   0   4      0      0    .000E+00    .500E-01
  15  21  -1   0   1      0      0    .128E+00    .000E+00
  F  1  7  0.  0.
  15  22   0   0   4      0      0    .000E+00    .500E-01
  15  23   0   0   4      0      0    .000E+00    .500E-01
  15  24   0   0   4      0      0    .000E+00    .500E-01
  15  25  -1   0   1      0      0    .425E+00    .000E+00
  F  1  7  0.  0.
  15  26   0   0   4      0      0    .000E+00    .500E-01
  15  27   0   0   4      0      0    .000E+00    .500E-01
  15  28   0   0   4      0      0    .000E+00    .500E-01
  15  29   0   0   4      0      0    .000E+00    .500E-01
  15  30   0   0   4      0      0    .000E+00    .500E-01
  15  31  -1   0   1      0      0    .403E+00    .000E+00
  F  1  7  0.  0.
  16  17   0   0   4      0      0    .000E+00    .500E-01
  16  18   0   0   4      0      0    .000E+00    .500E-01
  16  19   0   0   4      0      0    .000E+00    .500E-01
  16  20   0   0   4      0      0    .000E+00    .500E-01
  16  21   0   0   4      0      0    .000E+00    .500E-01
  16  22   0   0   4      0      0    .000E+00    .500E-01
  16  23   0   0   4      0      0    .000E+00    .500E-01
  16  24   0   0   4      0      0    .000E+00    .500E-01
  16  25   0   0   4      0      0    .000E+00    .500E-01
  16  26   0   0   4      0      0    .000E+00    .500E-01
  16  27   0   0   4      0      0    .000E+00    .500E-01
  16  28   0   0   4      0      0    .000E+00    .500E-01
  16  29   0   0   4      0      0    .000E+00    .500E-01
  16  30   0   0   4      0      0    .000E+00    .500E-01
  16  31   0   0   4      0      0    .000E+00    .500E-01
  17  18   0   0   4      0      0    .000E+00    .500E-01
  17  19   0   0   4      0      0    .000E+00    .500E-01
  17  20   0   0   4      0      0    .000E+00    .500E-01
  17  21   0   0   4      0      0    .000E+00    .500E-01
  17  22   0   0   4      0      0    .000E+00    .500E-01
  17  23   0   0   4      0      0    .000E+00    .500E-01
  17  24   0   0   4      0      0    .000E+00    .500E-01
  17  25   0   0   4      0      0    .000E+00    .500E-01
  17  26   0   0   4      0      0    .000E+00    .500E-01
  17  27   0   0   4      0      0    .000E+00    .500E-01
  17  28   0   0   4      0      0    .000E+00    .500E-01
  17  29   0   0   4      0      0    .000E+00    .500E-01
  17  30   0   0   4      0      0    .000E+00    .500E-01
  17  31   0   0   4      0      0    .000E+00    .500E-01
  18  19   0   0   4      0      0    .000E+00    .500E-01
  18  20   0   0   4      0      0    .000E+00    .500E-01
  18  21   0   0   4      0      0    .000E+00    .500E-01
  18  22   0   0   4      0      0    .000E+00    .500E-01
  18  23   0   0   4      0      0    .000E+00    .500E-01
  18  24   0   0   4      0      0    .000E+00    .500E-01
  18  25   0   0   4      0      0    .000E+00    .500E-01
  18  26   0   0   4      0      0    .000E+00    .500E-01
  18  27   0   0   4      0      0    .000E+00    .500E-01
  18  28   0   0   4      0      0    .000E+00    .500E-01
  18  29   0   0   4      0      0    .000E+00    .500E-01
  18  30   0   0   4      0      0    .000E+00    .500E-01
  18  31   0   0   4      0      0    .000E+00    .500E-01
  19  20   0   0   4      0      0    .000E+00    .500E-01
  19  21   0   0   4      0      0    .000E+00    .500E-01
  19  22   0   0   4      0      0    .000E+00    .500E-01
  19  23   0   0   4      0      0    .000E+00    .500E-01
  19  24   0   0   4      0      0    .000E+00    .500E-01
  19  25   0   0   4      0      0    .000E+00    .500E-01
  19  26   0   0   4      0      0    .000E+00    .500E-01
  19  27   0   0   4      0      0    .000E+00    .500E-01
  19  28   0   0   4      0      0    .000E+00    .500E-01
  19  29   0   0   4      0      0    .000E+00    .500E-01
  19  30   0   0   4      0      0    .000E+00    .500E-01
  19  31   0   0   4      0      0    .000E+00    .500E-01
  20  21   0   0   4      0      0    .000E+00    .500E-01
  20  22   0   0   4      0      0    .000E+00    .500E-01
  20  23   0   0   4      0      0    .000E+00    .500E-01
  20  24   0   0   4      0      0    .000E+00    .500E-01
  20  25   0   0   4      0      0    .000E+00    .500E-01
  20  26   0   0   4      0      0    .000E+00    .500E-01
  20  27   0   0   4      0      0    .000E+00    .500E-01
  20  28   0   0   4      0      0    .000E+00    .500E-01
  20  29   0   0   4      0      0    .000E+00    .500E-01
  20  30   0   0   4      0      0    .000E+00    .500E-01
  20  31   0   0   4      0      0    .000E+00    .500E-01
  21  22   0   0   4      0      0    .000E+00    .500E-01
  21  23   0   0   4      0      0    .000E+00    .500E-01
  21  24   0   0   4      0      0    .000E+00    .500E-01
  21  25   0   0   4      0      0    .000E+00    .500E-01
  21  26   0   0   4      0      0    .000E+00    .500E-01
  21  27   0   0   4      0      0    .000E+00    .500E-01
  21  28   0   0   4      0      0    .000E+00    .500E-01
  21  29   0   0   4      0      0    .000E+00    .500E-01
  21  30   0   0   4      0      0    .000E+00    .500E-01
  21  31   0   0   4      0      0    .000E+00    .500E-01
  22  23   0   0   4      0      0    .000E+00    .500E-01
  22  24   0   0   4      0      0    .000E+00    .500E-01
  22  25   0   0   4      0      0    .000E+00    .500E-01
  22  26   0   0   4      0      0    .000E+00    .500E-01
  22  27   0   0   4      0      0    .000E+00    .500E-01
  22  28   0   0   4      0      0    .000E+00    .500E-01
  22  29   0   0   4      0      0    .000E+00    .500E-01
  22  30   0   0   4      0      0    .000E+00    .500E-01
  22  31   0   0   4      0      0    .000E+00    .500E-01
  23  24   0   0   4      0      0    .000E+00    .500E-01
  23  25   0   0   4      0      0    .000E+00    .500E-01
  23  26   0   0   4      0      0    .000E+00    .500E-01
  23  27   0   0   4      0      0    .000E+00    .500E-01
  23  28   0   0   4      0      0    .000E+00    .500E-01
  23  29   0   0   4      0      0    .000E+00    .500E-01
  23  30   0   0   4      0      0    .000E+00    .500E-01
  23  31   0   0   4      0      0    .000E+00    .500E-01
  24  25   0   0   4      0      0    .000E+00    .500E-01
  24  26   0   0   4      0      0    .000E+00    .500E-01
  24  27   0   0   4      0      0    .000E+00    .500E-01
  24  28   0   0   4      0      0    .000E+00    .500E-01
  24  29   0   0   4      0      0    .000E+00    .500E-01
  24  30   0   0   4      0      0    .000E+00    .500E-01
  24  31   0   0   4      0      0    .000E+00    .500E-01
  25  26   0   0   4      0      0    .000E+00    .500E-01
  25  27   0   0   4      0      0    .000E+00    .500E-01
  25  28   0   0   4      0      0    .000E+00    .500E-01
  25  29   0   0   4      0      0    .000E+00    .500E-01
  25  30   0   0   4      0      0    .000E+00    .500E-01
  25  31   0   0   4      0      0    .000E+00    .500E-01
  26  27   0   0   4      0      0    .000E+00    .500E-01
  26  28   0   0   4      0      0    .000E+00    .500E-01
  26  29   0   0   4      0      0    .000E+00    .500E-01
  26  30   0   0   4      0      0    .000E+00    .500E-01
  26  31   0   0   4      0      0    .000E+00    .500E-01
  27  28   0   0   4      0      0    .000E+00    .500E-01
  27  29   0   0   4      0      0    .000E+00    .500E-01
  27  30   0   0   4      0      0    .000E+00    .500E-01
  27  31   0   0   4      0      0    .000E+00    .500E-01
  28  29   0   0   4      0      0    .000E+00    .500E-01
  28  30   0   0   4      0      0    .000E+00    .500E-01
  28  31   0   0   4      0      0    .000E+00    .500E-01
  29  30   0   0   4      0      0    .000E+00    .500E-01
  29  31   0   0   4      0      0    .000E+00    .500E-01
  30  31   0   0   4      0      0    .000E+00    .500E-01
