****** Levels
 5.89433957E+15      6.    2  'C II 2Po 1'  0   0.   0  
 4.60547088E+15     12.    3  'C II 4Pe 1'  0   0.   0  
 3.64928902E+15     10.    3  'C II 2De 1'  0   0.   0 
 3.00290047E+15      2.    3  'C II 2Se 1'  0   0.  -102
 2.57847422E+15      6.    3  'C II 2Pe 1'  0   0.  -103
 2.40202488E+15      2.    3  'C II 2Se 2'  0   0.  -103
 1.94653729E+15      6.    4  'C II 2Po 2'  0   0.  -104
 1.63790846E+15      4.    4  'C II 4So 1'  0   0.  -104
 1.53229293E+15     10.    4  'C II 2De 2'  0   0.  -104
 1.38499690E+15     10.    4  'C II 2Do 1'  0   0.  -104
 1.18203271E+15      2.    4  'C II 2Se 3'  0   0.  -104
 1.02350238E+15      6.    5  'C II 2Po 3'  0   0.  -104
 8.88993470E+14     12.    5  'C II 4Po 1'  0   0.  -104
 8.55573122E+14     10.    5  'C II 2De 3'  0   0.  -104
 8.37049263E+14      6.    5  'C II 2Po 4'  0   0.  -104
 8.29966191E+14     14.    5  'C II 2Fo 1'  0   0.  -104
 6.98977473E+14      2.    5  'C II 2Se 4'  0   0.  -104
 5.53884922E+14     54.    6  'C II+2__ 1'  0   0.  -104
 4.06452586E+14     36.    7  'C II+4_e 2'  0   0.  -104
 3.81543588E+14     78.    7  'C II+2__ 3'  0   0.  -104
 2.75013719E+14     72.    8  'C II+2__ 4'  0   0.  -104
 2.15914784E+14     60.    9  'C II+2__ 5'  0   0.  -104
****** Continuum transitions
   1  23   1    105      0      0      0   9.222E-19   0.000E+00
  -0.001   0.037   0.142   0.323   0.996
   0.662   0.711   0.549   0.261  -1.747
   2  24   1    107      0      0      0   2.736E-18   0.000E+00
   0.000   0.044   0.055   0.096   0.153   0.262   0.926
   0.986   0.930   0.810   0.782   0.620   0.415  -1.585
   3  23   1    109      0      0      0   4.028E-19   0.000E+00
   0.002   0.012   0.041   0.130   0.141   0.197   0.336   0.802   1.286
   0.183  -0.548  -0.090   0.060   1.002   0.843   0.667  -0.327  -1.551
   4  23   1    108      0      0      0   4.932E-21   0.000E+00
  -0.002   0.048   0.165   0.165   0.286   0.447   0.849   1.322
  -1.683   0.408  -2.507   0.915   0.873   0.556  -0.331  -1.535
   5  23   1    109      0      0      0   2.338E-21   0.000E+00
  -0.005   0.073   0.094   0.119   0.183   0.201   0.258   0.372   1.375
  -2.000  -1.007   0.683  -1.113  -1.240   1.106   0.113   0.958  -1.451
   6  23   1    104      0      0      0   3.799E-19   0.000E+00
  -0.005   0.351   0.585   1.247
   0.282   0.084  -0.296  -2.282
   7  23   1    107      0      0      0   8.875E-19   0.000E+00
  -0.002   0.105   0.151   0.244   0.397   0.952   1.447
   0.648   0.606   0.437   0.422   0.042  -1.296  -2.803
   8  24   1    112      0      0      0   5.434E-19   0.000E+00
   0.000   0.015   0.040   0.060   0.094   0.127   0.139   0.162   0.261   0.264
   0.730   1.248
  -3.218  -4.363   0.479  -0.736  -0.859  -0.401   0.972  -0.842  -0.683   1.130
   0.021  -1.599
   9  23   1    109      0      0      0   7.835E-19   0.000E+00
  -0.006   0.118   0.234   0.301   0.332   0.412   0.576   0.910   1.564
   0.621   0.055  -0.673   1.940   0.646  -0.180  -0.685  -1.646  -3.150
  10  23   1    110      0      0      0   2.319E-21   0.000E+00
   0.003   0.074   0.127   0.149   0.212   0.301   0.305   0.608   1.079   1.582
  -1.958  -2.549  -3.563  -1.092  -3.162  -3.183   0.366   1.000  -0.014  -1.641
  11  23   1    109      0      0      0   2.945E-19   0.000E+00
  -0.002   0.363   0.416   0.439   0.461   0.670   1.328   1.622   1.795
   0.169  -0.014   0.887  -1.296  -0.465  -0.718  -1.831  -2.408  -2.944
  12  23   1    108      0      0      0   8.251E-19   0.000E+00
   0.012   0.367   0.430   0.456   0.492   0.528   0.866   1.546
   0.602   0.190   0.264   1.521   1.796  -0.021  -0.570  -2.609
  13  24   1    108      0      0      0   7.590E-20   0.000E+00
   0.000   0.041   0.054   0.064   0.173   0.235   0.504   1.170
   0.125   0.178   0.627   0.002   0.019  -0.148  -0.350  -2.366
  14  23   1    112      0      0      0   1.789E-18   0.000E+00
   0.003   0.256   0.385   0.425   0.447   0.496   0.554   0.590   0.648   0.790
   1.177   1.786
   0.944   0.183  -0.493  -0.916   0.211  -0.718   1.563   0.282  -0.394  -1.014
  -2.197  -3.507
  15  23   1    112      0      0      0   4.540E-19   0.000E+00
   0.007   0.101   0.212   0.225   0.421   0.430   0.536   0.576   0.603   0.786
   0.941   1.617
   0.324  -0.099  -0.254  -0.648  -0.648   0.479   1.000   0.042   0.366   0.676
   0.521  -1.507
  16  23   1    112      0      0      0   8.823E-19   0.000E+00
   0.003   0.243   0.425   0.496   0.568   0.585   0.661   0.777   1.351   1.515
   1.666   1.809
   0.634  -0.352  -1.409  -2.324   1.091  -0.282  -1.479  -1.972  -4.754  -6.233
  -8.416 -11.761
  17  23   1    110      0      0      0   2.790E-19   0.000E+00
   0.002   0.151   0.338   0.594   0.642   0.658   0.722   0.952   1.454   2.004
   0.144   0.127  -0.155  -0.313   0.602  -0.401  -1.018  -1.123  -1.951  -3.271
  18  23   1    109      0      0      0   1.420E-19   0.000E+00
  -0.002   0.541   0.568   0.723   0.746   0.777   0.923   1.110   1.978
  -0.144  -1.433  -1.127  -1.074  -0.134  -1.032  -0.863  -1.190  -3.799
  19  24   1    110      0      0      0   2.505E-26   0.000E+00
   0.000   0.035   0.121   0.149   0.170   0.195   0.402   0.790   1.199   1.484
  -0.715  -0.366  -0.440  -0.387   0.077  -0.673  -1.042  -1.887  -3.007  -4.000
  20  23   1    110      0      0      0   1.584E-19   0.000E+00
  -0.014   0.306   0.685   0.712   0.829   0.840   1.064   1.459   1.902   2.249
  -0.070  -0.761  -1.718  -1.070  -1.324  -1.056  -1.634  -2.423  -3.563  -4.690
  21  23   1    107      0      0      0   2.171E-19   0.000E+00
  -0.009   0.802   1.000   1.053   1.080   1.219   2.367
   0.056  -1.828  -1.916   0.003  -2.004  -2.567  -5.401
  22  23   1    106      0      0      0   2.238E-19   0.000E+00
  -0.004   0.883   0.920   1.181   1.502   2.468
   0.056  -1.810  -1.070  -1.458  -2.180  -5.014
*** Line transitions
   1   2   0   0   4      0      0   0.000E+00   5.000E-02
   1   3  -1   1   1      0      0   1.278E-01   7.000E-01
  T  3   15 175.  0.
  2.7E+8  3.0E-7   0.  0.  0.
   1   4  -1   1   1      0      0   1.245E-01   2.000E-01
  T  3   11  40.  0.
  2.1E+9  3.6E-7   0.  0.  0.
   1   5  -1   1   1      0      0   5.100E-01   2.000E-01
  T  3   11  40.  0.
  4.0E+9  0.  0.  0.       0.
   1   6  -1   1   1      0      0   1.302E-02   2.000E-01
  T  3   11  40.  0.
  0.      3.3E-6   0.  0.  0.
   1   7   0   0   4      0      0   0.000E+00   5.000E-02
   1   8   0   0   4      0      0   0.000E+00   5.000E-02
   1   9  -1   1   1      0      0   3.350E-01   2.000E-01
  T  3   11  40.  0.
  0.      6.8E-4   0.  0.  0.
   1  10   0   0   4      0      0   0.000E+00   5.000E-02
   1  11  -1   0   1      0      0   6.117E-03   2.000E-01
  F  1  7  0.  0.
   1  12   0   0   4      0      0   0.000E+00   5.000E-02
   1  13   0   0   4      0      0   0.000E+00   5.000E-02
   1  14  -1   0   1      0      0   1.173E-01   2.000E-01
  F  1  7  0.  0.
   1  15   0   0   4      0      0   0.000E+00   5.000E-02
   1  16   0   0   4      0      0   0.000E+00   5.000E-02
   1  17  -1   0   1      0      0   2.333E-03   2.000E-01
  F  1  7  0.  0.
   1  18  -1   0   1      0      0   5.700E-02   2.000E-01
  F  1  7  0.  0.
   1  19   0   0   4      0      0   0.000E+00   5.000E-02
   1  20  -1   0   1      0      0   5.412E-02   2.000E-01
  F  1  7  0.  0.
   1  21  -1   0   1      0      0   3.044E-02   2.000E-01
  F  1  7  0.  0.
   1  22  -1   0   1      0      0   3.657E-02   2.000E-01
  F  1  7  0.  0.
   2   3   0   0   4      0      0   0.000E+00   5.000E-02
   2   4   0   0   4      0      0   0.000E+00   5.000E-02
   2   5   0   0   4      0      0   0.000E+00   5.000E-02
   2   6   0   0   4      0      0   0.000E+00   5.000E-02
   2   7   0   0   4      0      0   0.000E+00   5.000E-02
   2   8  -1   0   1      0      0   1.767E-01   2.000E-01
  F  1  7  0.  0.
   2   9   0   0   4      0      0   0.000E+00   5.000E-02
   2  10   0   0   4      0      0   0.000E+00   5.000E-02
   2  11   0   0   4      0      0   0.000E+00   5.000E-02
   2  12   0   0   4      0      0   0.000E+00   5.000E-02
   2  13  -1   0   1      0      0   1.350E-01   2.000E-01
  F  1  7  0.  0.
   2  14   0   0   4      0      0   0.000E+00   5.000E-02
   2  15   0   0   4      0      0   0.000E+00   5.000E-02
   2  16   0   0   4      0      0   0.000E+00   5.000E-02
   2  17   0   0   4      0      0   0.000E+00   5.000E-02
   2  18   0   0   4      0      0   0.000E+00   5.000E-02
   2  19   0   0   4      0      0   0.000E+00   5.000E-02
   2  20   0   0   4      0      0   0.000E+00   5.000E-02
   2  21   0   0   4      0      0   0.000E+00   5.000E-02
   2  22   0   0   4      0      0   0.000E+00   5.000E-02
   3   4   0   0   4      0      0   0.000E+00   5.000E-02
   3   5   0   0   4      0      0   0.000E+00   5.000E-02
   3   6   0   0   4      0      0   0.000E+00   5.000E-02
   3   7  -1   0   1      0      0   1.180E-02   2.000E-01
  F  1  7  0.  0.
   3   8   0   0   4      0      0   0.000E+00   5.000E-02
   3   9   0   0   4      0      0   0.000E+00   5.000E-02
   3  10  -1   0   1      0      0   1.270E-01   2.000E-01
  F  1  7  0.  0.
   3  11   0   0   4      0      0   0.000E+00   5.000E-02
   3  12  -1   0   1      0      0   1.850E-02   2.000E-01
  F  1  7  0.  0.
   3  13   0   0   4      0      0   0.000E+00   5.000E-02
   3  14   0   0   4      0      0   0.000E+00   5.000E-02
   3  15  -1   0   1      0      0   1.680E-01   2.000E-01
  F  1  7  0.  0.
   3  16  -1   0   1      0      0   3.670E-03   2.000E-01
  F  1  7  0.  0.
   3  17   0   0   4      0      0   0.000E+00   5.000E-02
   3  18  -1   0   1      0      0   1.347E-02   2.000E-01
  F  1  7  0.  0.
   3  19   0   0   4      0      0   0.000E+00   5.000E-02
   3  20  -1   0   1      0      0   1.639E-03   2.000E-01
  F  1  7  0.  0.
   3  21  -1   0   1      0      0   1.126E-03   2.000E-01
  F  1  7  0.  0.
   3  22  -1   0   1      0      0   8.116E-04   2.000E-01
  F  1  7  0.  0.
   4   5   0   0   4      0      0   0.000E+00   5.000E-02
   4   6   0   0   4      0      0   0.000E+00   5.000E-02
   4   7  -1   0   1      0      0   1.360E-01   2.000E-01
  F  1  7  0.  0.
   4   8   0   0   4      0      0   0.000E+00   5.000E-02
   4   9   0   0   4      0      0   0.000E+00   5.000E-02
   4  10   0   0   4      0      0   0.000E+00   5.000E-02
   4  11   0   0   4      0      0   0.000E+00   5.000E-02
   4  12  -1   0   1      0      0   4.860E-04   2.000E-01
  F  1  7  0.  0.
   4  13   0   0   4      0      0   0.000E+00   5.000E-02
   4  14   0   0   4      0      0   0.000E+00   5.000E-02
   4  15  -1   0   1      0      0   9.250E-04   2.000E-01
  F  1  7  0.  0.
   4  16   0   0   4      0      0   0.000E+00   5.000E-02
   4  17   0   0   4      0      0   0.000E+00   5.000E-02
   4  18  -1   0   1      0      0   1.480E-01   2.000E-01
  F  1  7  0.  0.
   4  19   0   0   4      0      0   0.000E+00   5.000E-02
   4  20  -1   0   1      0      0   4.440E-03   2.000E-01
  F  1  7  0.  0.
   4  21  -1   0   1      0      0   5.550E-04   2.000E-01
  F  1  7  0.  0.
   4  22  -1   0   1      0      0   1.260E-04   2.000E-01
  F  1  7  0.  0.
   5   6   0   0   4      0      0   0.000E+00   5.000E-02
   5   7  -1   0   1      0      0   2.133E-04   7.000E-01
  F  1  7  0.  0.
   5   8   0   0   4      0      0   0.000E+00   5.000E-02
   5   9   0   0   4      0      0   0.000E+00   5.000E-02
   5  10  -1   0   1      0      0   8.383E-02   2.000E-01
  F  1  7  0.  0.
   5  11   0   0   4      0      0   0.000E+00   5.000E-02
   5  12  -1   0   1      0      0   6.233E-03   2.000E-01
  F  1  7  0.  0.
   5  13   0   0   4      0      0   0.000E+00   5.000E-02
   5  14   0   0   4      0      0   0.000E+00   5.000E-02
   5  15  -1   0   1      0      0   1.453E-01   2.000E-01
  F  1  7  0.  0.
   5  16   0   0   4      0      0   0.000E+00   5.000E-02
   5  17   0   0   4      0      0   0.000E+00   5.000E-02
   5  18  -1   0   1      0      0   3.108E-02   2.000E-01
  F  1  7  0.  0.
   5  19   0   0   4      0      0   0.000E+00   5.000E-02
   5  20  -1   0   1      0      0   2.950E-06   2.000E-01
  F  1  7  0.  0.
   5  21  -1   0   1      0      0   3.650E-05   2.000E-01
  F  1  7  0.  0.
   5  22  -1   0   1      0      0   2.883E-05   2.000E-01
  F  1  7  0.  0.
   6   7  -1   0   1      0      0   6.900E-01   7.000E-01
  F  1  7  0.  0.
   6   8   0   0   4      0      0   0.000E+00   5.000E-02
   6   9   0   0   4      0      0   0.000E+00   5.000E-02
   6  10   0   0   4      0      0   0.000E+00   5.000E-02
   6  11   0   0   4      0      0   0.000E+00   5.000E-02
   6  12  -1   0   1      0      0   4.855E-02   2.000E-01
  F  1  7  0.  0.
   6  13   0   0   4      0      0   0.000E+00   5.000E-02
   6  14   0   0   4      0      0   0.000E+00   5.000E-02
   6  15  -1   0   1      0      0   6.500E-03   2.000E-01
  F  1  7  0.  0.
   6  16   0   0   4      0      0   0.000E+00   5.000E-02
   6  17   0   0   4      0      0   0.000E+00   5.000E-02
   6  18  -1   0   1      0      0   1.331E-02   2.000E-01
  F  1  7  0.  0.
   6  19   0   0   4      0      0   0.000E+00   5.000E-02
   6  20  -1   0   1      0      0   8.600E-03   2.000E-01
  F  1  7  0.  0.
   6  21  -1   0   1      0      0   5.850E-03   2.000E-01
  F  1  7  0.  0.
   6  22  -1   0   1      0      0   3.945E-03   2.000E-01
  F  1  7  0.  0.
   7   8   0   0   4      0      0   0.000E+00   5.000E-02
   7   9  -1   0   1      0      0   5.533E-01   7.000E-01
  F  1  7  0.  0.
   7  10   0   0   4      0      0   0.000E+00   5.000E-02
   7  11  -1   0   1      0      0   1.458E-01   2.000E-01
  F  1  7  0.  0.
   7  12   0   0   4      0      0   0.000E+00   5.000E-02
   7  13   0   0   4      0      0   0.000E+00   5.000E-02
   7  14  -1   0   1      0      0   9.833E-02   2.000E-01
  F  1  7  0.  0.
   7  15   0   0   4      0      0   0.000E+00   5.000E-02
   7  16   0   0   4      0      0   0.000E+00   5.000E-02
   7  17  -1   0   1      0      0   2.217E-02   2.000E-01
  F  1  7  0.  0.
   7  18  -1   0   1      0      0   5.083E-02   2.000E-01
  F  1  7  0.  0.
   7  19   0   0   4      0      0   0.000E+00   5.000E-02
   7  20  -1   0   1      0      0   4.987E-02   2.000E-01
  F  1  7  0.  0.
   7  21  -1   0   1      0      0   2.953E-02   2.000E-01
  F  1  7  0.  0.
   7  22  -1   0   1      0      0   3.269E-02   2.000E-01
  F  1  7  0.  0.
   8   9   0   0   4      0      0   0.000E+00   5.000E-02
   8  10   0   0   4      0      0   0.000E+00   5.000E-02
   8  11   0   0   4      0      0   0.000E+00   5.000E-02
   8  12   0   0   4      0      0   0.000E+00   5.000E-02
   8  13   0   0   4      0      0   0.000E+00   5.000E-02
   8  14   0   0   4      0      0   0.000E+00   5.000E-02
   8  15   0   0   4      0      0   0.000E+00   5.000E-02
   8  16   0   0   4      0      0   0.000E+00   5.000E-02
   8  17   0   0   4      0      0   0.000E+00   5.000E-02
   8  18   0   0   4      0      0   0.000E+00   5.000E-02
   8  19  -1   0   1      0      0   6.454E-02   2.000E-01
  F  1  7  0.  0.
   8  20   0   0   4      0      0   0.000E+00   5.000E-02
   8  21   0   0   4      0      0   0.000E+00   5.000E-02
   8  22   0   0   4      0      0   0.000E+00   5.000E-02
   9  10  -1   0   1      0      0   5.450E-06   7.000E-01
  F  1  7  0.  0.
   9  11   0   0   4      0      0   0.000E+00   5.000E-02
   9  12  -1   0   1      0      0   1.090E-01   2.000E-01
  F  1  7  0.  0.
   9  13   0   0   4      0      0   0.000E+00   5.000E-02
   9  14   0   0   4      0      0   0.000E+00   5.000E-02
   9  15  -1   0   1      0      0   2.210E-04   2.000E-01
  F  1  7  0.  0.
   9  16  -1   0   1      0      0   9.050E-01   2.000E-01
  F  1  7  0.  0.
   9  17   0   0   4      0      0   0.000E+00   5.000E-02
   9  18  -1   0   1      0      0   1.627E-01   2.000E-01
  F  1  7  0.  0.
   9  19   0   0   4      0      0   0.000E+00   5.000E-02
   9  20  -1   0   1      0      0   5.565E-02   2.000E-01
  F  1  7  0.  0.
   9  21  -1   0   1      0      0   2.652E-02   2.000E-01
  F  1  7  0.  0.
   9  22  -1   0   1      0      0   1.488E-02   2.000E-01
  F  1  7  0.  0.
  10  11   0   0   4      0      0   0.000E+00   5.000E-02
  10  12   0   0   4      0      0   0.000E+00   5.000E-02
  10  13   0   0   4      0      0   0.000E+00   5.000E-02
  10  14  -1   0   1      0      0   2.700E-09   2.000E-01
  F  1  7  0.  0.
  10  15   0   0   4      0      0   0.000E+00   5.000E-02
  10  16   0   0   4      0      0   0.000E+00   5.000E-02
  10  17   0   0   4      0      0   0.000E+00   5.000E-02
  10  18  -1   0   1      0      0   8.610E-06   2.000E-01
  F  1  7  0.  0.
  10  19   0   0   4      0      0   0.000E+00   5.000E-02
  10  20  -1   0   1      0      0   2.095E-02   2.000E-01
  F  1  7  0.  0.
  10  21  -1   0   1      0      0   3.900E-04   2.000E-01
  F  1  7  0.  0.
  10  22  -1   0   1      0      0   6.940E-03   2.000E-01
  F  1  7  0.  0.
  11  12  -1   0   1      0      0   1.120E+00   7.000E-01
  F  1  7  0.  0.
  11  13   0   0   4      0      0   0.000E+00   5.000E-02
  11  14   0   0   4      0      0   0.000E+00   5.000E-02
  11  15  -1   0   1      0      0   1.555E-01   2.000E-01
  F  1  7  0.  0.
  11  16   0   0   4      0      0   0.000E+00   5.000E-02
  11  17   0   0   4      0      0   0.000E+00   5.000E-02
  11  18  -1   0   1      0      0   5.065E-02   2.000E-01
  F  1  7  0.  0.
  11  19   0   0   4      0      0   0.000E+00   5.000E-02
  11  20  -1   0   1      0      0   2.700E-03   2.000E-01
  F  1  7  0.  0.
  11  21  -1   0   1      0      0   3.455E-03   2.000E-01
  F  1  7  0.  0.
  11  22  -1   0   1      0      0   2.645E-03   2.000E-01
  F  1  7  0.  0.
  12  13   0   0   4      0      0   0.000E+00   5.000E-02
  12  14  -1   0   1      0      0   9.133E-01   7.000E-01
  F  1  7  0.  0.
  12  15   0   0   4      0      0   0.000E+00   5.000E-02
  12  16   0   0   4      0      0   0.000E+00   5.000E-02
  12  17  -1   0   1      0      0   1.967E-01   2.000E-01
  F  1  7  0.  0.
  12  18  -1   0   1      0      0   3.417E-02   2.000E-01
  F  1  7  0.  0.
  12  19   0   0   4      0      0   0.000E+00   5.000E-02
  12  20  -1   0   1      0      0   7.767E-02   2.000E-01
  F  1  7  0.  0.
  12  21  -1   0   1      0      0   4.247E-02   2.000E-01
  F  1  7  0.  0.
  12  22  -1   0   1      0      0   8.317E-02   2.000E-01
  F  1  7  0.  0.
  13  14   0   0   4      0      0   0.000E+00   5.000E-02
  13  15   0   0   4      0      0   0.000E+00   5.000E-02
  13  16   0   0   4      0      0   0.000E+00   5.000E-02
  13  17   0   0   4      0      0   0.000E+00   5.000E-02
  13  18   0   0   4      0      0   0.000E+00   5.000E-02
  13  19  -1   0   1      0      0   8.758E-01   2.000E-01
  F  1  7  0.  0.
  13  20   0   0   4      0      0   0.000E+00   5.000E-02
  13  21   0   0   4      0      0   0.000E+00   5.000E-02
  13  22   0   0   4      0      0   0.000E+00   5.000E-02
  14  15  -1   0   1      0      0   2.580E-02   7.000E-01
  F  1  7  0.  0.
  14  16  -1   0   1      0      0   9.240E-02   7.000E-01
  F  1  7  0.  0.
  14  17   0   0   4      0      0   0.000E+00   5.000E-02
  14  18  -1   0   1      0      0   9.182E-01   2.000E-01
  F  1  7  0.  0.
  14  19   0   0   4      0      0   0.000E+00   5.000E-02
  14  20  -1   0   1      0      0   1.969E-01   2.000E-01
  F  1  7  0.  0.
  14  21  -1   0   1      0      0   7.974E-02   2.000E-01
  F  1  7  0.  0.
  14  22  -1   0   1      0      0   4.120E-02   2.000E-01
  F  1  7  0.  0.
  15  16   0   0   4      0      0   0.000E+00   5.000E-02
  15  17  -1   0   1      0      0   4.983E-02   7.000E-01
  F  1  7  0.  0.
  15  18  -1   0   1      0      0   1.007E-01   2.000E-01
  F  1  7  0.  0.
  15  19   0   0   4      0      0   0.000E+00   5.000E-02
  15  20  -1   0   1      0      0   7.972E-02   2.000E-01
  F  1  7  0.  0.
  15  21  -1   0   1      0      0   2.258E-03   2.000E-01
  F  1  7  0.  0.
  15  22  -1   0   1      0      0   2.704E-01   2.000E-01
  F  1  7  0.  0.
  16  17   0   0   4      0      0   0.000E+00   5.000E-02
  16  18  -1   0   1      0      0   1.339E+00   2.000E-01
  F  1  7  0.  0.
  16  19   0   0   4      0      0   0.000E+00   5.000E-02
  16  20  -1   0   1      0      0   1.895E-01   2.000E-01
  F  1  7  0.  0.
  16  21  -1   0   1      0      0   6.164E-02   2.000E-01
  F  1  7  0.  0.
  16  22  -1   0   1      0      0   2.817E-02   2.000E-01
  F  1  7  0.  0.
  17  18  -1   0   1      0      0   1.705E+00   2.000E-01
  F  1  7  0.  0.
  17  19   0   0   4      0      0   0.000E+00   5.000E-02
  17  20  -1   0   1      0      0   6.700E-05   2.000E-01
  F  1  7  0.  0.
  17  21  -1   0   1      0      0   2.725E-03   2.000E-01
  F  1  7  0.  0.
  17  22  -1   0   1      0      0   2.650E-03   2.000E-01
  F  1  7  0.  0.
  18  19   0   0   4      0      0   0.000E+00   5.000E-02
  18  20  -1   0   1      0      0   1.073E+00   2.000E-01
  F  1  7  0.  0.
  18  21  -1   0   1      0      0   1.918E-01   2.000E-01
  F  1  7  0.  0.
  18  22  -1   0   1      0      0   6.195E-02   2.000E-01
  F  1  7  0.  0.
  19  20   0   0   4      0      0   0.000E+00   5.000E-02
  19  21   0   0   4      0      0   0.000E+00   5.000E-02
  19  22   0   0   4      0      0   0.000E+00   5.000E-02
  20  21  -1   0   1      0      0   1.317E+00   2.000E-01
  F  1  7  0.  0.
  20  22  -1   0   1      0      0   1.608E-01   2.000E-01
  F  1  7  0.  0.
  21  22  -1   0   1      0      0   1.073E+00   2.000E-01
  F  1  7  0.  0.
