****** Levels
 1.15786982E+16      1.    3  'CIII 1Se 1'  0   0.   0  
 1.00072781E+16      9.    3  'CIII 3Po 1'  0   0.   0  
 8.51040200E+15      3.    3  'CIII 1Po 1'  0   0.  -102
 7.45740433E+15      9.    3  'CIII 3Pe 1'  0   0.  -102
 7.20564408E+15      5.    3  'CIII 1De 1'  0   0.  -102
 6.10711654E+15      1.    3  'CIII 1Se 2'  0   0.  -102
 4.43756477E+15      3.    4  'CIII 3Se 1'  0   0.  -102
 4.16906033E+15      1.    4  'CIII 1Se 3'  0   0.  -102
 3.81647116E+15      3.    4  'CIII 1Po 2'  0   0.  -102
 3.79288401E+15      9.    4  'CIII 3Po 2'  0   0.  -102
 3.48427745E+15     15.    4  'CIII 3De 1'  0   0.  -102
 3.29031727E+15      5.    4  'CIII 1De 2'  0   0.  -102
 2.33834958E+15      9.    5  'CIII 3Po 3'  0   0.  -102
 2.30181712E+15      3.    5  'CIII 3Se 2'  0   0.  -102
 2.28535290E+15      3.    5  'CIII 1Po 4'  0   0.  -102
 2.23393852E+15      1.    5  'CIII 1Se 4'  0   0.  -102
 1.92298530E+15     72.    5  'CIII+3__ 1'  0   0.  -102
 1.91333384E+15     18.    5  'CIII+1__ 2'  0   0.  -102
 1.59900612E+15     10.    5  'CIII 1D_ 3'  0   0.  -102
 1.38018103E+15    120.    6  'CIII+3__ 4'  0   0.  -102
 1.23976754E+15     36.    6  'CIII+1__ 5'  0   0.  -102
 8.35378387E+14    108.    7  'CIII+3__ 6'  0   0.  -102
 8.32584712E+14     25.    7  'CIII+1__ 7'  0   0.  -102
****** Continuum transitions
   1  24   1    105      0      0      0   4.563E-19   0.000E+00
  -0.001   0.134   0.261   0.547   1.083
   0.183   0.014  -0.211  -0.789  -2.387
   2  24   1    105      0      0      0   5.746E-19   0.000E+00
  -0.003   0.067   0.169   0.595   1.080
   0.283   0.257   0.063  -0.887  -2.375
   3  24   1    107      0      0      0   5.383E-19   0.000E+00
  -0.006   0.072   0.077   0.191   0.323   0.602   1.108
   0.264   0.127   0.359   0.148  -0.190  -0.771  -2.292
   4  24   1    106      0      0      0   4.330E-19   0.000E+00
  -0.001   0.022   0.029   0.081   0.360   1.070
   0.231  -1.988  -0.438   0.644  -0.113  -2.269
   5  24   1    107      0      0      0   7.787E-18   0.000E+00
  -0.001   0.022   0.032   0.089   0.226   0.370   1.078
   1.489  -0.852   0.257   0.600   0.292  -0.122  -2.243
   6  24   1    106      0      0      0   5.135E-19   0.000E+00
  -0.003   0.022   0.096   0.273   0.403   1.138
   0.430  -1.092   0.683   0.303  -0.056  -2.169
   7  24   1    107      0      0      0   3.263E-19   0.000E+00
   0.002   0.251   0.304   0.308   0.496   0.884   1.354
   0.035  -0.144   0.225  -0.662  -0.049  -0.747  -2.194
   8  24   1    109      0      0      0   2.646E-19   0.000E+00
  -0.009   0.020   0.311   0.336   0.354   0.411   0.507   0.913   1.386
  -0.134   0.120  -0.514   0.923  -0.239  -0.789  -0.081  -0.789  -2.204
   9  24   1    106      0      0      0   8.577E-19   0.000E+00
  -0.002   0.148   0.297   0.543   0.867   1.390
   0.459   0.187   0.019  -0.086  -0.667  -2.234
  10  24   1    106      0      0      0   8.564E-19   0.000E+00
  -0.002   0.326   0.536   0.550   0.945   1.407
   0.459  -0.254  -0.773  -0.077  -0.791  -2.199
  11  24   1    106      0      0      0   1.109E-18   0.000E+00
  -0.002   0.468   0.571   0.575   0.977   1.472
   0.574  -1.046  -1.151  -0.130  -0.799  -2.331
  12  24   1    109      0      0      0   1.503E-19   0.000E+00
   0.002   0.016   0.073   0.183   0.372   0.593   0.781   1.002   1.468
  -0.183   0.759   0.046  -0.130  -0.606  -0.130  -0.394  -0.835  -2.252
  13  24   1    110      0      0      0   1.120E-21   0.000E+00
   0.002   0.087   0.105   0.126   0.226   0.237   0.443   0.564   0.706   1.454
  -2.409  -1.475  -0.419  -2.303  -1.511   0.127  -0.067  -0.472   0.162  -1.951
  14  24   1    104      0      0      0   5.748E-19   0.000E+00
  -0.002   0.719   1.088   1.502
   0.285  -0.824  -1.669  -2.954
  15  24   1    107      0      0      0   6.758E-19   0.000E+00
   0.002   0.190   0.197   0.400   0.696   1.066   1.479
   0.349  -0.095   0.127  -0.359  -0.254  -1.141  -2.377
  16  24   1    109      0      0      0   1.804E-20   0.000E+00
  -0.002   0.029   0.109   0.109   0.238   0.710   0.723   1.008   1.520
  -1.268  -0.454   0.285  -0.475  -0.222  -1.046  -0.761  -1.416  -2.937
  17  24   1    107      0      0      0   2.196E-19   0.000E+00
  -0.006   0.029   0.087   0.270   0.754   0.777   1.528
  -0.021  -0.673  -0.857  -0.778  -1.729  -1.148  -3.366
  18  24   1    110      0      0      0   1.391E-19   0.000E+00
  -0.006   0.016   0.052   0.145   0.265   0.305   0.772   0.781   1.119   1.586
  -0.630   0.426  -0.208  -0.662  -0.989  -0.599  -1.137  -0.842  -1.750  -3.155
  19  24   1    110      0      0      0   6.399E-19   0.000E+00
  -0.006   0.020   0.087   0.127   0.323   0.590   0.665   0.706   0.848   1.613
   0.160   0.882  -1.803  -0.579  -0.227  -0.949  -0.245  -0.958  -0.535  -2.762
  20  24   1    109      0      0      0   5.689E-20   0.000E+00
  -0.006   0.060   0.078   0.109   0.381   0.608   0.883   0.906   1.733
  -0.736  -0.588   0.246  -0.979  -1.095  -1.835  -2.204  -1.444  -3.863
  21  24   1    111      0      0      0   1.185E-18   0.000E+00
   0.003   0.132   0.194   0.234   0.394   0.665   0.772   0.794   0.950   1.195
   1.729
   0.572  -0.623   0.547  -0.734  -0.611  -1.363   0.030  -0.931  -0.968  -1.560
  -3.187
  22  24   1    109      0      0      0   6.342E-20   0.000E+00
   0.007   0.052   0.256   0.514   0.937   1.088   1.155   1.560   1.929
  -0.648  -0.479  -1.155  -1.704  -2.732  -2.761  -3.155  -4.099  -5.225
  23  24   1    111      0      0      0   2.900E-19   0.000E+00
  -0.002   0.123   0.274   0.381   0.403   0.483   0.870   1.097   1.177   1.471
   1.844
  -0.014  -0.056  -0.634  -0.254  -0.761  -1.070  -1.901  -1.817  -2.310  -2.958
  -4.056
*** Line transitions
   1   2   0   0   4      0      0   0.000E+00   5.000E-02
   1   3  -1   1   1     17     17   7.800E-01   7.000E-01
  T  3   17 250.  0.
  1.6E+9  3.4E-7   0.  0.  0.
   1   4   0   0   4      0      0   0.000E+00   5.000E-02
   1   5   0   0   4      0      0   0.000E+00   5.000E-02
   1   6   0   0   4      0      0   0.000E+00   5.000E-02
   1   7   0   0   4      0      0   0.000E+00   5.000E-02
   1   8   0   0   4      0      0   0.000E+00   5.000E-02
   1   9  -1   1   1      0      0   2.320E-01   2.000E-01
  F  3   11  40.  0.
  4.3E+9  0.  0.  0.  0.
   1  10   0   0   4      0      0   0.000E+00   5.000E-02
   1  11   0   0   4      0      0   0.000E+00   5.000E-02
   1  12   0   0   4      0      0   0.000E+00   5.000E-02
   1  13   0   0   4      0      0   0.000E+00   5.000E-02
   1  14   0   0   4      0      0   0.000E+00   5.000E-02
   1  15  -1   1   1      0      0   2.840E-02   2.000E-01
  F  3   11  40.  0.
  4.4E+9  0.  0.  0.  0.
   1  16   0   0   4      0      0   0.000E+00   5.000E-02
   1  17   0   0   4      0      0   0.000E+00   5.000E-02
   1  18  -1   0   1      0      0   4.510E-02   2.000E-01
  F  1  7  0.  0.
   1  19   0   0   4      0      0   0.000E+00   5.000E-02
   1  20   0   0   4      0      0   0.000E+00   5.000E-02
   1  21  -1   0   1      0      0   4.825E-02   2.000E-01
  F  1  7  0.  0.
   1  22   0   0   4      0      0   0.000E+00   5.000E-02
   1  23  -1   0   1      0      0   1.640E-02   2.000E-01
  F  1  7  0.  0.
   2   3   0   0   4      0      0   0.000E+00   5.000E-02
   2   4  -1   1   1      0      0   2.811E-01   7.000E-01
  T  3   17 250.  0.
  1.3E+9  7.6E-7   0.  0.  0.
   2   5   0   0   4      0      0   0.000E+00   5.000E-02
   2   6   0   0   4      0      0   0.000E+00   5.000E-02
   2   7  -1   0   1      0      0   5.344E-02   2.000E-01
  F  1  7  0.  0.
   2   8   0   0   4      0      0   0.000E+00   5.000E-02
   2   9   0   0   4      0      0   0.000E+00   5.000E-02
   2  10   0   0   4      0      0   0.000E+00   5.000E-02
   2  11  -1   0   1      0      0   5.633E-01   2.000E-01
  F  1  7  0.  0.
   2  12   0   0   4      0      0   0.000E+00   5.000E-02
   2  13   0   0   4      0      0   0.000E+00   5.000E-02
   2  14  -1   0   1      0      0   1.300E-02   2.000E-01
  F  1  7  0.  0.
   2  15   0   0   4      0      0   0.000E+00   5.000E-02
   2  16   0   0   4      0      0   0.000E+00   5.000E-02
   2  17  -1   0   1      0      0   1.905E-01   2.000E-01
  F  1  7  0.  0.
   2  18   0   0   4      0      0   0.000E+00   5.000E-02
   2  19   0   0   4      0      0   0.000E+00   5.000E-02
   2  20  -1   0   1      0      0   5.349E-02   2.000E-01
  F  1  7  0.  0.
   2  21   0   0   4      0      0   0.000E+00   5.000E-02
   2  22  -1   0   1      0      0   2.844E-02   2.000E-01
  F  1  7  0.  0.
   2  23   0   0   4      0      0   0.000E+00   5.000E-02
   3   4   0   0   4      0      0   0.000E+00   5.000E-02
   3   5  -1   0   1      0      0   1.800E-01   7.000E-01
  F  1  7  0.  0.
   3   6  -1   0   1      0      0   1.737E-01   7.000E-01
  F  1  7  0.  0.
   3   7   0   0   4      0      0   0.000E+00   5.000E-02
   3   8  -1   0   1      0      0   1.813E-02   2.000E-01
  F  1  7  0.  0.
   3   9   0   0   4      0      0   0.000E+00   5.000E-02
   3  10   0   0   4      0      0   0.000E+00   5.000E-02
   3  11   0   0   4      0      0   0.000E+00   5.000E-02
   3  12  -1   0   1      0      0   5.233E-01   2.000E-01
  F  1  7  0.  0.
   3  13   0   0   4      0      0   0.000E+00   5.000E-02
   3  14   0   0   4      0      0   0.000E+00   5.000E-02
   3  15   0   0   4      0      0   0.000E+00   5.000E-02
   3  16  -1   0   1      0      0   2.940E-03   2.000E-01
  F  1  7  0.  0.
   3  17   0   0   4      0      0   0.000E+00   5.000E-02
   3  18  -1   0   1      0      0   2.337E-01   2.000E-01
  F  1  7  0.  0.
   3  19  -1   0   1      0      0   1.117E-01   2.000E-01
  F  1  7  0.  0.
   3  20   0   0   4      0      0   0.000E+00   5.000E-02
   3  21  -1   0   1      0      0   4.380E-02   2.000E-01
  F  1  7  0.  0.
   3  22   0   0   4      0      0   0.000E+00   5.000E-02
   3  23  -1   0   1      0      0   2.532E-02   2.000E-01
  F  1  7  0.  0.
   4   5   0   0   4      0      0   0.000E+00   5.000E-02
   4   6   0   0   4      0      0   0.000E+00   5.000E-02
   4   7   0   0   4      0      0   0.000E+00   5.000E-02
   4   8   0   0   4      0      0   0.000E+00   5.000E-02
   4   9   0   0   4      0      0   0.000E+00   5.000E-02
   4  10  -1   0   1      0      0   1.911E-04   2.000E-01
  F  1  7  0.  0.
   4  11   0   0   4      0      0   0.000E+00   5.000E-02
   4  12   0   0   4      0      0   0.000E+00   5.000E-02
   4  13  -1   0   1      0      0   1.333E-01   2.000E-01
  F  1  7  0.  0.
   4  14   0   0   4      0      0   0.000E+00   5.000E-02
   4  15   0   0   4      0      0   0.000E+00   5.000E-02
   4  16   0   0   4      0      0   0.000E+00   5.000E-02
   4  17  -1   0   1      0      0   3.667E-03   2.000E-01
  F  1  7  0.  0.
   4  18   0   0   4      0      0   0.000E+00   5.000E-02
   4  19   0   0   4      0      0   0.000E+00   5.000E-02
   4  20  -1   0   1      0      0   9.561E-01   2.000E-01
  F  1  7  0.  0.
   4  21   0   0   4      0      0   0.000E+00   5.000E-02
   4  22  -1   0   1      0      0   8.622E-04   2.000E-01
  F  1  7  0.  0.
   4  23   0   0   4      0      0   0.000E+00   5.000E-02
   5   6   0   0   4      0      0   0.000E+00   5.000E-02
   5   7   0   0   4      0      0   0.000E+00   5.000E-02
   5   8   0   0   4      0      0   0.000E+00   5.000E-02
   5   9  -1   0   1      0      0   2.720E-02   2.000E-01
  F  1  7  0.  0.
   5  10   0   0   4      0      0   0.000E+00   5.000E-02
   5  11   0   0   4      0      0   0.000E+00   5.000E-02
   5  12   0   0   4      0      0   0.000E+00   5.000E-02
   5  13   0   0   4      0      0   0.000E+00   5.000E-02
   5  14   0   0   4      0      0   0.000E+00   5.000E-02
   5  15  -1   0   1      0      0   1.364E-02   2.000E-01
  F  1  7  0.  0.
   5  16   0   0   4      0      0   0.000E+00   5.000E-02
   5  17   0   0   4      0      0   0.000E+00   5.000E-02
   5  18  -1   0   1      0      0   1.404E-01   2.000E-01
  F  1  7  0.  0.
   5  19  -1   0   1      0      0   2.200E-01   2.000E-01
  F  1  7  0.  0.
   5  20   0   0   4      0      0   0.000E+00   5.000E-02
   5  21  -1   0   1      0      0   5.550E-01   2.000E-01
  F  1  7  0.  0.
   5  22   0   0   4      0      0   0.000E+00   5.000E-02
   5  23  -1   0   1      0      0   6.356E-03   2.000E-01
  F  1  7  0.  0.
   6   7   0   0   4      0      0   0.000E+00   5.000E-02
   6   8   0   0   4      0      0   0.000E+00   5.000E-02
   6   9  -1   0   1      0      0   2.350E-02   2.000E-01
  F  1  7  0.  0.
   6  10   0   0   4      0      0   0.000E+00   5.000E-02
   6  11   0   0   4      0      0   0.000E+00   5.000E-02
   6  12   0   0   4      0      0   0.000E+00   5.000E-02
   6  13   0   0   4      0      0   0.000E+00   5.000E-02
   6  14   0   0   4      0      0   0.000E+00   5.000E-02
   6  15  -1   0   1      0      0   6.830E-02   2.000E-01
  F  1  7  0.  0.
   6  16   0   0   4      0      0   0.000E+00   5.000E-02
   6  17   0   0   4      0      0   0.000E+00   5.000E-02
   6  18  -1   0   1      0      0   1.410E-01   2.000E-01
  F  1  7  0.  0.
   6  19   0   0   4      0      0   0.000E+00   5.000E-02
   6  20   0   0   4      0      0   0.000E+00   5.000E-02
   6  21  -1   0   1      0      0   8.962E-01   2.000E-01
  F  1  7  0.  0.
   6  22   0   0   4      0      0   0.000E+00   5.000E-02
   6  23  -1   0   1      0      0   1.270E-02   2.000E-01
  F  1  7  0.  0.
   7   8   0   0   4      0      0   0.000E+00   5.000E-02
   7   9   0   0   4      0      0   0.000E+00   5.000E-02
   7  10  -1   0   1      0      0   7.033E-01   7.000E-01
  F  1  7  0.  0.
   7  11   0   0   4      0      0   0.000E+00   5.000E-02
   7  12   0   0   4      0      0   0.000E+00   5.000E-02
   7  13  -1   0   1      0      0   2.960E-01   2.000E-01
  F  1  7  0.  0.
   7  14   0   0   4      0      0   0.000E+00   5.000E-02
   7  15   0   0   4      0      0   0.000E+00   5.000E-02
   7  16   0   0   4      0      0   0.000E+00   5.000E-02
   7  17  -1   0   1      0      0   7.667E-02   2.000E-01
  F  1  7  0.  0.
   7  18   0   0   4      0      0   0.000E+00   5.000E-02
   7  19   0   0   4      0      0   0.000E+00   5.000E-02
   7  20  -1   0   1      0      0   3.420E-02   2.000E-01
  F  1  7  0.  0.
   7  21   0   0   4      0      0   0.000E+00   5.000E-02
   7  22  -1   0   1      0      0   1.657E-02   2.000E-01
  F  1  7  0.  0.
   7  23   0   0   4      0      0   0.000E+00   5.000E-02
   8   9  -1   0   1      0      0   3.260E-01   7.000E-01
  F  1  7  0.  0.
   8  10   0   0   4      0      0   0.000E+00   5.000E-02
   8  11   0   0   4      0      0   0.000E+00   5.000E-02
   8  12   0   0   4      0      0   0.000E+00   5.000E-02
   8  13   0   0   4      0      0   0.000E+00   5.000E-02
   8  14   0   0   4      0      0   0.000E+00   5.000E-02
   8  15  -1   0   1      0      0   2.570E-02   2.000E-01
  F  1  7  0.  0.
   8  16   0   0   4      0      0   0.000E+00   5.000E-02
   8  17   0   0   4      0      0   0.000E+00   5.000E-02
   8  18  -1   0   1      0      0   6.850E-01   2.000E-01
  F  1  7  0.  0.
   8  19   0   0   4      0      0   0.000E+00   5.000E-02
   8  20   0   0   4      0      0   0.000E+00   5.000E-02
   8  21  -1   0   1      0      0   5.840E-02   2.000E-01
  F  1  7  0.  0.
   8  22   0   0   4      0      0   0.000E+00   5.000E-02
   8  23  -1   0   1      0      0   1.930E-02   2.000E-01
  F  1  7  0.  0.
   9  10   0   0   4      0      0   0.000E+00   5.000E-02
   9  11   0   0   4      0      0   0.000E+00   5.000E-02
   9  12  -1   0   1      0      0   3.467E-01   7.000E-01
  F  1  7  0.  0.
   9  13   0   0   4      0      0   0.000E+00   5.000E-02
   9  14   0   0   4      0      0   0.000E+00   5.000E-02
   9  15   0   0   4      0      0   0.000E+00   5.000E-02
   9  16  -1   0   1      0      0   9.633E-02   2.000E-01
  F  1  7  0.  0.
   9  17   0   0   4      0      0   0.000E+00   5.000E-02
   9  18  -1   0   1      0      0   4.163E-01   2.000E-01
  F  1  7  0.  0.
   9  19  -1   0   1      0      0   3.033E-02   2.000E-01
  F  1  7  0.  0.
   9  20   0   0   4      0      0   0.000E+00   5.000E-02
   9  21  -1   0   1      0      0   1.155E-01   2.000E-01
  F  1  7  0.  0.
   9  22   0   0   4      0      0   0.000E+00   5.000E-02
   9  23  -1   0   1      0      0   4.537E-02   2.000E-01
  F  1  7  0.  0.
  10  11  -1   0   1      0      0   1.800E-01   7.000E-01
  F  1  7  0.  0.
  10  12   0   0   4      0      0   0.000E+00   5.000E-02
  10  13   0   0   4      0      0   0.000E+00   5.000E-02
  10  14  -1   0   1      0      0   1.389E-01   2.000E-01
  F  1  7  0.  0.
  10  15   0   0   4      0      0   0.000E+00   5.000E-02
  10  16   0   0   4      0      0   0.000E+00   5.000E-02
  10  17  -1   0   1      0      0   6.908E-01   2.000E-01
  F  1  7  0.  0.
  10  18   0   0   4      0      0   0.000E+00   5.000E-02
  10  19   0   0   4      0      0   0.000E+00   5.000E-02
  10  20  -1   0   1      0      0   1.174E-01   2.000E-01
  F  1  7  0.  0.
  10  21   0   0   4      0      0   0.000E+00   5.000E-02
  10  22  -1   0   1      0      0   5.332E-02   2.000E-01
  F  1  7  0.  0.
  10  23   0   0   4      0      0   0.000E+00   5.000E-02
  11  12   0   0   4      0      0   0.000E+00   5.000E-02
  11  13  -1   0   1      0      0   2.827E-03   2.000E-01
  F  1  7  0.  0.
  11  14   0   0   4      0      0   0.000E+00   5.000E-02
  11  15   0   0   4      0      0   0.000E+00   5.000E-02
  11  16   0   0   4      0      0   0.000E+00   5.000E-02
  11  17  -1   0   1      0      0   6.723E-01   2.000E-01
  F  1  7  0.  0.
  11  18   0   0   4      0      0   0.000E+00   5.000E-02
  11  19   0   0   4      0      0   0.000E+00   5.000E-02
  11  20  -1   0   1      0      0   6.657E-01   2.000E-01
  F  1  7  0.  0.
  11  21   0   0   4      0      0   0.000E+00   5.000E-02
  11  22  -1   0   1      0      0   8.217E-02   2.000E-01
  F  1  7  0.  0.
  11  23   0   0   4      0      0   0.000E+00   5.000E-02
  12  13   0   0   4      0      0   0.000E+00   5.000E-02
  12  14   0   0   4      0      0   0.000E+00   5.000E-02
  12  15  -1   0   1      0      0   1.672E-02   2.000E-01
  F  1  7  0.  0.
  12  16   0   0   4      0      0   0.000E+00   5.000E-02
  12  17   0   0   4      0      0   0.000E+00   5.000E-02
  12  18  -1   0   1      0      0   8.632E-01   2.000E-01
  F  1  7  0.  0.
  12  19  -1   0   1      0      0   7.020E-02   2.000E-01
  F  1  7  0.  0.
  12  20   0   0   4      0      0   0.000E+00   5.000E-02
  12  21  -1   0   1      0      0   4.862E-01   2.000E-01
  F  1  7  0.  0.
  12  22   0   0   4      0      0   0.000E+00   5.000E-02
  12  23  -1   0   1      0      0   1.020E-01   2.000E-01
  F  1  7  0.  0.
  13  14  -1   0   1      0      0   1.711E-04   7.000E-01
  F  1  7  0.  0.
  13  15   0   0   4      0      0   0.000E+00   5.000E-02
  13  16   0   0   4      0      0   0.000E+00   5.000E-02
  13  17  -1   0   1      0      0   6.571E-01   7.000E-01
  F  1  7  0.  0.
  13  18   0   0   4      0      0   0.000E+00   5.000E-02
  13  19   0   0   4      0      0   0.000E+00   5.000E-02
  13  20  -1   0   1      0      0   4.521E-03   2.000E-01
  F  1  7  0.  0.
  13  21   0   0   4      0      0   0.000E+00   5.000E-02
  13  22  -1   0   1      0      0   9.438E-04   2.000E-01
  F  1  7  0.  0.
  13  23   0   0   4      0      0   0.000E+00   5.000E-02
  14  15   0   0   4      0      0   0.000E+00   5.000E-02
  14  16   0   0   4      0      0   0.000E+00   5.000E-02
  14  17  -1   0   1      0      0   1.043E+00   7.000E-01
  F  1  7  0.  0.
  14  18   0   0   4      0      0   0.000E+00   5.000E-02
  14  19   0   0   4      0      0   0.000E+00   5.000E-02
  14  20  -1   0   1      0      0   6.820E-02   2.000E-01
  F  1  7  0.  0.
  14  21   0   0   4      0      0   0.000E+00   5.000E-02
  14  22  -1   0   1      0      0   3.247E-02   2.000E-01
  F  1  7  0.  0.
  14  23   0   0   4      0      0   0.000E+00   5.000E-02
  15  16   0   0   1      0      0   0.000E+00   7.000E-01
  15  17   0   0   4      0      0   0.000E+00   5.000E-02
  15  18  -1   0   1      0      0   8.867E-02   7.000E-01
  F  1  7  0.  0.
  15  19  -1   0   1      0      0   2.793E-02   2.000E-01
  F  1  7  0.  0.
  15  20   0   0   4      0      0   0.000E+00   5.000E-02
  15  21  -1   0   1      0      0   5.940E-01   2.000E-01
  F  1  7  0.  0.
  15  22   0   0   4      0      0   0.000E+00   5.000E-02
  15  23  -1   0   1      0      0   1.049E-01   2.000E-01
  F  1  7  0.  0.
  16  17   0   0   4      0      0   0.000E+00   5.000E-02
  16  18   0   0   1      0      0   0.000E+00   7.000E-01
  16  19   0   0   4      0      0   0.000E+00   5.000E-02
  16  20   0   0   4      0      0   0.000E+00   5.000E-02
  16  21  -1   0   1      0      0   1.172E-01   2.000E-01
  F  1  7  0.  0.
  16  22   0   0   4      0      0   0.000E+00   5.000E-02
  16  23  -1   0   1      0      0   7.410E-02   2.000E-01
  F  1  7  0.  0.
  17  18   0   0   4      0      0   0.000E+00   5.000E-02
  17  19   0   0   4      0      0   0.000E+00   5.000E-02
  17  20  -1   0   1      0      0   6.528E-01   2.000E-01
  F  1  7  0.  0.
  17  21   0   0   4      0      0   0.000E+00   5.000E-02
  17  22  -1   0   1      0      0   1.082E-01   2.000E-01
  F  1  7  0.  0.
  17  23   0   0   4      0      0   0.000E+00   5.000E-02
  18  19  -1   0   1      0      0   1.160E-01   7.000E-01
  F  1  7  0.  0.
  18  20   0   0   4      0      0   0.000E+00   5.000E-02
  18  21  -1   0   1      0      0   7.761E-01   2.000E-01
  F  1  7  0.  0.
  18  22   0   0   4      0      0   0.000E+00   5.000E-02
  18  23  -1   0   1      0      0   1.294E-01   2.000E-01
  F  1  7  0.  0.
  19  20   0   0   4      0      0   0.000E+00   5.000E-02
  19  21  -1   0   1      0      0   1.112E-01   2.000E-01
  F  1  7  0.  0.
  19  22   0   0   4      0      0   0.000E+00   5.000E-02
  19  23  -1   0   1      0      0   1.267E-02   2.000E-01
  F  1  7  0.  0.
  20  21   0   0   4      0      0   0.000E+00   5.000E-02
  20  22  -1   0   1      0      0   7.208E-01   2.000E-01
  F  1  7  0.  0.
  20  23   0   0   4      0      0   0.000E+00   5.000E-02
  21  22   0   0   4      0      0   0.000E+00   5.000E-02
  21  23  -1   0   1      0      0   4.290E-01   2.000E-01
  F  1  7  0.  0.
  22  23   0   0   4      0      0   0.000E+00   5.000E-02
