   26    1   24
    1     402.960    25.0     100
  1.00000000E+12  0.00000000E+00
  7.29697188E+12  0.00000000E+00
  1.35939438E+13  0.00000000E+00
  2.61878875E+13  0.00000000E+00
  5.13757870E+13  0.00000000E+00
  1.05593353E+14  0.00000000E+00
  1.62439490E+14  0.00000000E+00
  2.53229154E+14  0.00000000E+00
  3.80746420E+14  0.00000000E+00
  5.26303960E+14  0.00000000E+00
  6.17569991E+14  0.00000000E+00
  7.37290569E+14  0.00000000E+00
  8.22012500E+14  0.00000000E+00
  8.87979812E+14  0.00000000E+00
  1.02572664E+15  0.00000000E+00
  1.16922992E+15  0.00000000E+00
  1.33075635E+15  0.00000000E+00
  1.46607100E+15  0.00000000E+00
  1.66147514E+15  0.00000000E+00
  1.81786621E+15  0.00000000E+00
  2.00717263E+15  8.72055133E+00
  2.05000000E+15  8.18533650E+00
  2.10440727E+15  7.56673877E+00
  2.18000000E+15  6.80657510E+00
  2.27734794E+15  5.97048973E+00
  2.33000000E+15  5.57481369E+00
  2.40864112E+15  5.04640187E+00
  2.46000000E+15  4.73688455E+00
  2.55603004E+15  4.22279755E+00
  2.62000000E+15  3.92097657E+00
  2.70131851E+15  3.57742665E+00
  2.73000000E+15  3.46585333E+00
  2.76000000E+15  3.35406037E+00
  2.83823067E+15  3.08428893E+00
  2.89000000E+15  2.92149127E+00
  2.95411095E+15  2.73538029E+00
  3.07000000E+15  2.43715413E+00
  3.10859251E+15  2.34750612E+00
  3.17000000E+15  2.21370800E+00
  3.28805000E+15  1.98373147E+00
  3.37593314E+15  1.83280648E+00
  3.51928678E+15  1.61783470E+00
  3.73738308E+15  1.35081314E+00
  3.95998844E+15  1.13557642E+00
  4.16925030E+15  9.73025485E-01
  4.42468808E+15  8.14048237E-01
  4.56199970E+15  7.42732391E-01
  4.81290210E+15  6.32524043E-01
  5.00342206E+15  5.62984845E-01
  5.19673984E+15  5.02464281E-01
  5.43236471E+15  4.39877110E-01
  5.62234685E+15  3.96775839E-01
  5.82509112E+15  3.56771333E-01
  6.00358520E+15  3.25886287E-01
  6.20625261E+15  2.94991686E-01
  6.42818299E+15  2.65480989E-01
  6.63699726E+15  2.41203278E-01
  6.72855536E+15  2.31490211E-01
  6.94853230E+15  2.10193305E-01
  7.09320190E+15  1.97592818E-01
  7.20597290E+15  1.88460460E-01
  7.35975680E+15  1.76891812E-01
  7.48916240E+15  1.67879774E-01
  7.67158728E+15  1.56186118E-01
  7.87611415E+15  1.44331829E-01
  8.02431682E+15  1.36481542E-01
  8.15950279E+15  1.29809667E-01
  8.27308545E+15  1.24536195E-01
  8.40050112E+15  1.18954956E-01
  8.52720330E+15  1.13730846E-01
  8.65798695E+15  1.08654406E-01
  8.80814609E+15  1.03191659E-01
  8.94035750E+15  9.86809826E-02
  9.07283000E+15  9.44212620E-02
  9.18526237E+15  9.09962349E-02
  9.31196455E+15  8.73321555E-02
  9.39908590E+15  8.49261165E-02
  9.52327510E+15  8.16467931E-02
  9.63161920E+15  7.89223866E-02
  9.76530880E+15  7.57251562E-02
  9.88642088E+15  7.29761313E-02
  1.00089371E+16  7.03289675E-02
  1.01688760E+16  6.70624270E-02
  1.03986475E+16  6.27144405E-02
  1.07692030E+16  5.64608524E-02
  1.10576910E+16  5.21560595E-02
  1.12778638E+16  4.91606464E-02
  1.15792130E+16  4.54214498E-02
  1.17658850E+16  4.32936621E-02
  1.19991190E+16  4.08178420E-02
  1.21531590E+16  3.92853459E-02
  1.23032820E+16  3.78647580E-02
  1.25735930E+16  3.54747976E-02
  1.27371360E+16  3.41257939E-02
  1.29800654E+16  3.22453785E-02
  1.30664770E+16  3.16098617E-02
  1.31782290E+16  3.08125024E-02
  1.33171310E+16  2.98583707E-02
  1.35983015E+16  2.80442689E-02
  1.37942449E+16  2.68660813E-02
    2    7459.748    35.0     100
  1.00000000E+12  0.00000000E+00
  7.29697188E+12  0.00000000E+00
  1.35939438E+13  0.00000000E+00
  2.61878875E+13  0.00000000E+00
  5.13757870E+13  0.00000000E+00
  1.05593353E+14  0.00000000E+00
  1.62439490E+14  0.00000000E+00
  2.53229154E+14  0.00000000E+00
  3.80746420E+14  0.00000000E+00
  5.26303960E+14  0.00000000E+00
  6.17569991E+14  0.00000000E+00
  7.37290569E+14  0.00000000E+00
  8.22012500E+14  0.00000000E+00
  8.87979812E+14  0.00000000E+00
  1.02572664E+15  0.00000000E+00
  1.16922992E+15  0.00000000E+00
  1.33075635E+15  0.00000000E+00
  1.46607100E+15  0.00000000E+00
  1.66147514E+15  9.49459855E-01
  1.81786621E+15  8.72611239E+00
  2.00717263E+15  6.48264702E+00
  2.05000000E+15  6.08478126E+00
  2.10440727E+15  5.62493067E+00
  2.18000000E+15  5.05984337E+00
  2.27734794E+15  4.43831772E+00
  2.33000000E+15  4.14418172E+00
  2.40864112E+15  3.75137315E+00
  2.46000000E+15  3.52128545E+00
  2.55603004E+15  3.13912560E+00
  2.62000000E+15  2.91475919E+00
  2.70131851E+15  2.65937248E+00
  2.73000000E+15  2.57643157E+00
  2.76000000E+15  2.49332739E+00
  2.83823067E+15  2.29278582E+00
  2.89000000E+15  2.17176598E+00
  2.95411095E+15  2.03341558E+00
  3.07000000E+15  1.81172146E+00
  3.10859251E+15  1.74507929E+00
  3.17000000E+15  1.64561701E+00
  3.28805000E+15  1.47465801E+00
  3.37593314E+15  1.36246402E+00
  3.51928678E+15  1.20265921E+00
  3.73738308E+15  1.00416183E+00
  3.95998844E+15  8.44160058E-01
  4.16925030E+15  7.23323621E-01
  4.42468808E+15  6.05143779E-01
  4.56199970E+15  5.52129303E-01
  4.81290210E+15  4.70203081E-01
  5.00342206E+15  4.18509323E-01
  5.19673984E+15  3.73519799E-01
  5.43236471E+15  3.26994009E-01
  5.62234685E+15  2.94953566E-01
  5.82509112E+15  2.65215184E-01
  6.00358520E+15  2.42255987E-01
  6.20625261E+15  2.19289687E-01
  6.42818299E+15  1.97352149E-01
  6.63699726E+15  1.79304686E-01
  6.72855536E+15  1.72084227E-01
  6.94853230E+15  1.56252621E-01
  7.09320190E+15  1.46885724E-01
  7.20597290E+15  1.40096950E-01
  7.35975680E+15  1.31497096E-01
  7.48916240E+15  1.24797765E-01
  7.67158728E+15  1.16104984E-01
  7.87611415E+15  1.07292792E-01
  8.02431682E+15  1.01457078E-01
  8.15950279E+15  9.64973681E-02
  8.27308545E+15  9.25771963E-02
  8.40050112E+15  8.84282381E-02
  8.52720330E+15  8.45447613E-02
  8.65798695E+15  8.07710583E-02
  8.80814609E+15  7.67101844E-02
  8.94035750E+15  7.33570567E-02
  9.07283000E+15  7.01904834E-02
  9.18526237E+15  6.76444010E-02
  9.31196455E+15  6.49206130E-02
  9.39908590E+15  6.31320218E-02
  9.52327510E+15  6.06942521E-02
  9.63161920E+15  5.86689942E-02
  9.76530880E+15  5.62922504E-02
  9.88642088E+15  5.42486917E-02
  1.00089371E+16  5.22808541E-02
  1.01688760E+16  4.98525869E-02
  1.03986475E+16  4.66203988E-02
  1.07692030E+16  4.19716327E-02
  1.10576910E+16  3.87715537E-02
  1.12778638E+16  3.65448360E-02
  1.15792130E+16  3.37652077E-02
  1.17658850E+16  3.21834617E-02
  1.19991190E+16  3.03429969E-02
  1.21531590E+16  2.92037764E-02
  1.23032820E+16  2.81477457E-02
  1.25735930E+16  2.63711069E-02
  1.27371360E+16  2.53682901E-02
  1.29800654E+16  2.39704348E-02
  1.30664770E+16  2.34980070E-02
  1.31782290E+16  2.29052694E-02
  1.33171310E+16  2.21959909E-02
  1.35983015E+16  2.08474315E-02
  1.37942449E+16  1.99715953E-02
    3   12407.398    21.0     100
  1.00000000E+12  0.00000000E+00
  7.29697188E+12  0.00000000E+00
  1.35939438E+13  0.00000000E+00
  2.61878875E+13  0.00000000E+00
  5.13757870E+13  0.00000000E+00
  1.05593353E+14  0.00000000E+00
  1.62439490E+14  0.00000000E+00
  2.53229154E+14  0.00000000E+00
  3.80746420E+14  0.00000000E+00
  5.26303960E+14  0.00000000E+00
  6.17569991E+14  0.00000000E+00
  7.37290569E+14  0.00000000E+00
  8.22012500E+14  0.00000000E+00
  8.87979812E+14  0.00000000E+00
  1.02572664E+15  0.00000000E+00
  1.16922992E+15  0.00000000E+00
  1.33075635E+15  0.00000000E+00
  1.46607100E+15  0.00000000E+00
  1.66147514E+15  9.07057514E+00
  1.81786621E+15  6.92517283E+00
  2.00717263E+15  5.14472528E+00
  2.05000000E+15  4.82897309E+00
  2.10440727E+15  4.46402880E+00
  2.18000000E+15  4.01556710E+00
  2.27734794E+15  3.52231508E+00
  2.33000000E+15  3.28888437E+00
  2.40864112E+15  2.97714563E+00
  2.46000000E+15  2.79454461E+00
  2.55603004E+15  2.49125686E+00
  2.62000000E+15  2.31319633E+00
  2.70131851E+15  2.11051763E+00
  2.73000000E+15  2.04469449E+00
  2.76000000E+15  1.97874177E+00
  2.83823067E+15  1.81958900E+00
  2.89000000E+15  1.72354584E+00
  2.95411095E+15  1.61374891E+00
  3.07000000E+15  1.43780914E+00
  3.10859251E+15  1.38492093E+00
  3.17000000E+15  1.30598618E+00
  3.28805000E+15  1.17031057E+00
  3.37593314E+15  1.08127175E+00
  3.51928678E+15  9.54448267E-01
  3.73738308E+15  7.96917791E-01
  3.95998844E+15  6.69938002E-01
  4.16925030E+15  5.74040405E-01
  4.42468808E+15  4.80251121E-01
  4.56199970E+15  4.38178042E-01
  4.81290210E+15  3.73160172E-01
  5.00342206E+15  3.32135235E-01
  5.19673984E+15  2.96430878E-01
  5.43236471E+15  2.59507319E-01
  5.62234685E+15  2.34079545E-01
  5.82509112E+15  2.10478722E-01
  6.00358520E+15  1.92257961E-01
  6.20625261E+15  1.74031564E-01
  6.42818299E+15  1.56621606E-01
  6.63699726E+15  1.42298871E-01
  6.72855536E+15  1.36568607E-01
  6.94853230E+15  1.24004409E-01
  7.09320190E+15  1.16570700E-01
  7.20597290E+15  1.11183027E-01
  7.35975680E+15  1.04358055E-01
  7.48916240E+15  9.90413664E-02
  7.67158728E+15  9.21426454E-02
  7.87611415E+15  8.51491589E-02
  8.02431682E+15  8.05178493E-02
  8.15950279E+15  7.65817493E-02
  8.27308545E+15  7.34706425E-02
  8.40050112E+15  7.01779675E-02
  8.52720330E+15  6.70959824E-02
  8.65798695E+15  6.41011155E-02
  8.80814609E+15  6.08783454E-02
  8.94035750E+15  5.82172533E-02
  9.07283000E+15  5.57042136E-02
  9.18526237E+15  5.36836047E-02
  9.31196455E+15  5.15219659E-02
  9.39908590E+15  5.01025133E-02
  9.52327510E+15  4.81678629E-02
  9.63161920E+15  4.65605880E-02
  9.76530880E+15  4.46743687E-02
  9.88642088E+15  4.30525701E-02
  1.00089371E+16  4.14908649E-02
  1.01688760E+16  3.95637559E-02
  1.03986475E+16  3.69986432E-02
  1.07692030E+16  3.33093131E-02
  1.10576910E+16  3.07696828E-02
  1.12778638E+16  2.90025265E-02
  1.15792130E+16  2.67965720E-02
  1.17658850E+16  2.55412748E-02
  1.19991190E+16  2.40806545E-02
  1.21531590E+16  2.31765521E-02
  1.23032820E+16  2.23384704E-02
  1.25735930E+16  2.09285034E-02
  1.27371360E+16  2.01326531E-02
  1.29800654E+16  1.90232943E-02
  1.30664770E+16  1.86483685E-02
  1.31782290E+16  1.81779631E-02
  1.33171310E+16  1.76150691E-02
  1.35983015E+16  1.65448323E-02
  1.37942449E+16  1.58497557E-02
    4   17857.958    20.0     100
  1.00000000E+12  0.00000000E+00
  7.29697188E+12  0.00000000E+00
  1.35939438E+13  0.00000000E+00
  2.61878875E+13  0.00000000E+00
  5.13757870E+13  0.00000000E+00
  1.05593353E+14  0.00000000E+00
  1.62439490E+14  0.00000000E+00
  2.53229154E+14  0.00000000E+00
  3.80746420E+14  0.00000000E+00
  5.26303960E+14  0.00000000E+00
  6.17569991E+14  0.00000000E+00
  7.37290569E+14  0.00000000E+00
  8.22012500E+14  0.00000000E+00
  8.87979812E+14  0.00000000E+00
  1.02572664E+15  0.00000000E+00
  1.16922992E+15  0.00000000E+00
  1.33075635E+15  0.00000000E+00
  1.46607100E+15  9.95654918E+00
  1.66147514E+15  6.84057030E+00
  1.81786621E+15  5.22261608E+00
  2.00717263E+15  3.87989233E+00
  2.05000000E+15  3.64176795E+00
  2.10440727E+15  3.36654538E+00
  2.18000000E+15  3.02833818E+00
  2.27734794E+15  2.65635239E+00
  2.33000000E+15  2.48031072E+00
  2.40864112E+15  2.24521308E+00
  2.46000000E+15  2.10750460E+00
  2.55603004E+15  1.87878028E+00
  2.62000000E+15  1.74449600E+00
  2.70131851E+15  1.59164595E+00
  2.73000000E+15  1.54200546E+00
  2.76000000E+15  1.49226725E+00
  2.83823067E+15  1.37224225E+00
  2.89000000E+15  1.29981135E+00
  2.95411095E+15  1.21700803E+00
  3.07000000E+15  1.08432314E+00
  3.10859251E+15  1.04443752E+00
  3.17000000E+15  9.84908910E-01
  3.28805000E+15  8.82589210E-01
  3.37593314E+15  8.15440621E-01
  3.51928678E+15  7.19796745E-01
  3.73738308E+15  6.00995206E-01
  3.95998844E+15  5.05233453E-01
  4.16925030E+15  4.32912321E-01
  4.42468808E+15  3.62181174E-01
  4.56199970E+15  3.30451780E-01
  4.81290210E+15  2.81418582E-01
  5.00342206E+15  2.50479643E-01
  5.19673984E+15  2.23553218E-01
  5.43236471E+15  1.95707331E-01
  5.62234685E+15  1.76530987E-01
  5.82509112E+15  1.58732437E-01
  6.00358520E+15  1.44991258E-01
  6.20625261E+15  1.31245828E-01
  6.42818299E+15  1.18116116E-01
  6.63699726E+15  1.07314631E-01
  6.72855536E+15  1.02993155E-01
  6.94853230E+15  9.35178709E-02
  7.09320190E+15  8.79117424E-02
  7.20597290E+15  8.38486316E-02
  7.35975680E+15  7.87015820E-02
  7.48916240E+15  7.46920034E-02
  7.67158728E+15  6.94893360E-02
  7.87611415E+15  6.42152012E-02
  8.02431682E+15  6.07225010E-02
  8.15950279E+15  5.77540929E-02
  8.27308545E+15  5.54078531E-02
  8.40050112E+15  5.29246836E-02
  8.52720330E+15  5.06004059E-02
  8.65798695E+15  4.83418284E-02
  8.80814609E+15  4.59113777E-02
  8.94035750E+15  4.39045163E-02
  9.07283000E+15  4.20093085E-02
  9.18526237E+15  4.04854671E-02
  9.31196455E+15  3.88552682E-02
  9.39908590E+15  3.77847886E-02
  9.52327510E+15  3.63257728E-02
  9.63161920E+15  3.51136472E-02
  9.76530880E+15  3.36911557E-02
  9.88642088E+15  3.24680770E-02
  1.00089371E+16  3.12903177E-02
  1.01688760E+16  2.98369893E-02
  1.03986475E+16  2.79025107E-02
  1.07692030E+16  2.51202040E-02
  1.10576910E+16  2.32049429E-02
  1.12778638E+16  2.18722427E-02
  1.15792130E+16  2.02086231E-02
  1.17658850E+16  1.92619413E-02
  1.19991190E+16  1.81604151E-02
  1.21531590E+16  1.74785867E-02
  1.23032820E+16  1.68465478E-02
  1.25735930E+16  1.57832217E-02
  1.27371360E+16  1.51830316E-02
  1.29800654E+16  1.43464091E-02
  1.30664770E+16  1.40636590E-02
  1.31782290E+16  1.37089030E-02
  1.33171310E+16  1.32843967E-02
  1.35983015E+16  1.24772781E-02
  1.37942449E+16  1.19530863E-02
    5   19624.068    35.0     100
  1.00000000E+12  0.00000000E+00
  7.29697188E+12  0.00000000E+00
  1.35939438E+13  0.00000000E+00
  2.61878875E+13  0.00000000E+00
  5.13757870E+13  0.00000000E+00
  1.05593353E+14  0.00000000E+00
  1.62439490E+14  0.00000000E+00
  2.53229154E+14  0.00000000E+00
  3.80746420E+14  0.00000000E+00
  5.26303960E+14  0.00000000E+00
  6.17569991E+14  0.00000000E+00
  7.37290569E+14  0.00000000E+00
  8.22012500E+14  0.00000000E+00
  8.87979812E+14  0.00000000E+00
  1.02572664E+15  0.00000000E+00
  1.16922992E+15  0.00000000E+00
  1.33075635E+15  1.20612816E+01
  1.46607100E+15  9.02036456E+00
  1.66147514E+15  6.19737188E+00
  1.81786621E+15  4.73154907E+00
  2.00717263E+15  3.51507763E+00
  2.05000000E+15  3.29934337E+00
  2.10440727E+15  3.04999916E+00
  2.18000000E+15  2.74359258E+00
  2.27734794E+15  2.40658350E+00
  2.33000000E+15  2.24709450E+00
  2.40864112E+15  2.03410239E+00
  2.46000000E+15  1.90934223E+00
  2.55603004E+15  1.70212417E+00
  2.62000000E+15  1.58046625E+00
  2.70131851E+15  1.44198823E+00
  2.73000000E+15  1.39701529E+00
  2.76000000E+15  1.35195381E+00
  2.83823067E+15  1.24321440E+00
  2.89000000E+15  1.17759397E+00
  2.95411095E+15  1.10257640E+00
  3.07000000E+15  9.82367471E-01
  3.10859251E+15  9.46232174E-01
  3.17000000E+15  8.92300863E-01
  3.28805000E+15  7.99601979E-01
  3.37593314E+15  7.38767172E-01
  3.51928678E+15  6.52116404E-01
  3.73738308E+15  5.44485419E-01
  3.95998844E+15  4.57727858E-01
  4.16925030E+15  3.92206867E-01
  4.42468808E+15  3.28126358E-01
  4.56199970E+15  2.99380385E-01
  4.81290210E+15  2.54957632E-01
  5.00342206E+15  2.26927789E-01
  5.19673984E+15  2.02533176E-01
  5.43236471E+15  1.77305555E-01
  5.62234685E+15  1.59932305E-01
  5.82509112E+15  1.43807299E-01
  6.00358520E+15  1.31358163E-01
  6.20625261E+15  1.18905174E-01
  6.42818299E+15  1.07010010E-01
  6.63699726E+15  9.72241566E-02
  6.72855536E+15  9.33090160E-02
  6.94853230E+15  8.47246645E-02
  7.09320190E+15  7.96456635E-02
  7.20597290E+15  7.59645949E-02
  7.35975680E+15  7.13015070E-02
  7.48916240E+15  6.76689371E-02
  7.67158728E+15  6.29554610E-02
  7.87611415E+15  5.81772374E-02
  8.02431682E+15  5.50129454E-02
  8.15950279E+15  5.23236478E-02
  8.27308545E+15  5.01980180E-02
  8.40050112E+15  4.79483335E-02
  8.52720330E+15  4.58426007E-02
  8.65798695E+15  4.37963905E-02
  8.80814609E+15  4.15944678E-02
  8.94035750E+15  3.97763056E-02
  9.07283000E+15  3.80592985E-02
  9.18526237E+15  3.66787394E-02
  9.31196455E+15  3.52018232E-02
  9.39908590E+15  3.42319976E-02
  9.52327510E+15  3.29101688E-02
  9.63161920E+15  3.18120157E-02
  9.76530880E+15  3.05232769E-02
  9.88642088E+15  2.94152006E-02
  1.00089371E+16  2.83481825E-02
  1.01688760E+16  2.70315062E-02
  1.03986475E+16  2.52789209E-02
  1.07692030E+16  2.27582262E-02
  1.10576910E+16  2.10230513E-02
  1.12778638E+16  1.98156610E-02
  1.15792130E+16  1.83084666E-02
  1.17658850E+16  1.74507984E-02
  1.19991190E+16  1.64528455E-02
  1.21531590E+16  1.58351273E-02
  1.23032820E+16  1.52625171E-02
  1.25735930E+16  1.42991725E-02
  1.27371360E+16  1.37554164E-02
  1.29800654E+16  1.29974590E-02
  1.30664770E+16  1.27412951E-02
  1.31782290E+16  1.24198957E-02
  1.33171310E+16  1.20353045E-02
  1.35983015E+16  1.13040769E-02
  1.37942449E+16  1.08291733E-02
    6   21955.342   139.0     100
  1.00000000E+12  0.00000000E+00
  7.29697188E+12  0.00000000E+00
  1.35939438E+13  0.00000000E+00
  2.61878875E+13  0.00000000E+00
  5.13757870E+13  0.00000000E+00
  1.05593353E+14  0.00000000E+00
  1.62439490E+14  0.00000000E+00
  2.53229154E+14  0.00000000E+00
  3.80746420E+14  0.00000000E+00
  5.26303960E+14  0.00000000E+00
  6.17569991E+14  0.00000000E+00
  7.37290569E+14  0.00000000E+00
  8.22012500E+14  0.00000000E+00
  8.87979812E+14  0.00000000E+00
  1.02572664E+15  0.00000000E+00
  1.16922992E+15  1.22596030E+00
  1.33075635E+15  1.05613721E+01
  1.46607100E+15  7.89861553E+00
  1.66147514E+15  5.42668286E+00
  1.81786621E+15  4.14314595E+00
  2.00717263E+15  3.07795174E+00
  2.05000000E+15  2.88904563E+00
  2.10440727E+15  2.67070921E+00
  2.18000000E+15  2.40240655E+00
  2.27734794E+15  2.10730704E+00
  2.33000000E+15  1.96765168E+00
  2.40864112E+15  1.78114672E+00
  2.46000000E+15  1.67190141E+00
  2.55603004E+15  1.49045244E+00
  2.62000000E+15  1.38392358E+00
  2.70131851E+15  1.26266633E+00
  2.73000000E+15  1.22328611E+00
  2.76000000E+15  1.18382836E+00
  2.83823067E+15  1.08861150E+00
  2.89000000E+15  1.03115145E+00
  2.95411095E+15  9.65462872E-01
  3.07000000E+15  8.60202812E-01
  3.10859251E+15  8.28561206E-01
  3.17000000E+15  7.81336653E-01
  3.28805000E+15  7.00165561E-01
  3.37593314E+15  6.46896012E-01
  3.51928678E+15  5.71020908E-01
  3.73738308E+15  4.76774631E-01
  3.95998844E+15  4.00806014E-01
  4.16925030E+15  3.43433043E-01
  4.42468808E+15  2.87321419E-01
  4.56199970E+15  2.62150220E-01
  4.81290210E+15  2.23251765E-01
  5.00342206E+15  1.98707641E-01
  5.19673984E+15  1.77346678E-01
  5.43236471E+15  1.55256298E-01
  5.62234685E+15  1.40043540E-01
  5.82509112E+15  1.25923798E-01
  6.00358520E+15  1.15022804E-01
  6.20625261E+15  1.04118437E-01
  6.42818299E+15  9.37025243E-02
  6.63699726E+15  8.51336139E-02
  6.72855536E+15  8.17053499E-02
  6.94853230E+15  7.41885260E-02
  7.09320190E+15  6.97411363E-02
  7.20597290E+15  6.65178358E-02
  7.35975680E+15  6.24346374E-02
  7.48916240E+15  5.92538044E-02
  7.67158728E+15  5.51264839E-02
  7.87611415E+15  5.09424677E-02
  8.02431682E+15  4.81716788E-02
  8.15950279E+15  4.58168153E-02
  8.27308545E+15  4.39555232E-02
  8.40050112E+15  4.19856037E-02
  8.52720330E+15  4.01417343E-02
  8.65798695E+15  3.83499855E-02
  8.80814609E+15  3.64218882E-02
  8.94035750E+15  3.48298279E-02
  9.07283000E+15  3.33263433E-02
  9.18526237E+15  3.21174670E-02
  9.31196455E+15  3.08242162E-02
  9.39908590E+15  2.99749956E-02
  9.52327510E+15  2.88175459E-02
  9.63161920E+15  2.78559563E-02
  9.76530880E+15  2.67274817E-02
  9.88642088E+15  2.57572029E-02
  1.00089371E+16  2.48228764E-02
  1.01688760E+16  2.36699385E-02
  1.03986475E+16  2.21353001E-02
  1.07692030E+16  1.99280725E-02
  1.10576910E+16  1.84086794E-02
  1.12778638E+16  1.73514370E-02
  1.15792130E+16  1.60316734E-02
  1.17658850E+16  1.52806626E-02
  1.19991190E+16  1.44068125E-02
  1.21531590E+16  1.38659122E-02
  1.23032820E+16  1.33645103E-02
  1.25735930E+16  1.25209646E-02
  1.27371360E+16  1.20448287E-02
  1.29800654E+16  1.13811289E-02
  1.30664770E+16  1.11568208E-02
  1.31782290E+16  1.08753898E-02
  1.33171310E+16  1.05386254E-02
  1.35983015E+16  9.89833131E-03
  1.37942449E+16  9.48248552E-03
    7   23266.825    70.0     100
  1.00000000E+12  0.00000000E+00
  7.29697188E+12  0.00000000E+00
  1.35939438E+13  0.00000000E+00
  2.61878875E+13  0.00000000E+00
  5.13757870E+13  0.00000000E+00
  1.05593353E+14  0.00000000E+00
  1.62439490E+14  0.00000000E+00
  2.53229154E+14  0.00000000E+00
  3.80746420E+14  0.00000000E+00
  5.26303960E+14  0.00000000E+00
  6.17569991E+14  0.00000000E+00
  7.37290569E+14  0.00000000E+00
  8.22012500E+14  0.00000000E+00
  8.87979812E+14  0.00000000E+00
  1.02572664E+15  0.00000000E+00
  1.16922992E+15  9.45539650E-01
  1.33075635E+15  9.71373976E+00
  1.46607100E+15  7.26469016E+00
  1.66147514E+15  4.99114932E+00
  1.81786621E+15  3.81062624E+00
  2.00717263E+15  2.83092215E+00
  2.05000000E+15  2.65717723E+00
  2.10440727E+15  2.45636401E+00
  2.18000000E+15  2.20959473E+00
  2.27734794E+15  1.93817925E+00
  2.33000000E+15  1.80973232E+00
  2.40864112E+15  1.63819583E+00
  2.46000000E+15  1.53771831E+00
  2.55603004E+15  1.37083203E+00
  2.62000000E+15  1.27285294E+00
  2.70131851E+15  1.16132753E+00
  2.73000000E+15  1.12510788E+00
  2.76000000E+15  1.08881692E+00
  2.83823067E+15  1.00124195E+00
  2.89000000E+15  9.48393519E-01
  2.95411095E+15  8.87976962E-01
  3.07000000E+15  7.91164841E-01
  3.10859251E+15  7.62062721E-01
  3.17000000E+15  7.18628305E-01
  3.28805000E+15  6.43971825E-01
  3.37593314E+15  5.94977572E-01
  3.51928678E+15  5.25192035E-01
  3.73738308E+15  4.38509756E-01
  3.95998844E+15  3.68638212E-01
  4.16925030E+15  3.15869868E-01
  4.42468808E+15  2.64261639E-01
  4.56199970E+15  2.41110625E-01
  4.81290210E+15  2.05334073E-01
  5.00342206E+15  1.82759806E-01
  5.19673984E+15  1.63113227E-01
  5.43236471E+15  1.42795772E-01
  5.62234685E+15  1.28803956E-01
  5.82509112E+15  1.15817433E-01
  6.00358520E+15  1.05791328E-01
  6.20625261E+15  9.57621218E-02
  6.42818299E+15  8.61821674E-02
  6.63699726E+15  7.83009787E-02
  6.72855536E+15  7.51478597E-02
  6.94853230E+15  6.82343193E-02
  7.09320190E+15  6.41438673E-02
  7.20597290E+15  6.11792618E-02
  7.35975680E+15  5.74237718E-02
  7.48916240E+15  5.44982254E-02
  7.67158728E+15  5.07021545E-02
  7.87611415E+15  4.68539382E-02
  8.02431682E+15  4.43055267E-02
  8.15950279E+15  4.21396593E-02
  8.27308545E+15  4.04277504E-02
  8.40050112E+15  3.86159322E-02
  8.52720330E+15  3.69200477E-02
  8.65798695E+15  3.52721006E-02
  8.80814609E+15  3.34987482E-02
  8.94035750E+15  3.20344631E-02
  9.07283000E+15  3.06516449E-02
  9.18526237E+15  2.95397903E-02
  9.31196455E+15  2.83503330E-02
  9.39908590E+15  2.75692689E-02
  9.52327510E+15  2.65047136E-02
  9.63161920E+15  2.56202990E-02
  9.76530880E+15  2.45823933E-02
  9.88642088E+15  2.36899869E-02
  1.00089371E+16  2.28306473E-02
  1.01688760E+16  2.17702417E-02
  1.03986475E+16  2.03587700E-02
  1.07692030E+16  1.83286895E-02
  1.10576910E+16  1.69312396E-02
  1.12778638E+16  1.59588491E-02
  1.15792130E+16  1.47450068E-02
  1.17658850E+16  1.40542705E-02
  1.19991190E+16  1.32505536E-02
  1.21531590E+16  1.27530648E-02
  1.23032820E+16  1.22919043E-02
  1.25735930E+16  1.15160598E-02
  1.27371360E+16  1.10781374E-02
  1.29800654E+16  1.04677047E-02
  1.30664770E+16  1.02613991E-02
  1.31782290E+16  1.00025552E-02
  1.33171310E+16  9.69281871E-03
  1.35983015E+16  9.10391318E-03
  1.37942449E+16  8.72144225E-03
    8   27285.159    75.0     100
  1.00000000E+12  0.00000000E+00
  7.29697188E+12  0.00000000E+00
  1.35939438E+13  0.00000000E+00
  2.61878875E+13  0.00000000E+00
  5.13757870E+13  0.00000000E+00
  1.05593353E+14  0.00000000E+00
  1.62439490E+14  0.00000000E+00
  2.53229154E+14  0.00000000E+00
  3.80746420E+14  0.00000000E+00
  5.26303960E+14  0.00000000E+00
  6.17569991E+14  0.00000000E+00
  7.37290569E+14  0.00000000E+00
  8.22012500E+14  0.00000000E+00
  8.87979812E+14  0.00000000E+00
  1.02572664E+15  1.47715940E+00
  1.16922992E+15  1.10239554E+01
  1.33075635E+15  7.47724424E+00
  1.46607100E+15  5.59206485E+00
  1.66147514E+15  3.84198501E+00
  1.81786621E+15  2.93326606E+00
  2.00717263E+15  2.17912945E+00
  2.05000000E+15  2.04538763E+00
  2.10440727E+15  1.89080973E+00
  2.18000000E+15  1.70085671E+00
  2.27734794E+15  1.49193205E+00
  2.33000000E+15  1.39305879E+00
  2.40864112E+15  1.26101694E+00
  2.46000000E+15  1.18367340E+00
  2.55603004E+15  1.05521109E+00
  2.62000000E+15  9.79790749E-01
  2.70131851E+15  8.93942994E-01
  2.73000000E+15  8.66062566E-01
  2.76000000E+15  8.38127253E-01
  2.83823067E+15  7.70715587E-01
  2.89000000E+15  7.30034997E-01
  2.95411095E+15  6.83528774E-01
  3.07000000E+15  6.09006716E-01
  3.10859251E+15  5.86605080E-01
  3.17000000E+15  5.53171023E-01
  3.28805000E+15  4.95703482E-01
  3.37593314E+15  4.57989686E-01
  3.51928678E+15  4.04271601E-01
  3.73738308E+15  3.37547086E-01
  3.95998844E+15  2.83762796E-01
  4.16925030E+15  2.43143858E-01
  4.42468808E+15  2.03417929E-01
  4.56199970E+15  1.85597213E-01
  4.81290210E+15  1.58057870E-01
  5.00342206E+15  1.40681112E-01
  5.19673984E+15  1.25557969E-01
  5.43236471E+15  1.09918413E-01
  5.62234685E+15  9.91480794E-02
  5.82509112E+15  8.91515788E-02
  6.00358520E+15  8.14338886E-02
  6.20625261E+15  7.37138107E-02
  6.42818299E+15  6.63395490E-02
  6.63699726E+15  6.02729285E-02
  6.72855536E+15  5.78457849E-02
  6.94853230E+15  5.25240210E-02
  7.09320190E+15  4.93753564E-02
  7.20597290E+15  4.70933229E-02
  7.35975680E+15  4.42024985E-02
  7.48916240E+15  4.19505311E-02
  7.67158728E+15  3.90284692E-02
  7.87611415E+15  3.60662678E-02
  8.02431682E+15  3.41046036E-02
  8.15950279E+15  3.24374065E-02
  8.27308545E+15  3.11196482E-02
  8.40050112E+15  2.97249838E-02
  8.52720330E+15  2.84195605E-02
  8.65798695E+15  2.71510374E-02
  8.80814609E+15  2.57859824E-02
  8.94035750E+15  2.46588349E-02
  9.07283000E+15  2.35943973E-02
  9.18526237E+15  2.27385366E-02
  9.31196455E+15  2.18229404E-02
  9.39908590E+15  2.12217089E-02
  9.52327510E+15  2.04022572E-02
  9.63161920E+15  1.97214706E-02
  9.76530880E+15  1.89225327E-02
  9.88642088E+15  1.82355944E-02
  1.00089371E+16  1.75741095E-02
  1.01688760E+16  1.67578521E-02
  1.03986475E+16  1.56713583E-02
  1.07692030E+16  1.41086844E-02
  1.10576910E+16  1.30329839E-02
  1.12778638E+16  1.22844770E-02
  1.15792130E+16  1.13501102E-02
  1.17658850E+16  1.08184094E-02
  1.19991190E+16  1.01997406E-02
  1.21531590E+16  9.81679381E-03
  1.23032820E+16  9.46181110E-03
  1.25735930E+16  8.86459734E-03
  1.27371360E+16  8.52750241E-03
  1.29800654E+16  8.05761600E-03
  1.30664770E+16  7.89881030E-03
  1.31782290E+16  7.69956267E-03
  1.33171310E+16  7.46114006E-03
  1.35983015E+16  7.00782439E-03
  1.37942449E+16  6.71341373E-03
    9   27856.508   104.0     100
  1.00000000E+12  0.00000000E+00
  7.29697188E+12  0.00000000E+00
  1.35939438E+13  0.00000000E+00
  2.61878875E+13  0.00000000E+00
  5.13757870E+13  0.00000000E+00
  1.05593353E+14  0.00000000E+00
  1.62439490E+14  0.00000000E+00
  2.53229154E+14  0.00000000E+00
  3.80746420E+14  0.00000000E+00
  5.26303960E+14  0.00000000E+00
  6.17569991E+14  0.00000000E+00
  7.37290569E+14  0.00000000E+00
  8.22012500E+14  0.00000000E+00
  8.87979812E+14  0.00000000E+00
  1.02572664E+15  4.97038583E+00
  1.16922992E+15  1.06069222E+01
  1.33075635E+15  7.19438214E+00
  1.46607100E+15  5.38051857E+00
  1.66147514E+15  3.69664377E+00
  1.81786621E+15  2.82230141E+00
  2.00717263E+15  2.09669358E+00
  2.05000000E+15  1.96801118E+00
  2.10440727E+15  1.81928092E+00
  2.18000000E+15  1.63651377E+00
  2.27734794E+15  1.43549267E+00
  2.33000000E+15  1.34035976E+00
  2.40864112E+15  1.21331301E+00
  2.46000000E+15  1.13889536E+00
  2.55603004E+15  1.01529275E+00
  2.62000000E+15  9.42725534E-01
  2.70131851E+15  8.60125376E-01
  2.73000000E+15  8.33299657E-01
  2.76000000E+15  8.06421129E-01
  2.83823067E+15  7.41559628E-01
  2.89000000E+15  7.02417974E-01
  2.95411095E+15  6.57671068E-01
  3.07000000E+15  5.85968159E-01
  3.10859251E+15  5.64413971E-01
  3.17000000E+15  5.32244715E-01
  3.28805000E+15  4.76951155E-01
  3.37593314E+15  4.40664062E-01
  3.51928678E+15  3.88978117E-01
  3.73738308E+15  3.24777772E-01
  3.95998844E+15  2.73028127E-01
  4.16925030E+15  2.33945792E-01
  4.42468808E+15  1.95722684E-01
  4.56199970E+15  1.78576122E-01
  4.81290210E+15  1.52078584E-01
  5.00342206E+15  1.35359184E-01
  5.19673984E+15  1.20808145E-01
  5.43236471E+15  1.05760230E-01
  5.62234685E+15  9.53973347E-02
  5.82509112E+15  8.57789991E-02
  6.00358520E+15  7.83532670E-02
  6.20625261E+15  7.09252375E-02
  6.42818299E+15  6.38299421E-02
  6.63699726E+15  5.79928202E-02
  6.72855536E+15  5.56574948E-02
  6.94853230E+15  5.05370517E-02
  7.09320190E+15  4.75075002E-02
  7.20597290E+15  4.53117954E-02
  7.35975680E+15  4.25303301E-02
  7.48916240E+15  4.03635541E-02
  7.67158728E+15  3.75520329E-02
  7.87611415E+15  3.47018908E-02
  8.02431682E+15  3.28144358E-02
  8.15950279E+15  3.12103083E-02
  8.27308545E+15  2.99424004E-02
  8.40050112E+15  2.86004958E-02
  8.52720330E+15  2.73444563E-02
  8.65798695E+15  2.61239211E-02
  8.80814609E+15  2.48105057E-02
  8.94035750E+15  2.37259979E-02
  9.07283000E+15  2.27018277E-02
  9.18526237E+15  2.18783440E-02
  9.31196455E+15  2.09973846E-02
  9.39908590E+15  2.04188974E-02
  9.52327510E+15  1.96304454E-02
  9.63161920E+15  1.89754128E-02
  9.76530880E+15  1.82066985E-02
  9.88642088E+15  1.75457468E-02
  1.00089371E+16  1.69092858E-02
  1.01688760E+16  1.61239072E-02
  1.03986475E+16  1.50785151E-02
  1.07692030E+16  1.35749567E-02
  1.10576910E+16  1.25399497E-02
  1.12778638E+16  1.18197586E-02
  1.15792130E+16  1.09207387E-02
  1.17658850E+16  1.04091519E-02
  1.19991190E+16  9.81388722E-03
  1.21531590E+16  9.44542719E-03
  1.23032820E+16  9.10387338E-03
  1.25735930E+16  8.52925206E-03
  1.27371360E+16  8.20490933E-03
  1.29800654E+16  7.75279860E-03
  1.30664770E+16  7.60000047E-03
  1.31782290E+16  7.40829033E-03
  1.33171310E+16  7.17888718E-03
  1.35983015E+16  6.74272032E-03
  1.37942449E+16  6.45944713E-03
   10   31627.015    36.0     100
  1.00000000E+12  0.00000000E+00
  7.29697188E+12  0.00000000E+00
  1.35939438E+13  0.00000000E+00
  2.61878875E+13  0.00000000E+00
  5.13757870E+13  0.00000000E+00
  1.05593353E+14  0.00000000E+00
  1.62439490E+14  0.00000000E+00
  2.53229154E+14  0.00000000E+00
  3.80746420E+14  0.00000000E+00
  5.26303960E+14  0.00000000E+00
  6.17569991E+14  0.00000000E+00
  7.37290569E+14  0.00000000E+00
  8.22012500E+14  0.00000000E+00
  8.87979812E+14  0.00000000E+00
  1.02572664E+15  1.18427209E+01
  1.16922992E+15  7.99551860E+00
  1.33075635E+15  5.42313926E+00
  1.46607100E+15  4.05584537E+00
  1.66147514E+15  2.78653727E+00
  1.81786621E+15  2.12745629E+00
  2.00717263E+15  1.58049170E+00
  2.05000000E+15  1.48349066E+00
  2.10440727E+15  1.37137749E+00
  2.18000000E+15  1.23360726E+00
  2.27734794E+15  1.08207717E+00
  2.33000000E+15  1.01036580E+00
  2.40864112E+15  9.14597710E-01
  2.46000000E+15  8.58501537E-01
  2.55603004E+15  7.65329648E-01
  2.62000000E+15  7.10628342E-01
  2.70131851E+15  6.48364182E-01
  2.73000000E+15  6.28142903E-01
  2.76000000E+15  6.07881816E-01
  2.83823067E+15  5.58989091E-01
  2.89000000E+15  5.29484036E-01
  2.95411095E+15  4.95753731E-01
  3.07000000E+15  4.41703939E-01
  3.10859251E+15  4.25456350E-01
  3.17000000E+15  4.01207102E-01
  3.28805000E+15  3.59526709E-01
  3.37593314E+15  3.32173428E-01
  3.51928678E+15  2.93212462E-01
  3.73738308E+15  2.44818117E-01
  3.95998844E+15  2.05809133E-01
  4.16925030E+15  1.76348793E-01
  4.42468808E+15  1.47536140E-01
  4.56199970E+15  1.34611028E-01
  4.81290210E+15  1.14637133E-01
  5.00342206E+15  1.02034016E-01
  5.19673984E+15  9.10654151E-02
  5.43236471E+15  7.97222671E-02
  5.62234685E+15  7.19106966E-02
  5.82509112E+15  6.46603764E-02
  6.00358520E+15  5.90628451E-02
  6.20625261E+15  5.34635821E-02
  6.42818299E+15  4.81151346E-02
  6.63699726E+15  4.37151007E-02
  6.72855536E+15  4.19547279E-02
  6.94853230E+15  3.80949280E-02
  7.09320190E+15  3.58112461E-02
  7.20597290E+15  3.41561196E-02
  7.35975680E+15  3.20594456E-02
  7.48916240E+15  3.04261256E-02
  7.67158728E+15  2.83067955E-02
  7.87611415E+15  2.61583528E-02
  8.02431682E+15  2.47355856E-02
  8.15950279E+15  2.35263911E-02
  8.27308545E+15  2.25706397E-02
  8.40050112E+15  2.15591094E-02
  8.52720330E+15  2.06123044E-02
  8.65798695E+15  1.96922626E-02
  8.80814609E+15  1.87022075E-02
  8.94035750E+15  1.78847034E-02
  9.07283000E+15  1.71126819E-02
  9.18526237E+15  1.64919383E-02
  9.31196455E+15  1.58278693E-02
  9.39908590E+15  1.53918046E-02
  9.52327510E+15  1.47974680E-02
  9.63161920E+15  1.43037031E-02
  9.76530880E+15  1.37242448E-02
  9.88642088E+15  1.32260181E-02
  1.00089371E+16  1.27462525E-02
  1.01688760E+16  1.21542326E-02
  1.03986475E+16  1.13662140E-02
  1.07692030E+16  1.02328288E-02
  1.10576910E+16  9.45263850E-03
  1.12778638E+16  8.90975706E-03
  1.15792130E+16  8.23207408E-03
  1.17658850E+16  7.84643896E-03
  1.19991190E+16  7.39772729E-03
  1.21531590E+16  7.11998140E-03
  1.23032820E+16  6.86251747E-03
  1.25735930E+16  6.42936680E-03
  1.27371360E+16  6.18487662E-03
  1.29800654E+16  5.84407467E-03
  1.30664770E+16  5.72889514E-03
  1.31782290E+16  5.58438367E-03
  1.33171310E+16  5.41145913E-03
  1.35983015E+16  5.08267570E-03
  1.37942449E+16  4.86914382E-03
   11   33478.701    27.0     100
  1.00000000E+12  0.00000000E+00
  7.29697188E+12  0.00000000E+00
  1.35939438E+13  0.00000000E+00
  2.61878875E+13  0.00000000E+00
  5.13757870E+13  0.00000000E+00
  1.05593353E+14  0.00000000E+00
  1.62439490E+14  0.00000000E+00
  2.53229154E+14  0.00000000E+00
  3.80746420E+14  0.00000000E+00
  5.26303960E+14  0.00000000E+00
  6.17569991E+14  0.00000000E+00
  7.37290569E+14  0.00000000E+00
  8.22012500E+14  0.00000000E+00
  8.87979812E+14  2.63695070E+00
  1.02572664E+15  1.02037068E+01
  1.16922992E+15  6.88895128E+00
  1.33075635E+15  4.67258524E+00
  1.46607100E+15  3.49452269E+00
  1.66147514E+15  2.40088485E+00
  1.81786621E+15  1.83301966E+00
  2.00717263E+15  1.36175411E+00
  2.05000000E+15  1.27817786E+00
  2.10440727E+15  1.18158099E+00
  2.18000000E+15  1.06287794E+00
  2.27734794E+15  9.32319373E-01
  2.33000000E+15  8.70532744E-01
  2.40864112E+15  7.88018812E-01
  2.46000000E+15  7.39686262E-01
  2.55603004E+15  6.59409217E-01
  2.62000000E+15  6.12278487E-01
  2.70131851E+15  5.58631590E-01
  2.73000000E+15  5.41208904E-01
  2.76000000E+15  5.23751920E-01
  2.83823067E+15  4.81625871E-01
  2.89000000E+15  4.56204270E-01
  2.95411095E+15  4.27142187E-01
  3.07000000E+15  3.80572802E-01
  3.10859251E+15  3.66573854E-01
  3.17000000E+15  3.45680664E-01
  3.28805000E+15  3.09768773E-01
  3.37593314E+15  2.86201143E-01
  3.51928678E+15  2.52632314E-01
  3.73738308E+15  2.10935671E-01
  3.95998844E+15  1.77325470E-01
  4.16925030E+15  1.51942395E-01
  4.42468808E+15  1.27117368E-01
  4.56199970E+15  1.15981072E-01
  4.81290210E+15  9.87715322E-02
  5.00342206E+15  8.79126673E-02
  5.19673984E+15  7.84621035E-02
  5.43236471E+15  6.86888296E-02
  5.62234685E+15  6.19583682E-02
  5.82509112E+15  5.57114811E-02
  6.00358520E+15  5.08886394E-02
  6.20625261E+15  4.60643056E-02
  6.42818299E+15  4.14560749E-02
  6.63699726E+15  3.76649989E-02
  6.72855536E+15  3.61482589E-02
  6.94853230E+15  3.28226493E-02
  7.09320190E+15  3.08550254E-02
  7.20597290E+15  2.94289658E-02
  7.35975680E+15  2.76224683E-02
  7.48916240E+15  2.62151972E-02
  7.67158728E+15  2.43891791E-02
  7.87611415E+15  2.25380775E-02
  8.02431682E+15  2.13122191E-02
  8.15950279E+15  2.02703752E-02
  8.27308545E+15  1.94468983E-02
  8.40050112E+15  1.85753622E-02
  8.52720330E+15  1.77595936E-02
  8.65798695E+15  1.69668841E-02
  8.80814609E+15  1.61138511E-02
  8.94035750E+15  1.54094883E-02
  9.07283000E+15  1.47443134E-02
  9.18526237E+15  1.42094797E-02
  9.31196455E+15  1.36373169E-02
  9.39908590E+15  1.32616029E-02
  9.52327510E+15  1.27495215E-02
  9.63161920E+15  1.23240929E-02
  9.76530880E+15  1.18248307E-02
  9.88642088E+15  1.13955578E-02
  1.00089371E+16  1.09821910E-02
  1.01688760E+16  1.04721058E-02
  1.03986475E+16  9.79314770E-03
  1.07692030E+16  8.81662123E-03
  1.10576910E+16  8.14440806E-03
  1.12778638E+16  7.67666056E-03
  1.15792130E+16  7.09276785E-03
  1.17658850E+16  6.76050403E-03
  1.19991190E+16  6.37389336E-03
  1.21531590E+16  6.13458707E-03
  1.23032820E+16  5.91275574E-03
  1.25735930E+16  5.53955245E-03
  1.27371360E+16  5.32889933E-03
  1.29800654E+16  5.03526384E-03
  1.30664770E+16  4.93602498E-03
  1.31782290E+16  4.81151367E-03
  1.33171310E+16  4.66252162E-03
  1.35983015E+16  4.37924130E-03
  1.37942449E+16  4.19526190E-03
   12   35391.113   192.0     100
  1.00000000E+12  0.00000000E+00
  7.29697188E+12  0.00000000E+00
  1.35939438E+13  0.00000000E+00
  2.61878875E+13  0.00000000E+00
  5.13757870E+13  0.00000000E+00
  1.05593353E+14  0.00000000E+00
  1.62439490E+14  0.00000000E+00
  2.53229154E+14  0.00000000E+00
  3.80746420E+14  0.00000000E+00
  5.26303960E+14  0.00000000E+00
  6.17569991E+14  0.00000000E+00
  7.37290569E+14  2.58058151E-01
  8.22012500E+14  4.26360254E+00
  8.87979812E+14  1.07832540E+01
  1.02572664E+15  8.69219097E+00
  1.16922992E+15  5.86846345E+00
  1.33075635E+15  3.98041655E+00
  1.46607100E+15  2.97686510E+00
  1.66147514E+15  2.04523220E+00
  1.81786621E+15  1.56148714E+00
  2.00717263E+15  1.16003204E+00
  2.05000000E+15  1.08883628E+00
  2.10440727E+15  1.00654868E+00
  2.18000000E+15  9.05429591E-01
  2.27734794E+15  7.94211185E-01
  2.33000000E+15  7.41577256E-01
  2.40864112E+15  6.71286442E-01
  2.46000000E+15  6.30113585E-01
  2.55603004E+15  5.61728299E-01
  2.62000000E+15  5.21579232E-01
  2.70131851E+15  4.75879264E-01
  2.73000000E+15  4.61037470E-01
  2.76000000E+15  4.46166459E-01
  2.83823067E+15  4.10280710E-01
  2.89000000E+15  3.88624912E-01
  2.95411095E+15  3.63867911E-01
  3.07000000E+15  3.24197035E-01
  3.10859251E+15  3.12271807E-01
  3.17000000E+15  2.94473608E-01
  3.28805000E+15  2.63881489E-01
  3.37593314E+15  2.43805026E-01
  3.51928678E+15  2.15208881E-01
  3.73738308E+15  1.79688929E-01
  3.95998844E+15  1.51057541E-01
  4.16925030E+15  1.29434562E-01
  4.42468808E+15  1.08286965E-01
  4.56199970E+15  9.88003328E-02
  4.81290210E+15  8.41401111E-02
  5.00342206E+15  7.48898132E-02
  5.19673984E+15  6.68391991E-02
  5.43236471E+15  5.85136792E-02
  5.62234685E+15  5.27802280E-02
  5.82509112E+15  4.74587171E-02
  6.00358520E+15  4.33503022E-02
  6.20625261E+15  3.92406162E-02
  6.42818299E+15  3.53150212E-02
  6.63699726E+15  3.20855324E-02
  6.72855536E+15  3.07934731E-02
  6.94853230E+15  2.79604993E-02
  7.09320190E+15  2.62843474E-02
  7.20597290E+15  2.50695357E-02
  7.35975680E+15  2.35306419E-02
  7.48916240E+15  2.23318355E-02
  7.67158728E+15  2.07763127E-02
  7.87611415E+15  1.91994222E-02
  8.02431682E+15  1.81551551E-02
  8.15950279E+15  1.72676437E-02
  8.27308545E+15  1.65661517E-02
  8.40050112E+15  1.58237197E-02
  8.52720330E+15  1.51287941E-02
  8.65798695E+15  1.44535119E-02
  8.80814609E+15  1.37268421E-02
  8.94035750E+15  1.31268193E-02
  9.07283000E+15  1.25601794E-02
  9.18526237E+15  1.21045728E-02
  9.31196455E+15  1.16171667E-02
  9.39908590E+15  1.12971087E-02
  9.52327510E+15  1.08608840E-02
  9.63161920E+15  1.04984758E-02
  9.76530880E+15  1.00731713E-02
  9.88642088E+15  9.70748838E-03
  1.00089371E+16  9.35535527E-03
  1.01688760E+16  8.92083096E-03
  1.03986475E+16  8.34244967E-03
  1.07692030E+16  7.51057996E-03
  1.10576910E+16  6.93794440E-03
  1.12778638E+16  6.53948621E-03
  1.15792130E+16  6.04208786E-03
  1.17658850E+16  5.75904360E-03
  1.19991190E+16  5.42970311E-03
  1.21531590E+16  5.22584621E-03
  1.23032820E+16  5.03687565E-03
  1.25735930E+16  4.71895645E-03
  1.27371360E+16  4.53950822E-03
  1.29800654E+16  4.28937012E-03
  1.30664770E+16  4.20483191E-03
  1.31782290E+16  4.09876495E-03
  1.33171310E+16  3.97184369E-03
  1.35983015E+16  3.73052682E-03
  1.37942449E+16  3.57380102E-03
   13   37384.361    28.0     100
  1.00000000E+12  0.00000000E+00
  7.29697188E+12  0.00000000E+00
  1.35939438E+13  0.00000000E+00
  2.61878875E+13  0.00000000E+00
  5.13757870E+13  0.00000000E+00
  1.05593353E+14  0.00000000E+00
  1.62439490E+14  0.00000000E+00
  2.53229154E+14  0.00000000E+00
  3.80746420E+14  0.00000000E+00
  5.26303960E+14  0.00000000E+00
  6.17569991E+14  0.00000000E+00
  7.37290569E+14  0.00000000E+00
  8.22012500E+14  1.39931713E+01
  8.87979812E+14  1.11004897E+01
  1.02572664E+15  7.20205628E+00
  1.16922992E+15  4.86241089E+00
  1.33075635E+15  3.29803890E+00
  1.46607100E+15  2.46653003E+00
  1.66147514E+15  1.69461042E+00
  1.81786621E+15  1.29379558E+00
  2.00717263E+15  9.61163427E-01
  2.05000000E+15  9.02173015E-01
  2.10440727E+15  8.33992290E-01
  2.18000000E+15  7.50208422E-01
  2.27734794E+15  6.58056602E-01
  2.33000000E+15  6.14445903E-01
  2.40864112E+15  5.56205305E-01
  2.46000000E+15  5.22090865E-01
  2.55603004E+15  4.65429124E-01
  2.62000000E+15  4.32162961E-01
  2.70131851E+15  3.94297508E-01
  2.73000000E+15  3.82000098E-01
  2.76000000E+15  3.69678480E-01
  2.83823067E+15  3.39944759E-01
  2.89000000E+15  3.22001495E-01
  2.95411095E+15  3.01488679E-01
  3.07000000E+15  2.68618729E-01
  3.10859251E+15  2.58737887E-01
  3.17000000E+15  2.43990900E-01
  3.28805000E+15  2.18643302E-01
  3.37593314E+15  2.02008622E-01
  3.51928678E+15  1.78314821E-01
  3.73738308E+15  1.48884186E-01
  3.95998844E+15  1.25161184E-01
  4.16925030E+15  1.07245113E-01
  4.42468808E+15  8.97229274E-02
  4.56199970E+15  8.18626235E-02
  4.81290210E+15  6.97156583E-02
  5.00342206E+15  6.20511735E-02
  5.19673984E+15  5.53807061E-02
  5.43236471E+15  4.84824612E-02
  5.62234685E+15  4.37319168E-02
  5.82509112E+15  3.93226924E-02
  6.00358520E+15  3.59185984E-02
  6.20625261E+15  3.25134512E-02
  6.42818299E+15  2.92608355E-02
  6.63699726E+15  2.65849900E-02
  6.72855536E+15  2.55144333E-02
  6.94853230E+15  2.31671267E-02
  7.09320190E+15  2.17783238E-02
  7.20597290E+15  2.07717718E-02
  7.35975680E+15  1.94966962E-02
  7.48916240E+15  1.85034057E-02
  7.67158728E+15  1.72145520E-02
  7.87611415E+15  1.59079937E-02
  8.02431682E+15  1.50427492E-02
  8.15950279E+15  1.43073872E-02
  8.27308545E+15  1.37261546E-02
  8.40050112E+15  1.31110005E-02
  8.52720330E+15  1.25352086E-02
  8.65798695E+15  1.19756925E-02
  8.80814609E+15  1.13735984E-02
  8.94035750E+15  1.08764398E-02
  9.07283000E+15  1.04069411E-02
  9.18526237E+15  1.00294408E-02
  9.31196455E+15  9.62559255E-03
  9.39908590E+15  9.36040327E-03
  9.52327510E+15  8.99896217E-03
  9.63161920E+15  8.69868300E-03
  9.76530880E+15  8.34629004E-03
  9.88642088E+15  8.04329747E-03
  1.00089371E+16  7.75153185E-03
  1.01688760E+16  7.39149966E-03
  1.03986475E+16  6.91227243E-03
  1.07692030E+16  6.22301325E-03
  1.10576910E+16  5.74854674E-03
  1.12778638E+16  5.41839772E-03
  1.15792130E+16  5.00627022E-03
  1.17658850E+16  4.77174930E-03
  1.19991190E+16  4.49886887E-03
  1.21531590E+16  4.32995992E-03
  1.23032820E+16  4.17338529E-03
  1.25735930E+16  3.90996816E-03
  1.27371360E+16  3.76128341E-03
  1.29800654E+16  3.55402742E-03
  1.30664770E+16  3.48398191E-03
  1.31782290E+16  3.39609840E-03
  1.33171310E+16  3.29093573E-03
  1.35983015E+16  3.09098870E-03
  1.37942449E+16  2.96113099E-03
   14   40370.015    86.0     100
  1.00000000E+12  0.00000000E+00
  7.29697188E+12  0.00000000E+00
  1.35939438E+13  0.00000000E+00
  2.61878875E+13  0.00000000E+00
  5.13757870E+13  0.00000000E+00
  1.05593353E+14  0.00000000E+00
  1.62439490E+14  0.00000000E+00
  2.53229154E+14  0.00000000E+00
  3.80746420E+14  0.00000000E+00
  5.26303960E+14  0.00000000E+00
  6.17569991E+14  0.00000000E+00
  7.37290569E+14  1.43031702E+01
  8.22012500E+14  1.03207932E+01
  8.87979812E+14  8.18726911E+00
  1.02572664E+15  5.31194338E+00
  1.16922992E+15  3.58631623E+00
  1.33075635E+15  2.43249917E+00
  1.46607100E+15  1.81921209E+00
  1.66147514E+15  1.24987563E+00
  1.81786621E+15  9.54250928E-01
  2.00717263E+15  7.08914997E-01
  2.05000000E+15  6.65406072E-01
  2.10440727E+15  6.15118745E-01
  2.18000000E+15  5.53323177E-01
  2.27734794E+15  4.85355748E-01
  2.33000000E+15  4.53190273E-01
  2.40864112E+15  4.10234380E-01
  2.46000000E+15  3.85072958E-01
  2.55603004E+15  3.43281565E-01
  2.62000000E+15  3.18745798E-01
  2.70131851E+15  2.90817783E-01
  2.73000000E+15  2.81747714E-01
  2.76000000E+15  2.72659790E-01
  2.83823067E+15  2.50729409E-01
  2.89000000E+15  2.37495188E-01
  2.95411095E+15  2.22365770E-01
  3.07000000E+15  1.98122234E-01
  3.10859251E+15  1.90834527E-01
  3.17000000E+15  1.79957751E-01
  3.28805000E+15  1.61262394E-01
  3.37593314E+15  1.48993332E-01
  3.51928678E+15  1.31517749E-01
  3.73738308E+15  1.09810912E-01
  3.95998844E+15  9.23137914E-02
  4.16925030E+15  7.90996272E-02
  4.42468808E+15  6.61759769E-02
  4.56199970E+15  6.03785370E-02
  4.81290210E+15  5.14194302E-02
  5.00342206E+15  4.57664183E-02
  5.19673984E+15  4.08465533E-02
  5.43236471E+15  3.57586887E-02
  5.62234685E+15  3.22548807E-02
  5.82509112E+15  2.90028164E-02
  6.00358520E+15  2.64920952E-02
  6.20625261E+15  2.39805973E-02
  6.42818299E+15  2.15816005E-02
  6.63699726E+15  1.96080058E-02
  6.72855536E+15  1.88184068E-02
  6.94853230E+15  1.70871291E-02
  7.09320190E+15  1.60628046E-02
  7.20597290E+15  1.53204129E-02
  7.35975680E+15  1.43799691E-02
  7.48916240E+15  1.36473584E-02
  7.67158728E+15  1.26967524E-02
  7.87611415E+15  1.17330882E-02
  8.02431682E+15  1.10949191E-02
  8.15950279E+15  1.05525461E-02
  8.27308545E+15  1.01238526E-02
  8.40050112E+15  9.67013997E-03
  8.52720330E+15  9.24545929E-03
  8.65798695E+15  8.83278302E-03
  8.80814609E+15  8.38870293E-03
  8.94035750E+15  8.02201900E-03
  9.07283000E+15  7.67573588E-03
  9.18526237E+15  7.39730702E-03
  9.31196455E+15  7.09944502E-03
  9.39908590E+15  6.90385222E-03
  9.52327510E+15  6.63726798E-03
  9.63161920E+15  6.41579430E-03
  9.76530880E+15  6.15588360E-03
  9.88642088E+15  5.93240862E-03
  1.00089371E+16  5.71721418E-03
  1.01688760E+16  5.45166910E-03
  1.03986475E+16  5.09821062E-03
  1.07692030E+16  4.58984111E-03
  1.10576910E+16  4.23989394E-03
  1.12778638E+16  3.99638947E-03
  1.15792130E+16  3.69242101E-03
  1.17658850E+16  3.51944793E-03
  1.19991190E+16  3.31818244E-03
  1.21531590E+16  3.19360208E-03
  1.23032820E+16  3.07811901E-03
  1.25735930E+16  2.88383327E-03
  1.27371360E+16  2.77416945E-03
  1.29800654E+16  2.62130587E-03
  1.30664770E+16  2.56964316E-03
  1.31782290E+16  2.50482386E-03
  1.33171310E+16  2.42726016E-03
  1.35983015E+16  2.27978737E-03
  1.37942449E+16  2.18400962E-03
   15   42621.665    56.0     100
  1.00000000E+12  0.00000000E+00
  7.29697188E+12  0.00000000E+00
  1.35939438E+13  0.00000000E+00
  2.61878875E+13  0.00000000E+00
  5.13757870E+13  0.00000000E+00
  1.05593353E+14  0.00000000E+00
  1.62439490E+14  0.00000000E+00
  2.53229154E+14  0.00000000E+00
  3.80746420E+14  0.00000000E+00
  5.26303960E+14  0.00000000E+00
  6.17569991E+14  7.32369849E+00
  7.37290569E+14  1.11032619E+01
  8.22012500E+14  8.01182317E+00
  8.87979812E+14  6.35561152E+00
  1.02572664E+15  4.12355427E+00
  1.16922992E+15  2.78398480E+00
  1.33075635E+15  1.88829994E+00
  1.46607100E+15  1.41221757E+00
  1.66147514E+15  9.70253187E-01
  1.81786621E+15  7.40765707E-01
  2.00717263E+15  5.50316382E-01
  2.05000000E+15  5.16541283E-01
  2.10440727E+15  4.77504248E-01
  2.18000000E+15  4.29533598E-01
  2.27734794E+15  3.76771856E-01
  2.33000000E+15  3.51802448E-01
  2.40864112E+15  3.18456657E-01
  2.46000000E+15  2.98924354E-01
  2.55603004E+15  2.66482540E-01
  2.62000000E+15  2.47435920E-01
  2.70131851E+15  2.25755966E-01
  2.73000000E+15  2.18715055E-01
  2.76000000E+15  2.11660284E-01
  2.83823067E+15  1.94636172E-01
  2.89000000E+15  1.84362714E-01
  2.95411095E+15  1.72618053E-01
  3.07000000E+15  1.53798285E-01
  3.10859251E+15  1.48140986E-01
  3.17000000E+15  1.39697564E-01
  3.28805000E+15  1.25184737E-01
  3.37593314E+15  1.15660512E-01
  3.51928678E+15  1.02094570E-01
  3.73738308E+15  8.52439911E-02
  3.95998844E+15  7.16613303E-02
  4.16925030E+15  6.14034417E-02
  4.42468808E+15  5.13710733E-02
  4.56199970E+15  4.68706378E-02
  4.81290210E+15  3.99158643E-02
  5.00342206E+15  3.55275454E-02
  5.19673984E+15  3.17083537E-02
  5.43236471E+15  2.77587472E-02
  5.62234685E+15  2.50388119E-02
  5.82509112E+15  2.25143001E-02
  6.00358520E+15  2.05652780E-02
  6.20625261E+15  1.86156530E-02
  6.42818299E+15  1.67533602E-02
  6.63699726E+15  1.52212986E-02
  6.72855536E+15  1.46083488E-02
  6.94853230E+15  1.32643929E-02
  7.09320190E+15  1.24692306E-02
  7.20597290E+15  1.18929268E-02
  7.35975680E+15  1.11628793E-02
  7.48916240E+15  1.05941685E-02
  7.67158728E+15  9.85623226E-03
  7.87611415E+15  9.10815924E-03
  8.02431682E+15  8.61276144E-03
  8.15950279E+15  8.19172821E-03
  8.27308545E+15  7.85894212E-03
  8.40050112E+15  7.50673419E-03
  8.52720330E+15  7.17706317E-03
  8.65798695E+15  6.85671092E-03
  8.80814609E+15  6.51198052E-03
  8.94035750E+15  6.22733120E-03
  9.07283000E+15  5.95851861E-03
  9.18526237E+15  5.74237991E-03
  9.31196455E+15  5.51115567E-03
  9.39908590E+15  5.35932093E-03
  9.52327510E+15  5.15237697E-03
  9.63161920E+15  4.98045143E-03
  9.76530880E+15  4.77868800E-03
  9.88642088E+15  4.60520890E-03
  1.00089371E+16  4.43815781E-03
  1.01688760E+16  4.23202053E-03
  1.03986475E+16  3.95763785E-03
  1.07692030E+16  3.56300088E-03
  1.10576910E+16  3.29134397E-03
  1.12778638E+16  3.10231637E-03
  1.15792130E+16  2.86635180E-03
  1.17658850E+16  2.73207629E-03
  1.19991190E+16  2.57583796E-03
  1.21531590E+16  2.47912874E-03
  1.23032820E+16  2.38948157E-03
  1.25735930E+16  2.23866147E-03
  1.27371360E+16  2.15353167E-03
  1.29800654E+16  2.03486676E-03
  1.30664770E+16  1.99476204E-03
  1.31782290E+16  1.94444413E-03
  1.33171310E+16  1.88423300E-03
  1.35983015E+16  1.76975286E-03
  1.37942449E+16  1.69540252E-03
   16   43122.857   196.0     100
  1.00000000E+12  0.00000000E+00
  7.29697188E+12  0.00000000E+00
  1.35939438E+13  0.00000000E+00
  2.61878875E+13  0.00000000E+00
  5.13757870E+13  0.00000000E+00
  1.05593353E+14  0.00000000E+00
  1.62439490E+14  0.00000000E+00
  2.53229154E+14  0.00000000E+00
  3.80746420E+14  0.00000000E+00
  5.26303960E+14  0.00000000E+00
  6.17569991E+14  1.27369267E+01
  7.37290569E+14  1.04147168E+01
  8.22012500E+14  7.51498703E+00
  8.87979812E+14  5.96148182E+00
  1.02572664E+15  3.86784085E+00
  1.16922992E+15  2.61134192E+00
  1.33075635E+15  1.77120104E+00
  1.46607100E+15  1.32464191E+00
  1.66147514E+15  9.10085004E-01
  1.81786621E+15  6.94828701E-01
  2.00717263E+15  5.16189685E-01
  2.05000000E+15  4.84509077E-01
  2.10440727E+15  4.47892840E-01
  2.18000000E+15  4.02896987E-01
  2.27734794E+15  3.53407153E-01
  2.33000000E+15  3.29986169E-01
  2.40864112E+15  2.98708246E-01
  2.46000000E+15  2.80387197E-01
  2.55603004E+15  2.49957193E-01
  2.62000000E+15  2.32091709E-01
  2.70131851E+15  2.11756191E-01
  2.73000000E+15  2.05151908E-01
  2.76000000E+15  1.98534622E-01
  2.83823067E+15  1.82566225E-01
  2.89000000E+15  1.72929853E-01
  2.95411095E+15  1.61913512E-01
  3.07000000E+15  1.44260813E-01
  3.10859251E+15  1.38954339E-01
  3.17000000E+15  1.31034518E-01
  3.28805000E+15  1.17421672E-01
  3.37593314E+15  1.08488072E-01
  3.51928678E+15  9.57633932E-02
  3.73738308E+15  7.99577667E-02
  3.95998844E+15  6.72174056E-02
  4.16925030E+15  5.75956382E-02
  4.42468808E+15  4.81854057E-02
  4.56199970E+15  4.39640551E-02
  4.81290210E+15  3.74405670E-02
  5.00342206E+15  3.33243804E-02
  5.19673984E+15  2.97420277E-02
  5.43236471E+15  2.60373477E-02
  5.62234685E+15  2.34860833E-02
  5.82509112E+15  2.11181238E-02
  6.00358520E+15  1.92899662E-02
  6.20625261E+15  1.74612430E-02
  6.42818299E+15  1.57144363E-02
  6.63699726E+15  1.42773822E-02
  6.72855536E+15  1.37024432E-02
  6.94853230E+15  1.24418299E-02
  7.09320190E+15  1.16959778E-02
  7.20597290E+15  1.11554123E-02
  7.35975680E+15  1.04706372E-02
  7.48916240E+15  9.93719371E-03
  7.67158728E+15  9.24501903E-03
  7.87611415E+15  8.54333616E-03
  8.02431682E+15  8.07865940E-03
  8.15950279E+15  7.68373565E-03
  8.27308545E+15  7.37158658E-03
  8.40050112E+15  7.04122007E-03
  8.52720330E+15  6.73199289E-03
  8.65798695E+15  6.43150661E-03
  8.80814609E+15  6.10815393E-03
  8.94035750E+15  5.84115653E-03
  9.07283000E+15  5.58901378E-03
  9.18526237E+15  5.38627847E-03
  9.31196455E+15  5.16939310E-03
  9.39908590E+15  5.02697406E-03
  9.52327510E+15  4.83286329E-03
  9.63161920E+15  4.67159935E-03
  9.76530880E+15  4.48234785E-03
  9.88642088E+15  4.31962668E-03
  1.00089371E+16  4.16293491E-03
  1.01688760E+16  3.96958080E-03
  1.03986475E+16  3.71221338E-03
  1.07692030E+16  3.34204898E-03
  1.10576910E+16  3.08723829E-03
  1.12778638E+16  2.90993283E-03
  1.15792130E+16  2.68860110E-03
  1.17658850E+16  2.56265240E-03
  1.19991190E+16  2.41610286E-03
  1.21531590E+16  2.32539086E-03
  1.23032820E+16  2.24130296E-03
  1.25735930E+16  2.09983565E-03
  1.27371360E+16  2.01998499E-03
  1.29800654E+16  1.90867884E-03
  1.30664770E+16  1.87106113E-03
  1.31782290E+16  1.82386358E-03
  1.33171310E+16  1.76738630E-03
  1.35983015E+16  1.66000541E-03
  1.37942449E+16  1.59026575E-03
   17   46728.837   558.0     100
  1.00000000E+12  0.00000000E+00
  7.29697188E+12  0.00000000E+00
  1.35939438E+13  0.00000000E+00
  2.61878875E+13  0.00000000E+00
  5.13757870E+13  0.00000000E+00
  1.05593353E+14  0.00000000E+00
  1.62439490E+14  0.00000000E+00
  2.53229154E+14  0.00000000E+00
  3.80746420E+14  0.00000000E+00
  5.26303960E+14  1.14687957E+01
  6.17569991E+14  1.10050840E+01
  7.37290569E+14  6.46749169E+00
  8.22012500E+14  4.66677272E+00
  8.87979812E+14  3.70205306E+00
  1.02572664E+15  2.40191155E+00
  1.16922992E+15  1.62163144E+00
  1.33075635E+15  1.09990778E+00
  1.46607100E+15  8.22596592E-01
  1.66147514E+15  5.65158642E-01
  1.81786621E+15  4.31485458E-01
  2.00717263E+15  3.20551443E-01
  2.05000000E+15  3.00877930E-01
  2.10440727E+15  2.78139414E-01
  2.18000000E+15  2.50197194E-01
  2.27734794E+15  2.19464232E-01
  2.33000000E+15  2.04919908E-01
  2.40864112E+15  1.85496460E-01
  2.46000000E+15  1.74119172E-01
  2.55603004E+15  1.55222279E-01
  2.62000000E+15  1.44127894E-01
  2.70131851E+15  1.31499630E-01
  2.73000000E+15  1.27398400E-01
  2.76000000E+15  1.23289096E-01
  2.83823067E+15  1.13372794E-01
  2.89000000E+15  1.07388651E-01
  2.95411095E+15  1.00547554E-01
  3.07000000E+15  8.95853076E-02
  3.10859251E+15  8.62900115E-02
  3.17000000E+15  8.13718386E-02
  3.28805000E+15  7.29183237E-02
  3.37593314E+15  6.73705984E-02
  3.51928678E+15  5.94686310E-02
  3.73738308E+15  4.96534089E-02
  3.95998844E+15  4.17417028E-02
  4.16925030E+15  3.57666290E-02
  4.42468808E+15  2.99229174E-02
  4.56199970E+15  2.73014780E-02
  4.81290210E+15  2.32504216E-02
  5.00342206E+15  2.06942885E-02
  5.19673984E+15  1.84696637E-02
  5.43236471E+15  1.61690743E-02
  5.62234685E+15  1.45847508E-02
  5.82509112E+15  1.31142587E-02
  6.00358520E+15  1.19789811E-02
  6.20625261E+15  1.08433523E-02
  6.42818299E+15  9.75859337E-03
  6.63699726E+15  8.86618932E-03
  6.72855536E+15  8.50915482E-03
  6.94853230E+15  7.72631968E-03
  7.09320190E+15  7.26314895E-03
  7.20597290E+15  6.92746024E-03
  7.35975680E+15  6.50221799E-03
  7.48916240E+15  6.17095204E-03
  7.67158728E+15  5.74111471E-03
  7.87611415E+15  5.30537284E-03
  8.02431682E+15  5.01681069E-03
  8.15950279E+15  4.77156484E-03
  8.27308545E+15  4.57772169E-03
  8.40050112E+15  4.37256560E-03
  8.52720330E+15  4.18053692E-03
  8.65798695E+15  3.99393631E-03
  8.80814609E+15  3.79313577E-03
  8.94035750E+15  3.62733160E-03
  9.07283000E+15  3.47075210E-03
  9.18526237E+15  3.34485439E-03
  9.31196455E+15  3.21016957E-03
  9.39908590E+15  3.12172800E-03
  9.52327510E+15  3.00118609E-03
  9.63161920E+15  2.90104192E-03
  9.76530880E+15  2.78351760E-03
  9.88642088E+15  2.68246850E-03
  1.00089371E+16  2.58516362E-03
  1.01688760E+16  2.46509159E-03
  1.03986475E+16  2.30526760E-03
  1.07692030E+16  2.07539719E-03
  1.10576910E+16  1.91716091E-03
  1.12778638E+16  1.80705503E-03
  1.15792130E+16  1.66960904E-03
  1.17658850E+16  1.59139547E-03
  1.19991190E+16  1.50038887E-03
  1.21531590E+16  1.44405713E-03
  1.23032820E+16  1.39183893E-03
  1.25735930E+16  1.30398838E-03
  1.27371360E+16  1.25440148E-03
  1.29800654E+16  1.18528087E-03
  1.30664770E+16  1.16192044E-03
  1.31782290E+16  1.13261097E-03
  1.33171310E+16  1.09753884E-03
  1.35983015E+16  1.03085580E-03
  1.37942449E+16  9.87547785E-04
   18   47449.967   120.0     100
  1.00000000E+12  0.00000000E+00
  7.29697188E+12  0.00000000E+00
  1.35939438E+13  0.00000000E+00
  2.61878875E+13  0.00000000E+00
  5.13757870E+13  0.00000000E+00
  1.05593353E+14  0.00000000E+00
  1.62439490E+14  0.00000000E+00
  2.53229154E+14  0.00000000E+00
  3.80746420E+14  0.00000000E+00
  5.26303960E+14  1.13339784E+01
  6.17569991E+14  9.89385975E+00
  7.37290569E+14  5.81444501E+00
  8.22012500E+14  4.19555133E+00
  8.87979812E+14  3.32824300E+00
  1.02572664E+15  2.15938161E+00
  1.16922992E+15  1.45788928E+00
  1.33075635E+15  9.88846002E-01
  1.46607100E+15  7.39535956E-01
  1.66147514E+15  5.08092473E-01
  1.81786621E+15  3.87916767E-01
  2.00717263E+15  2.88184172E-01
  2.05000000E+15  2.70497167E-01
  2.10440727E+15  2.50054643E-01
  2.18000000E+15  2.24933853E-01
  2.27734794E+15  1.97304113E-01
  2.33000000E+15  1.84228383E-01
  2.40864112E+15  1.66766193E-01
  2.46000000E+15  1.56537712E-01
  2.55603004E+15  1.39548908E-01
  2.62000000E+15  1.29574765E-01
  2.70131851E+15  1.18221624E-01
  2.73000000E+15  1.14534510E-01
  2.76000000E+15  1.10840138E-01
  2.83823067E+15  1.01925121E-01
  2.89000000E+15  9.65452197E-02
  2.95411095E+15  9.03948933E-02
  3.07000000E+15  8.05395460E-02
  3.10859251E+15  7.75769882E-02
  3.17000000E+15  7.31554215E-02
  3.28805000E+15  6.55554895E-02
  3.37593314E+15  6.05679386E-02
  3.51928678E+15  5.34638623E-02
  3.73738308E+15  4.46397196E-02
  3.95998844E+15  3.75268878E-02
  4.16925030E+15  3.21551395E-02
  4.42468808E+15  2.69014892E-02
  4.56199970E+15  2.45447462E-02
  4.81290210E+15  2.09027401E-02
  5.00342206E+15  1.86047092E-02
  5.19673984E+15  1.66047131E-02
  5.43236471E+15  1.45364228E-02
  5.62234685E+15  1.31120743E-02
  5.82509112E+15  1.17900632E-02
  6.00358520E+15  1.07694189E-02
  6.20625261E+15  9.74845875E-03
  6.42818299E+15  8.77323192E-03
  6.63699726E+15  7.97093722E-03
  6.72855536E+15  7.64995382E-03
  6.94853230E+15  6.94616446E-03
  7.09320190E+15  6.52976179E-03
  7.20597290E+15  6.22796883E-03
  7.35975680E+15  5.84566486E-03
  7.48916240E+15  5.54784807E-03
  7.67158728E+15  5.16141301E-03
  7.87611415E+15  4.76966962E-03
  8.02431682E+15  4.51024467E-03
  8.15950279E+15  4.28976220E-03
  8.27308545E+15  4.11549211E-03
  8.40050112E+15  3.93105139E-03
  8.52720330E+15  3.75841257E-03
  8.65798695E+15  3.59065371E-03
  8.80814609E+15  3.41012875E-03
  8.94035750E+15  3.26106644E-03
  9.07283000E+15  3.12029736E-03
  9.18526237E+15  3.00711201E-03
  9.31196455E+15  2.88602681E-03
  9.39908590E+15  2.80651552E-03
  9.52327510E+15  2.69814518E-03
  9.63161920E+15  2.60811293E-03
  9.76530880E+15  2.50245548E-03
  9.88642088E+15  2.41160968E-03
  1.00089371E+16  2.32413004E-03
  1.01688760E+16  2.21618213E-03
  1.03986475E+16  2.07249616E-03
  1.07692030E+16  1.86583662E-03
  1.10576910E+16  1.72357805E-03
  1.12778638E+16  1.62458997E-03
  1.15792130E+16  1.50102241E-03
  1.17658850E+16  1.43070635E-03
  1.19991190E+16  1.34888903E-03
  1.21531590E+16  1.29824532E-03
  1.23032820E+16  1.25129978E-03
  1.25735930E+16  1.17231982E-03
  1.27371360E+16  1.12773990E-03
  1.29800654E+16  1.06559865E-03
  1.30664770E+16  1.04459701E-03
  1.31782290E+16  1.01824703E-03
  1.33171310E+16  9.86716267E-04
  1.35983015E+16  9.26766454E-04
  1.37942449E+16  8.87831414E-04
   19   50540.486   417.0     100
  1.00000000E+12  0.00000000E+00
  7.29697188E+12  0.00000000E+00
  1.35939438E+13  0.00000000E+00
  2.61878875E+13  0.00000000E+00
  5.13757870E+13  0.00000000E+00
  1.05593353E+14  0.00000000E+00
  1.62439490E+14  0.00000000E+00
  2.53229154E+14  0.00000000E+00
  3.80746420E+14  9.08221074E+00
  5.26303960E+14  9.30392063E+00
  6.17569991E+14  5.75860588E+00
  7.37290569E+14  3.38423002E+00
  8.22012500E+14  2.44197180E+00
  8.87979812E+14  1.93716509E+00
  1.02572664E+15  1.25684293E+00
  1.16922992E+15  8.48547483E-01
  1.33075635E+15  5.75546303E-01
  1.46607100E+15  4.30438293E-01
  1.66147514E+15  2.95729308E-01
  1.81786621E+15  2.25782438E-01
  2.00717263E+15  1.67734242E-01
  2.05000000E+15  1.57439727E-01
  2.10440727E+15  1.45541394E-01
  2.18000000E+15  1.30920130E-01
  2.27734794E+15  1.14838562E-01
  2.33000000E+15  1.07227985E-01
  2.40864112E+15  9.70643211E-02
  2.46000000E+15  9.11109529E-02
  2.55603004E+15  8.12228173E-02
  2.62000000E+15  7.54174833E-02
  2.70131851E+15  6.88095197E-02
  2.73000000E+15  6.66634781E-02
  2.76000000E+15  6.45132118E-02
  2.83823067E+15  5.93243302E-02
  2.89000000E+15  5.61930211E-02
  2.95411095E+15  5.26132952E-02
  3.07000000E+15  4.68771051E-02
  3.10859251E+15  4.51527828E-02
  3.17000000E+15  4.25792614E-02
  3.28805000E+15  3.81558094E-02
  3.37593314E+15  3.52528635E-02
  3.51928678E+15  3.11180186E-02
  3.73738308E+15  2.59820291E-02
  3.95998844E+15  2.18420882E-02
  4.16925030E+15  1.87155246E-02
  4.42468808E+15  1.56576986E-02
  4.56199970E+15  1.42859838E-02
  4.81290210E+15  1.21661965E-02
  5.00342206E+15  1.08286544E-02
  5.19673984E+15  9.66457995E-03
  5.43236471E+15  8.46075564E-03
  5.62234685E+15  7.63173017E-03
  5.82509112E+15  6.86226903E-03
  6.00358520E+15  6.26821487E-03
  6.20625261E+15  5.67397692E-03
  6.42818299E+15  5.10635749E-03
  6.63699726E+15  4.63939121E-03
  6.72855536E+15  4.45256656E-03
  6.94853230E+15  4.04293415E-03
  7.09320190E+15  3.80057183E-03
  7.20597290E+15  3.62491675E-03
  7.35975680E+15  3.40240117E-03
  7.48916240E+15  3.22906038E-03
  7.67158728E+15  3.00414035E-03
  7.87611415E+15  2.77613067E-03
  8.02431682E+15  2.62513540E-03
  8.15950279E+15  2.49680614E-03
  8.27308545E+15  2.39537427E-03
  8.40050112E+15  2.28802269E-03
  8.52720330E+15  2.18754028E-03
  8.65798695E+15  2.08989819E-03
  8.80814609E+15  1.98482574E-03
  8.94035750E+15  1.89806576E-03
  9.07283000E+15  1.81613275E-03
  9.18526237E+15  1.75025454E-03
  9.31196455E+15  1.67977831E-03
  9.39908590E+15  1.63349968E-03
  9.52327510E+15  1.57042399E-03
  9.63161920E+15  1.51802177E-03
  9.76530880E+15  1.45652508E-03
  9.88642088E+15  1.40364934E-03
  1.00089371E+16  1.35273283E-03
  1.01688760E+16  1.28990301E-03
  1.03986475E+16  1.20627226E-03
  1.07692030E+16  1.08598848E-03
  1.10576910E+16  1.00318854E-03
  1.12778638E+16  9.45573677E-04
  1.15792130E+16  8.73652616E-04
  1.17658850E+16  8.32725976E-04
  1.19991190E+16  7.85105155E-04
  1.21531590E+16  7.55628571E-04
  1.23032820E+16  7.28304469E-04
  1.25735930E+16  6.82335104E-04
  1.27371360E+16  6.56387878E-04
  1.29800654E+16  6.20219288E-04
  1.30664770E+16  6.07995528E-04
  1.31782290E+16  5.92658831E-04
  1.33171310E+16  5.74306715E-04
  1.35983015E+16  5.39413625E-04
  1.37942449E+16  5.16751938E-04
   20   53824.435   569.0     100
  1.00000000E+12  0.00000000E+00
  7.29697188E+12  0.00000000E+00
  1.35939438E+13  0.00000000E+00
  2.61878875E+13  0.00000000E+00
  5.13757870E+13  0.00000000E+00
  1.05593353E+14  0.00000000E+00
  1.62439490E+14  0.00000000E+00
  2.53229154E+14  3.35455568E+00
  3.80746420E+14  1.19302379E+01
  5.26303960E+14  4.51696451E+00
  6.17569991E+14  2.79574810E+00
  7.37290569E+14  1.64301132E+00
  8.22012500E+14  1.18555396E+00
  8.87979812E+14  9.40475128E-01
  1.02572664E+15  6.10185223E-01
  1.16922992E+15  4.11961690E-01
  1.33075635E+15  2.79422227E-01
  1.46607100E+15  2.08973676E-01
  1.66147514E+15  1.43573752E-01
  1.81786621E+15  1.09615215E-01
  2.00717263E+15  8.14333709E-02
  2.05000000E+15  7.64354819E-02
  2.10440727E+15  7.06589551E-02
  2.18000000E+15  6.35604716E-02
  2.27734794E+15  5.57530237E-02
  2.33000000E+15  5.20581617E-02
  2.40864112E+15  4.71237998E-02
  2.46000000E+15  4.42334965E-02
  2.55603004E+15  3.94329012E-02
  2.62000000E+15  3.66144671E-02
  2.70131851E+15  3.34063639E-02
  2.73000000E+15  3.23644812E-02
  2.76000000E+15  3.13205475E-02
  2.83823067E+15  2.88013951E-02
  2.89000000E+15  2.72811745E-02
  2.95411095E+15  2.55432518E-02
  3.07000000E+15  2.27583863E-02
  3.10859251E+15  2.19212443E-02
  3.17000000E+15  2.06718243E-02
  3.28805000E+15  1.85242807E-02
  3.37593314E+15  1.71149282E-02
  3.51928678E+15  1.51075005E-02
  3.73738308E+15  1.26140267E-02
  3.95998844E+15  1.06041250E-02
  4.16925030E+15  9.08620823E-03
  4.42468808E+15  7.60166296E-03
  4.56199970E+15  6.93570854E-03
  4.81290210E+15  5.90657208E-03
  5.00342206E+15  5.25720817E-03
  5.19673984E+15  4.69206116E-03
  5.43236471E+15  4.10761597E-03
  5.62234685E+15  3.70513203E-03
  5.82509112E+15  3.33156600E-03
  6.00358520E+15  3.04315839E-03
  6.20625261E+15  2.75466154E-03
  6.42818299E+15  2.47908774E-03
  6.63699726E+15  2.25238007E-03
  6.72855536E+15  2.16167849E-03
  6.94853230E+15  1.96280588E-03
  7.09320190E+15  1.84514128E-03
  7.20597290E+15  1.75986242E-03
  7.35975680E+15  1.65183324E-03
  7.48916240E+15  1.56767794E-03
  7.67158728E+15  1.45848142E-03
  7.87611415E+15  1.34778490E-03
  8.02431682E+15  1.27447814E-03
  8.15950279E+15  1.21217551E-03
  8.27308545E+15  1.16293130E-03
  8.40050112E+15  1.11081314E-03
  8.52720330E+15  1.06202989E-03
  8.65798695E+15  1.01462559E-03
  8.80814609E+15  9.63613918E-04
  8.94035750E+15  9.21492777E-04
  9.07283000E+15  8.81715085E-04
  9.18526237E+15  8.49731842E-04
  9.31196455E+15  8.15516307E-04
  9.39908590E+15  7.93048477E-04
  9.52327510E+15  7.62425830E-04
  9.63161920E+15  7.36985053E-04
  9.76530880E+15  7.07128999E-04
  9.88642088E+15  6.81458332E-04
  1.00089371E+16  6.56738855E-04
  1.01688760E+16  6.26235577E-04
  1.03986475E+16  5.85633649E-04
  1.07692030E+16  5.27237025E-04
  1.10576910E+16  4.87038443E-04
  1.12778638E+16  4.59066979E-04
  1.15792130E+16  4.24149992E-04
  1.17658850E+16  4.04280499E-04
  1.19991190E+16  3.81161046E-04
  1.21531590E+16  3.66850446E-04
  1.23032820E+16  3.53584856E-04
  1.25735930E+16  3.31267169E-04
  1.27371360E+16  3.18670039E-04
  1.29800654E+16  3.01110534E-04
  1.30664770E+16  2.95176016E-04
  1.31782290E+16  2.87730196E-04
  1.33171310E+16  2.78820419E-04
  1.35983015E+16  2.61880157E-04
  1.37942449E+16  2.50878125E-04
   21   53972.983  1049.0     100
  1.00000000E+12  0.00000000E+00
  7.29697188E+12  0.00000000E+00
  1.35939438E+13  0.00000000E+00
  2.61878875E+13  0.00000000E+00
  5.13757870E+13  0.00000000E+00
  1.05593353E+14  0.00000000E+00
  1.62439490E+14  0.00000000E+00
  2.53229154E+14  6.11860974E+00
  3.80746420E+14  1.02546089E+01
  5.26303960E+14  4.76413115E+00
  6.17569991E+14  2.94873040E+00
  7.37290569E+14  1.73291629E+00
  8.22012500E+14  1.25042704E+00
  8.87979812E+14  9.91937581E-01
  1.02572664E+15  6.43574334E-01
  1.16922992E+15  4.34504082E-01
  1.33075635E+15  2.94712109E-01
  1.46607100E+15  2.20408638E-01
  1.66147514E+15  1.51430055E-01
  1.81786621E+15  1.15613319E-01
  2.00717263E+15  8.58893750E-02
  2.05000000E+15  8.06180034E-02
  2.10440727E+15  7.45253872E-02
  2.18000000E+15  6.70384772E-02
  2.27734794E+15  5.88038087E-02
  2.33000000E+15  5.49067652E-02
  2.40864112E+15  4.97023968E-02
  2.46000000E+15  4.66539372E-02
  2.55603004E+15  4.15906550E-02
  2.62000000E+15  3.86179973E-02
  2.70131851E+15  3.52343479E-02
  2.73000000E+15  3.41354538E-02
  2.76000000E+15  3.30343963E-02
  2.83823067E+15  3.03773969E-02
  2.89000000E+15  2.87739903E-02
  2.95411095E+15  2.69409691E-02
  3.07000000E+15  2.40037168E-02
  3.10859251E+15  2.31207668E-02
  3.17000000E+15  2.18029789E-02
  3.28805000E+15  1.95379225E-02
  3.37593314E+15  1.80514507E-02
  3.51928678E+15  1.59341774E-02
  3.73738308E+15  1.33042616E-02
  3.95998844E+15  1.11843788E-02
  4.16925030E+15  9.58340220E-03
  4.42468808E+15  8.01762317E-03
  4.56199970E+15  7.31522796E-03
  4.81290210E+15  6.22977753E-03
  5.00342206E+15  5.54488067E-03
  5.19673984E+15  4.94880902E-03
  5.43236471E+15  4.33238320E-03
  5.62234685E+15  3.90787549E-03
  5.82509112E+15  3.51386807E-03
  6.00358520E+15  3.20967889E-03
  6.20625261E+15  2.90539561E-03
  6.42818299E+15  2.61474251E-03
  6.63699726E+15  2.37562948E-03
  6.72855536E+15  2.27996474E-03
  6.94853230E+15  2.07020989E-03
  7.09320190E+15  1.94610674E-03
  7.20597290E+15  1.85616145E-03
  7.35975680E+15  1.74222095E-03
  7.48916240E+15  1.65346070E-03
  7.67158728E+15  1.53828898E-03
  7.87611415E+15  1.42153519E-03
  8.02431682E+15  1.34421711E-03
  8.15950279E+15  1.27850531E-03
  8.27308545E+15  1.22656648E-03
  8.40050112E+15  1.17159643E-03
  8.52720330E+15  1.12014377E-03
  8.65798695E+15  1.07014553E-03
  8.80814609E+15  1.01634252E-03
  8.94035750E+15  9.71916523E-04
  9.07283000E+15  9.29962210E-04
  9.18526237E+15  8.96228856E-04
  9.31196455E+15  8.60141059E-04
  9.39908590E+15  8.36443798E-04
  9.52327510E+15  8.04145491E-04
  9.63161920E+15  7.77312604E-04
  9.76530880E+15  7.45822838E-04
  9.88642088E+15  7.18747482E-04
  1.00089371E+16  6.92675364E-04
  1.01688760E+16  6.60502958E-04
  1.03986475E+16  6.17679307E-04
  1.07692030E+16  5.56087241E-04
  1.10576910E+16  5.13689007E-04
  1.12778638E+16  4.84186956E-04
  1.15792130E+16  4.47359323E-04
  1.17658850E+16  4.26402580E-04
  1.19991190E+16  4.02018038E-04
  1.21531590E+16  3.86924368E-04
  1.23032820E+16  3.72932889E-04
  1.25735930E+16  3.49393987E-04
  1.27371360E+16  3.36107546E-04
  1.29800654E+16  3.17587192E-04
  1.30664770E+16  3.11327939E-04
  1.31782290E+16  3.03474686E-04
  1.33171310E+16  2.94077370E-04
  1.35983015E+16  2.76210143E-04
  1.37942449E+16  2.64606084E-04
   22   57511.003  1122.0     100
  1.00000000E+12  0.00000000E+00
  7.29697188E+12  0.00000000E+00
  1.35939438E+13  0.00000000E+00
  2.61878875E+13  0.00000000E+00
  5.13757870E+13  0.00000000E+00
  1.05593353E+14  0.00000000E+00
  1.62439490E+14  8.64978203E+00
  2.53229154E+14  1.23452415E+01
  3.80746420E+14  3.63189442E+00
  5.26303960E+14  1.37508894E+00
  6.17569991E+14  8.51103050E-01
  7.37290569E+14  5.00178091E-01
  8.22012500E+14  3.60915418E-01
  8.87979812E+14  2.86306642E-01
  1.02572664E+15  1.85757260E-01
  1.16922992E+15  1.25412533E-01
  1.33075635E+15  8.50638547E-02
  1.46607100E+15  6.36173671E-02
  1.66147514E+15  4.37078213E-02
  1.81786621E+15  3.33699034E-02
  2.00717263E+15  2.47905705E-02
  2.05000000E+15  2.32690749E-02
  2.10440727E+15  2.15105404E-02
  2.18000000E+15  1.93495656E-02
  2.27734794E+15  1.69727625E-02
  2.33000000E+15  1.58479444E-02
  2.40864112E+15  1.43457881E-02
  2.46000000E+15  1.34658998E-02
  2.55603004E+15  1.20044658E-02
  2.62000000E+15  1.11464565E-02
  2.70131851E+15  1.01698212E-02
  2.73000000E+15  9.85264329E-03
  2.76000000E+15  9.53484098E-03
  2.83823067E+15  8.76794132E-03
  2.89000000E+15  8.30514411E-03
  2.95411095E+15  7.77607236E-03
  3.07000000E+15  6.92828229E-03
  3.10859251E+15  6.67343311E-03
  3.17000000E+15  6.29307509E-03
  3.28805000E+15  5.63930341E-03
  3.37593314E+15  5.21025753E-03
  3.51928678E+15  4.59914102E-03
  3.73738308E+15  3.84005863E-03
  3.95998844E+15  3.22818895E-03
  4.16925030E+15  2.76609311E-03
  4.42468808E+15  2.31415647E-03
  4.56199970E+15  2.11142152E-03
  4.81290210E+15  1.79812392E-03
  5.00342206E+15  1.60043958E-03
  5.19673984E+15  1.42839320E-03
  5.43236471E+15  1.25047192E-03
  5.62234685E+15  1.12794467E-03
  5.82509112E+15  1.01422084E-03
  6.00358520E+15  9.26421586E-04
  6.20625261E+15  8.38595167E-04
  6.42818299E+15  7.54702880E-04
  6.63699726E+15  6.85686795E-04
  6.72855536E+15  6.58074725E-04
  6.94853230E+15  5.97532400E-04
  7.09320190E+15  5.61712044E-04
  7.20597290E+15  5.35750799E-04
  7.35975680E+15  5.02863728E-04
  7.48916240E+15  4.77244526E-04
  7.67158728E+15  4.44002085E-04
  7.87611415E+15  4.10303003E-04
  8.02431682E+15  3.87986396E-04
  8.15950279E+15  3.69019754E-04
  8.27308545E+15  3.54028456E-04
  8.40050112E+15  3.38162245E-04
  8.52720330E+15  3.23311274E-04
  8.65798695E+15  3.08880094E-04
  8.80814609E+15  2.93350730E-04
  8.94035750E+15  2.80527890E-04
  9.07283000E+15  2.68418460E-04
  9.18526237E+15  2.58681876E-04
  9.31196455E+15  2.48265721E-04
  9.39908590E+15  2.41425892E-04
  9.52327510E+15  2.32103511E-04
  9.63161920E+15  2.24358635E-04
  9.76530880E+15  2.15269626E-04
  9.88642088E+15  2.07454765E-04
  1.00089371E+16  1.99929473E-04
  1.01688760E+16  1.90643431E-04
  1.03986475E+16  1.78283081E-04
  1.07692030E+16  1.60505534E-04
  1.10576910E+16  1.48267973E-04
  1.12778638E+16  1.39752686E-04
  1.15792130E+16  1.29122989E-04
  1.17658850E+16  1.23074166E-04
  1.19991190E+16  1.16035965E-04
  1.21531590E+16  1.11679423E-04
  1.23032820E+16  1.07641010E-04
  1.25735930E+16  1.00846889E-04
  1.27371360E+16  9.70119743E-05
  1.29800654E+16  9.16663753E-05
  1.30664770E+16  8.98597437E-05
  1.31782290E+16  8.75930302E-05
  1.33171310E+16  8.48806477E-05
  1.35983015E+16  7.97235635E-05
  1.37942449E+16  7.63742405E-05
   23   60733.955  3590.0     100
  1.00000000E+12  1.97913257E-01
  7.29697188E+12  2.31510068E+00
  1.35939438E+13  1.26712959E+00
  2.61878875E+13  1.21155649E+00
  5.13757870E+13  6.12167637E+00
  1.05593353E+14  8.14683443E+00
  1.62439490E+14  8.84544965E+00
  2.53229154E+14  2.54715520E+00
  3.80746420E+14  7.49357458E-01
  5.26303960E+14  2.83717815E-01
  6.17569991E+14  1.75605440E-01
  7.37290569E+14  1.03200187E-01
  8.22012500E+14  7.44665536E-02
  8.87979812E+14  5.90727573E-02
  1.02572664E+15  3.83267165E-02
  1.16922992E+15  2.58759772E-02
  1.33075635E+15  1.75509601E-02
  1.46607100E+15  1.31259731E-02
  1.66147514E+15  9.01809855E-03
  1.81786621E+15  6.88510818E-03
  2.00717263E+15  5.11496117E-03
  2.05000000E+15  4.80103571E-03
  2.10440727E+15  4.43820276E-03
  2.18000000E+15  3.99233558E-03
  2.27734794E+15  3.50193720E-03
  2.33000000E+15  3.26985697E-03
  2.40864112E+15  2.95992175E-03
  2.46000000E+15  2.77837715E-03
  2.55603004E+15  2.47684403E-03
  2.62000000E+15  2.29981364E-03
  2.70131851E+15  2.09830752E-03
  2.73000000E+15  2.03286519E-03
  2.76000000E+15  1.96729403E-03
  2.83823067E+15  1.80906201E-03
  2.89000000E+15  1.71357450E-03
  2.95411095E+15  1.60441278E-03
  3.07000000E+15  1.42949089E-03
  3.10859251E+15  1.37690866E-03
  3.17000000E+15  1.29843057E-03
  3.28805000E+15  1.16353990E-03
  3.37593314E+15  1.07501620E-03
  3.51928678E+15  9.48926435E-04
  3.73738308E+15  7.92307331E-04
  3.95998844E+15  6.66062166E-04
  4.16925030E+15  5.70719371E-04
  4.42468808E+15  4.77472692E-04
  4.56199970E+15  4.35643022E-04
  4.81290210E+15  3.71001304E-04
  5.00342206E+15  3.30213711E-04
  5.19673984E+15  2.94715918E-04
  5.43236471E+15  2.58005974E-04
  5.62234685E+15  2.32725310E-04
  5.82509112E+15  2.09261026E-04
  6.00358520E+15  1.91145679E-04
  6.20625261E+15  1.73024728E-04
  6.42818299E+15  1.55715493E-04
  6.63699726E+15  1.41475620E-04
  6.72855536E+15  1.35778507E-04
  6.94853230E+15  1.23286998E-04
  7.09320190E+15  1.15896295E-04
  7.20597290E+15  1.10539793E-04
  7.35975680E+15  1.03754306E-04
  7.48916240E+15  9.84683759E-05
  7.67158728E+15  9.16095666E-05
  7.87611415E+15  8.46565399E-05
  8.02431682E+15  8.00520241E-05
  8.15950279E+15  7.61386959E-05
  8.27308545E+15  7.30455880E-05
  8.40050112E+15  6.97719623E-05
  8.52720330E+15  6.67078076E-05
  8.65798695E+15  6.37302671E-05
  8.80814609E+15  6.05261420E-05
  8.94035750E+15  5.78804453E-05
  9.07283000E+15  5.53819444E-05
  9.18526237E+15  5.33730254E-05
  9.31196455E+15  5.12238925E-05
  9.39908590E+15  4.98126519E-05
  9.52327510E+15  4.78891942E-05
  9.63161920E+15  4.62912180E-05
  9.76530880E+15  4.44159112E-05
  9.88642088E+15  4.28034953E-05
  1.00089371E+16  4.12508251E-05
  1.01688760E+16  3.93348651E-05
  1.03986475E+16  3.67845926E-05
  1.07692030E+16  3.31166066E-05
  1.10576910E+16  3.05916689E-05
  1.12778638E+16  2.88347363E-05
  1.15792130E+16  2.66415440E-05
  1.17658850E+16  2.53935092E-05
  1.19991190E+16  2.39413391E-05
  1.21531590E+16  2.30424673E-05
  1.23032820E+16  2.22092342E-05
  1.25735930E+16  2.08074244E-05
  1.27371360E+16  2.00161783E-05
  1.29800654E+16  1.89132376E-05
  1.30664770E+16  1.85404809E-05
  1.31782290E+16  1.80727970E-05
  1.33171310E+16  1.75131595E-05
  1.35983015E+16  1.64491144E-05
  1.37942449E+16  1.57580590E-05
   24   61039.488  2701.0     100
  1.00000000E+12  0.00000000E+00
  7.29697188E+12  3.22555410E+00
  1.35939438E+13  2.14582569E+00
  2.61878875E+13  2.55168557E+00
  5.13757870E+13  7.51494605E+00
  1.05593353E+14  8.83968881E+00
  1.62439490E+14  7.48223428E+00
  2.53229154E+14  1.97499064E+00
  3.80746420E+14  5.81030150E-01
  5.26303960E+14  2.19986607E-01
  6.17569991E+14  1.36159391E-01
  7.37290569E+14  8.00184470E-02
  8.22012500E+14  5.77392169E-02
  8.87979812E+14  4.58033114E-02
  1.02572664E+15  2.97174300E-02
  1.16922992E+15  2.00634860E-02
  1.33075635E+15  1.36085080E-02
  1.46607100E+15  1.01775008E-02
  1.66147514E+15  6.99237340E-03
  1.81786621E+15  5.33851421E-03
  2.00717263E+15  3.96599329E-03
  2.05000000E+15  3.72258455E-03
  2.10440727E+15  3.44125435E-03
  2.18000000E+15  3.09554180E-03
  2.27734794E+15  2.71530106E-03
  2.33000000E+15  2.53535274E-03
  2.40864112E+15  2.29503792E-03
  2.46000000E+15  2.15427347E-03
  2.55603004E+15  1.92047339E-03
  2.62000000E+15  1.78320914E-03
  2.70131851E+15  1.62696710E-03
  2.73000000E+15  1.57622501E-03
  2.76000000E+15  1.52538302E-03
  2.83823067E+15  1.40269448E-03
  2.89000000E+15  1.32865622E-03
  2.95411095E+15  1.24401537E-03
  3.07000000E+15  1.10838599E-03
  3.10859251E+15  1.06761524E-03
  3.17000000E+15  1.00676560E-03
  3.28805000E+15  9.02175263E-04
  3.37593314E+15  8.33536541E-04
  3.51928678E+15  7.35770176E-04
  3.73738308E+15  6.14332242E-04
  3.95998844E+15  5.16445384E-04
  4.16925030E+15  4.42519332E-04
  4.42468808E+15  3.70218548E-04
  4.56199970E+15  3.37785029E-04
  4.81290210E+15  2.87663706E-04
  5.00342206E+15  2.56038183E-04
  5.19673984E+15  2.28514218E-04
  5.43236471E+15  2.00050387E-04
  5.62234685E+15  1.80448490E-04
  5.82509112E+15  1.62254961E-04
  6.00358520E+15  1.48208844E-04
  6.20625261E+15  1.34158381E-04
  6.42818299E+15  1.20737300E-04
  6.63699726E+15  1.09696113E-04
  6.72855536E+15  1.05278737E-04
  6.94853230E+15  9.55931807E-05
  7.09320190E+15  8.98626433E-05
  7.20597290E+15  8.57093656E-05
  7.35975680E+15  8.04480949E-05
  7.48916240E+15  7.63495373E-05
  7.67158728E+15  7.10314145E-05
  7.87611415E+15  6.56402383E-05
  8.02431682E+15  6.20700295E-05
  8.15950279E+15  5.90357478E-05
  8.27308545E+15  5.66374412E-05
  8.40050112E+15  5.40991663E-05
  8.52720330E+15  5.17233092E-05
  8.65798695E+15  4.94146102E-05
  8.80814609E+15  4.69302240E-05
  8.94035750E+15  4.48788271E-05
  9.07283000E+15  4.29415616E-05
  9.18526237E+15  4.13839038E-05
  9.31196455E+15  3.97175282E-05
  9.39908590E+15  3.86232929E-05
  9.52327510E+15  3.71318993E-05
  9.63161920E+15  3.58928747E-05
  9.76530880E+15  3.44388159E-05
  9.88642088E+15  3.31885951E-05
  1.00089371E+16  3.19846995E-05
  1.01688760E+16  3.04991194E-05
  1.03986475E+16  2.85217116E-05
  1.07692030E+16  2.56776612E-05
  1.10576910E+16  2.37198973E-05
  1.12778638E+16  2.23576225E-05
  1.15792130E+16  2.06570845E-05
  1.17658850E+16  1.96893943E-05
  1.19991190E+16  1.85634235E-05
  1.21531590E+16  1.78664643E-05
  1.23032820E+16  1.72203994E-05
  1.25735930E+16  1.61334764E-05
  1.27371360E+16  1.55199671E-05
  1.29800654E+16  1.46647787E-05
  1.30664770E+16  1.43757539E-05
  1.31782290E+16  1.40131253E-05
  1.33171310E+16  1.35791986E-05
  1.35983015E+16  1.27541687E-05
  1.37942449E+16  1.22183443E-05
