****** Levels
 1.89100235E+15    25.   1  ' even   1 '  0  0.  0
 1.67944513E+15    35.   1  ' even   2 '  0  0.  -102
 1.53111830E+15    21.   1  ' even   3 '  0  0.  -102
 1.36771460E+15    20.   2  ' even   4 '  0  0.  -102
 1.31476795E+15    35.   2  '  odd   1 '  0  0.  -103
 1.24487810E+15   139.   2  ' even   5 '  0  0.  -102
 1.20556081E+15    70.   2  '  odd   2 '  0  0.  -103
 1.08509420E+15    75.   2  '  odd   3 '  0  0.  -103
 1.06796559E+15   104.   2  ' even   6 '  0  0.  -102
 9.54928600E+14    36.   2  '  odd   4 '  0  0.  -103
 8.99416453E+14    27.   2  ' even   7 '  0  0.  -102
 8.42083756E+14   192.   2  '  odd   5 '  0  0.  -103
 7.82327691E+14    28.   2  ' even   8 '  0  0.  -102
 6.92820008E+14    86.   2  '  odd   6 '  0  0.  -103
 6.25317252E+14    56.   2  ' even   9 '  0  0.  -102
 6.10291876E+14   196.   2  '  odd   7 '  0  0.  -103
 5.02187298E+14   558.   3  '  odd   8 '  0  0.  -103
 4.80568378E+14   120.   3  ' even  10 '  0  0.  -102
 3.87916930E+14   417.   3  '  odd   9 '  0  0.  -103
 2.89466592E+14   569.   3  '  odd  10 '  0  0.  -103
 2.85013238E+14  1049.   3  ' even  11 '  0  0.  -102
 1.78946067E+14  1122.   4  '  odd  11 '  0  0.  -103
 8.19802160E+13  3605.   6  ' even  12 '  0  0.  -102
 7.28668611E+13  2712.   7  '  odd  12 '  0  0.  -103
-1.15744978E+14  2583.  20  ' even  13 '  0  0.  -102
-2.17041942E+14  4684.  20  '  odd  13 '  0  0.  -103
-3.54021168E+14  5486.  20  ' even  14 '  0  0.  -102
-5.25018654E+14 11071.  20  '  odd  14 '  0  0.  -103
-5.93876684E+14 13935.  20  ' even  15 '  0  0.  -102
-8.20488177E+14  8866.  20  '  odd  15 '  0  0.  -103
-8.96271534E+14  9811.  20  ' even  16 '  0  0.  -102
-1.31830821E+15  5335.  20  '  odd  16 '  0  0.  -103
-1.44795506E+15  7631.  20  ' even  17 '  0  0.  -102
-1.65741973E+15  2745.  20  '  odd  17 '  0  0.  -103
-2.10658539E+15  1420.  20  '  odd  18 '  0  0.  -103
-2.14976606E+15   889.  20  ' even  18 '  0  0.  -102
-2.76521556E+15   201.  20  ' even  19 '  0  0.  -102
-2.87736424E+15   587.  20  '  odd  19 '  0  0.  -103
****** Continuum transitions
  1 39  1  60  0  0  0  1.04E-18  0.
  2 39  1  60  0  0  0  1.11E-18  0.
  3 39  1  60  0  0  0  1.16E-18  0.
  4 39  1  60  0  0  0  1.23E-18  0.
  5 39  1  60  0  0  0  1.25E-18  0.
  6 39  1  60  0  0  0  1.29E-18  0.
  7 39  1  60  0  0  0  1.31E-18  0.
  8 39  1  60  0  0  0  1.38E-18  0.
  9 39  1  60  0  0  0  1.39E-18  0.
 10 39  1  60  0  0  0  1.47E-18  0.
 11 39  1  60  0  0  0  1.51E-18  0.
 12 39  1  60  0  0  0  1.56E-18  0.
 13 39  1  60  0  0  0  1.62E-18  0.
 14 39  1  60  0  0  0  1.72E-18  0.
 15 39  1  60  0  0  0  1.81E-18  0.
 16 39  1  60  0  0  0  1.84E-18  0.
 17 39  1  60  0  0  0  2.02E-18  0.
 18 39  1  60  0  0  0  2.07E-18  0.
 19 39  1  60  0  0  0  2.30E-18  0.
 20 39  1  60  0  0  0  2.67E-18  0.
 21 39  1  60  0  0  0  2.69E-18  0.
 22 39  1  60  0  0  0  3.39E-18  0.
 23 39  1  60  0  0  0  5.01E-18  0.
 24 39  1  60  0  0  0  5.31E-18  0.
 25 39  0   0  0  0  0  1.00E-18  0.
 26 39  0   0  0  0  0  1.00E-18  0.
 27 39  0   0  0  0  0  1.00E-18  0.
 28 39  0   0  0  0  0  1.00E-18  0.
 29 39  0   0  0  0  0  1.00E-18  0.
 30 39  0   0  0  0  0  1.00E-18  0.
 31 39  0   0  0  0  0  1.00E-18  0.
 32 39  0   0  0  0  0  1.00E-18  0.
 33 39  0   0  0  0  0  1.00E-18  0.
 34 39  0   0  0  0  0  1.00E-18  0.
 35 39  0   0  0  0  0  1.00E-18  0.
 36 39  0   0  0  0  0  1.00E-18  0.
 37 39  0   0  0  0  0  1.00E-18  0.
 38 39  0   0  0  0  0  1.00E-18  0.
****** Line transitions
  1  2  0   0  1  0  0  1.  0.7
  1  3  0   0  1  0  0  1.  0.7
  1  4  0   0  0  0  0  1.  0.0
  1  5 -3   0  0  0  0  1.  0.0
  1  6  0   0  0  0  0  1.  0.0
  1  7 -3   0  0  0  0  1.  0.0
  1  8 -3   0  0  0  0  1.  0.0
  1  8 -3   0  0  0  0  1.  0.0
  1  9  0   0  0  0  0  1.  0.0
  1 10 -3   0  0  0  0  1.  0.0
  1 11  0   0  0  0  0  1.  0.0
  1 12 -3   0  0  0  0  1.  0.0
  1 13  0   0  0  0  0  1.  0.0
  1 14 -3   0  0  0  0  1.  0.0
  1 15  0   0  0  0  0  1.  0.0
  1 16 -3   0  0  0  0  1.  0.0
  1 17 -3   0  0  0  0  1.  0.0
  1 18  0   0  0  0  0  1.  0.0
  1 19 -3   0  0  0  0  1.  0.0
  1 19 -3   0  0  0  0  1.  0.0
  1 20 -3   0  0  0  0  1.  0.0
  1 21  0   0  0  0  0  1.  0.0
  1 22 -3   0  0  0  0  1.  0.0
  1 23  0   0  0  0  0  1.  0.0
  1 24 -3   0  0  0  0  1.  0.0
  1 25  0   0  0  0  0  1.  0.0
  1 26 -3   0  0  0  0  1.  0.0
  1 27  0   0  0  0  0  1.  0.0
  1 28 -3   0  0  0  0  1.  0.0
  1 29  0   0  0  0  0  1.  0.0
  1 30 -3   0  0  0  0  1.  0.0
  1 30 -3   0  0  0  0  1.  0.0
  1 31  0   0  0  0  0  1.  0.0
  1 32 -3   0  0  0  0  1.  0.0
  1 32 -3   0  0  0  0  1.  0.0
  1 33  0   0  0  0  0  1.  0.0
  1 34 -3   0  0  0  0  1.  0.0
  1 35 -3   0  0  0  0  1.  0.0
  1 36  0   0  0  0  0  1.  0.0
  1 37  0   0  0  0  0  1.  0.0
  1 38 -3   0  0  0  0  1.  0.0
  2  3  0   0  1  0  0  1.  0.7
  2  4  0   0  0  0  0  1.  0.0
  2  5 -3   0  0  0  0  1.  0.0
  2  6  0   0  0  0  0  1.  0.0
  2  7 -3   0  0  0  0  1.  0.0
  2  8 -3   0  0  0  0  1.  0.0
  2  9  0   0  0  0  0  1.  0.0
  2 10 -3   0  0  0  0  1.  0.0
  2 11  0   0  0  0  0  1.  0.0
  2 12 -3   0  0  0  0  1.  0.0
  2 12 -3   0  0  0  0  1.  0.0
  2 13  0   0  0  0  0  1.  0.0
  2 14 -3   0  0  0  0  1.  0.0
  2 15  0   0  0  0  0  1.  0.0
  2 16 -3   0  0  0  0  1.  0.0
  2 17 -3   0  0  0  0  1.  0.0
  2 18  0   0  0  0  0  1.  0.0
  2 19 -3   0  0  0  0  1.  0.0
  2 20 -3   0  0  0  0  1.  0.0
  2 20 -3   0  0  0  0  1.  0.0
  2 21  0   0  0  0  0  1.  0.0
  2 22 -3   0  0  0  0  1.  0.0
  2 22 -3   0  0  0  0  1.  0.0
  2 23  0   0  0  0  0  1.  0.0
  2 24 -3   0  0  0  0  1.  0.0
  2 25  0   0  0  0  0  1.  0.0
  2 26 -3   0  0  0  0  1.  0.0
  2 27  0   0  0  0  0  1.  0.0
  2 28 -3   0  0  0  0  1.  0.0
  2 29  0   0  0  0  0  1.  0.0
  2 30 -3   0  0  0  0  1.  0.0
  2 30 -3   0  0  0  0  1.  0.0
  2 31  0   0  0  0  0  1.  0.0
  2 32 -3   0  0  0  0  1.  0.0
  2 33  0   0  0  0  0  1.  0.0
  2 34 -3   0  0  0  0  1.  0.0
  2 34 -3   0  0  0  0  1.  0.0
  2 35 -3   0  0  0  0  1.  0.0
  2 36  0   0  0  0  0  1.  0.0
  2 37  0   0  0  0  0  1.  0.0
  2 38 -3   0  0  0  0  1.  0.0
  3  4  0   0  0  0  0  1.  0.0
  3  5  0   0  0  0  0  1.  0.0
  3  6  0   0  0  0  0  1.  0.0
  3  7 -3   0  0  0  0  1.  0.0
  3  8 -3   0  0  0  0  1.  0.0
  3  9  0   0  0  0  0  1.  0.0
  3 10 -3   0  0  0  0  1.  0.0
  3 11  0   0  0  0  0  1.  0.0
  3 12 -3   0  0  0  0  1.  0.0
  3 13  0   0  0  0  0  1.  0.0
  3 14 -3   0  0  0  0  1.  0.0
  3 14 -3   0  0  0  0  1.  0.0
  3 15  0   0  0  0  0  1.  0.0
  3 16 -3   0  0  0  0  1.  0.0
  3 17 -3   0  0  0  0  1.  0.0
  3 18  0   0  0  0  0  1.  0.0
  3 19 -3   0  0  0  0  1.  0.0
  3 20 -3   0  0  0  0  1.  0.0
  3 21  0   0  0  0  0  1.  0.0
  3 22 -3   0  0  0  0  1.  0.0
  3 23  0   0  0  0  0  1.  0.0
  3 24 -3   0  0  0  0  1.  0.0
  3 24 -3   0  0  0  0  1.  0.0
  3 25  0   0  0  0  0  1.  0.0
  3 26 -3   0  0  0  0  1.  0.0
  3 27  0   0  0  0  0  1.  0.0
  3 28 -3   0  0  0  0  1.  0.0
  3 29  0   0  0  0  0  1.  0.0
  3 30 -3   0  0  0  0  1.  0.0
  3 31  0   0  0  0  0  1.  0.0
  3 32 -3   0  0  0  0  1.  0.0
  3 32 -3   0  0  0  0  1.  0.0
  3 33  0   0  0  0  0  1.  0.0
  3 34 -3   0  0  0  0  1.  0.0
  3 34 -3   0  0  0  0  1.  0.0
  3 35 -3   0  0  0  0  1.  0.0
  3 36  0   0  0  0  0  1.  0.0
  3 37  0   0  0  0  0  1.  0.0
  3 38 -3   0  0  0  0  1.  0.0
  4  5  0   0  1  0  0  1.  0.7
  4  6  0   0  1  0  0  1.  0.7
  4  7  0   0  1  0  0  1.  0.7
  4  8  0   0  1  0  0  1.  0.7
  4  9  0   0  1  0  0  1.  0.7
  4 10 -3   0  1  0  0  1.  0.7
  4 11  0   0  1  0  0  1.  0.7
  4 12 -3   0  1  0  0  1.  0.7
  4 13  0   0  1  0  0  1.  0.7
  4 14 -3   0  1  0  0  1.  0.7
  4 15  0   0  1  0  0  1.  0.7
  4 16 -3   0  1  0  0  1.  0.7
  4 17 -3   0  0  0  0  1.  0.0
  4 17 -3   0  0  0  0  1.  0.0
  4 18  0   0  0  0  0  1.  0.0
  4 19 -3   0  0  0  0  1.  0.0
  4 20 -3   0  0  0  0  1.  0.0
  4 21  0   0  0  0  0  1.  0.0
  4 22 -3   0  0  0  0  1.  0.0
  4 23  0   0  0  0  0  1.  0.0
  4 24 -3   0  0  0  0  1.  0.0
  4 25  0   0  0  0  0  1.  0.0
  4 26 -3   0  0  0  0  1.  0.0
  4 26 -3   0  0  0  0  1.  0.0
  4 27  0   0  0  0  0  1.  0.0
  4 28 -3   0  0  0  0  1.  0.0
  4 29  0   0  0  0  0  1.  0.0
  4 30 -3   0  0  0  0  1.  0.0
  4 31  0   0  0  0  0  1.  0.0
  4 32 -3   0  0  0  0  1.  0.0
  4 32 -3   0  0  0  0  1.  0.0
  4 33  0   0  0  0  0  1.  0.0
  4 34 -3   0  0  0  0  1.  0.0
  4 35 -3   0  0  0  0  1.  0.0
  4 35 -3   0  0  0  0  1.  0.0
  4 36  0   0  0  0  0  1.  0.0
  4 37  0   0  0  0  0  1.  0.0
  4 38 -3   0  0  0  0  1.  0.0
  5  6  0   0  1  0  0  1.  0.7
  5  7  0   0  1  0  0  1.  0.7
  5  8  0   0  1  0  0  1.  0.7
  5  9  0   0  1  0  0  1.  0.7
  5 10  0   0  1  0  0  1.  0.7
  5 11 -3   0  1  0  0  1.  0.7
  5 12  0   0  1  0  0  1.  0.7
  5 13 -3   0  1  0  0  1.  0.7
  5 14  0   0  1  0  0  1.  0.7
  5 15 -3   0  1  0  0  1.  0.7
  5 16  0   0  1  0  0  1.  0.7
  5 17  0   0  0  0  0  1.  0.0
  5 18 -3   0  0  0  0  1.  0.0
  5 18 -3   0  0  0  0  1.  0.0
  5 19  0   0  0  0  0  1.  0.0
  5 20  0   0  0  0  0  1.  0.0
  5 21 -3   0  0  0  0  1.  0.0
  5 22  0   0  0  0  0  1.  0.0
  5 23 -3   0  0  0  0  1.  0.0
  5 24  0   0  0  0  0  1.  0.0
  5 25 -3   0  0  0  0  1.  0.0
  5 25 -3   0  0  0  0  1.  0.0
  5 26  0   0  0  0  0  1.  0.0
  5 27 -3   0  0  0  0  1.  0.0
  5 28  0   0  0  0  0  1.  0.0
  5 29 -3   0  0  0  0  1.  0.0
  5 30  0   0  0  0  0  1.  0.0
  5 31 -3   0  0  0  0  1.  0.0
  5 32  0   0  0  0  0  1.  0.0
  5 33 -3   0  0  0  0  1.  0.0
  5 33 -3   0  0  0  0  1.  0.0
  5 34  0   0  0  0  0  1.  0.0
  5 35  0   0  0  0  0  1.  0.0
  5 36 -3   0  0  0  0  1.  0.0
  5 36 -3   0  0  0  0  1.  0.0
  5 37 -3   0  0  0  0  1.  0.0
  5 38  0   0  0  0  0  1.  0.0
  6  7  0   0  1  0  0  1.  0.7
  6  8  0   0  1  0  0  1.  0.7
  6  9  0   0  1  0  0  1.  0.7
  6 10 -3   0  1  0  0  1.  0.7
  6 11  0   0  1  0  0  1.  0.7
  6 12 -3   0  1  0  0  1.  0.7
  6 13  0   0  1  0  0  1.  0.7
  6 14 -3   0  1  0  0  1.  0.7
  6 15  0   0  1  0  0  1.  0.7
  6 16 -3   0  1  0  0  1.  0.7
  6 17 -3   0  0  0  0  1.  0.0
  6 17 -3   0  0  0  0  1.  0.0
  6 18  0   0  0  0  0  1.  0.0
  6 19 -3   0  0  0  0  1.  0.0
  6 19 -3   0  0  0  0  1.  0.0
  6 20 -3   0  0  0  0  1.  0.0
  6 20 -3   0  0  0  0  1.  0.0
  6 21  0   0  0  0  0  1.  0.0
  6 22 -3   0  0  0  0  1.  0.0
  6 23  0   0  0  0  0  1.  0.0
  6 24 -3   0  0  0  0  1.  0.0
  6 25  0   0  0  0  0  1.  0.0
  6 26 -3   0  0  0  0  1.  0.0
  6 26 -3   0  0  0  0  1.  0.0
  6 27  0   0  0  0  0  1.  0.0
  6 28 -3   0  0  0  0  1.  0.0
  6 29  0   0  0  0  0  1.  0.0
  6 30 -3   0  0  0  0  1.  0.0
  6 31  0   0  0  0  0  1.  0.0
  6 32 -3   0  0  0  0  1.  0.0
  6 32 -3   0  0  0  0  1.  0.0
  6 33  0   0  0  0  0  1.  0.0
  6 34 -3   0  0  0  0  1.  0.0
  6 34 -3   0  0  0  0  1.  0.0
  6 35 -3   0  0  0  0  1.  0.0
  6 35 -3   0  0  0  0  1.  0.0
  6 36  0   0  0  0  0  1.  0.0
  6 37  0   0  0  0  0  1.  0.0
  6 38 -3   0  0  0  0  1.  0.0
  7  8  0   0  1  0  0  1.  0.7
  7  9  0   0  1  0  0  1.  0.7
  7 10  0   0  1  0  0  1.  0.7
  7 11  0   0  1  0  0  1.  0.7
  7 12  0   0  1  0  0  1.  0.7
  7 13 -3   0  1  0  0  1.  0.7
  7 14  0   0  1  0  0  1.  0.7
  7 15 -3   0  1  0  0  1.  0.7
  7 16  0   0  1  0  0  1.  0.7
  7 17  0   0  0  0  0  1.  0.0
  7 18 -3   0  0  0  0  1.  0.0
  7 19  0   0  0  0  0  1.  0.0
  7 20  0   0  0  0  0  1.  0.0
  7 21 -3   0  0  0  0  1.  0.0
  7 21 -3   0  0  0  0  1.  0.0
  7 22  0   0  0  0  0  1.  0.0
  7 23 -3   0  0  0  0  1.  0.0
  7 24  0   0  0  0  0  1.  0.0
  7 25 -3   0  0  0  0  1.  0.0
  7 26  0   0  0  0  0  1.  0.0
  7 27 -3   0  0  0  0  1.  0.0
  7 27 -3   0  0  0  0  1.  0.0
  7 28  0   0  0  0  0  1.  0.0
  7 29 -3   0  0  0  0  1.  0.0
  7 30  0   0  0  0  0  1.  0.0
  7 31 -3   0  0  0  0  1.  0.0
  7 32  0   0  0  0  0  1.  0.0
  7 33 -3   0  0  0  0  1.  0.0
  7 33 -3   0  0  0  0  1.  0.0
  7 34  0   0  0  0  0  1.  0.0
  7 35  0   0  0  0  0  1.  0.0
  7 36 -3   0  0  0  0  1.  0.0
  7 36 -3   0  0  0  0  1.  0.0
  7 37 -3   0  0  0  0  1.  0.0
  7 38  0   0  0  0  0  1.  0.0
  8  9  0   0  1  0  0  1.  0.7
  8 10  0   0  1  0  0  1.  0.7
  8 11  0   0  1  0  0  1.  0.7
  8 12  0   0  1  0  0  1.  0.7
  8 13 -3   0  1  0  0  1.  0.7
  8 14  0   0  1  0  0  1.  0.7
  8 15 -3   0  1  0  0  1.  0.7
  8 16  0   0  1  0  0  1.  0.7
  8 17  0   0  0  0  0  1.  0.0
  8 18 -3   0  0  0  0  1.  0.0
  8 19  0   0  0  0  0  1.  0.0
  8 20  0   0  0  0  0  1.  0.0
  8 21 -3   0  0  0  0  1.  0.0
  8 21 -3   0  0  0  0  1.  0.0
  8 22  0   0  0  0  0  1.  0.0
  8 23 -3   0  0  0  0  1.  0.0
  8 24  0   0  0  0  0  1.  0.0
  8 25 -3   0  0  0  0  1.  0.0
  8 26  0   0  0  0  0  1.  0.0
  8 27 -3   0  0  0  0  1.  0.0
  8 27 -3   0  0  0  0  1.  0.0
  8 28  0   0  0  0  0  1.  0.0
  8 29 -3   0  0  0  0  1.  0.0
  8 30  0   0  0  0  0  1.  0.0
  8 31 -3   0  0  0  0  1.  0.0
  8 32  0   0  0  0  0  1.  0.0
  8 33 -3   0  0  0  0  1.  0.0
  8 33 -3   0  0  0  0  1.  0.0
  8 34  0   0  0  0  0  1.  0.0
  8 35  0   0  0  0  0  1.  0.0
  8 36 -3   0  0  0  0  1.  0.0
  8 36 -3   0  0  0  0  1.  0.0
  8 37 -3   0  0  0  0  1.  0.0
  8 38  0   0  0  0  0  1.  0.0
  9 10  0   0  1  0  0  1.  0.7
  9 11  0   0  1  0  0  1.  0.7
  9 12 -3   0  1  0  0  1.  0.7
  9 13  0   0  1  0  0  1.  0.7
  9 14 -3   0  1  0  0  1.  0.7
  9 15  0   0  1  0  0  1.  0.7
  9 16 -3   0  1  0  0  1.  0.7
  9 17 -3   0  0  0  0  1.  0.0
  9 18  0   0  0  0  0  1.  0.0
  9 19 -3   0  0  0  0  1.  0.0
  9 20 -3   0  0  0  0  1.  0.0
  9 20 -3   0  0  0  0  1.  0.0
  9 21  0   0  0  0  0  1.  0.0
  9 22 -3   0  0  0  0  1.  0.0
  9 22 -3   0  0  0  0  1.  0.0
  9 23  0   0  0  0  0  1.  0.0
  9 24 -3   0  0  0  0  1.  0.0
  9 25  0   0  0  0  0  1.  0.0
  9 26 -3   0  0  0  0  1.  0.0
  9 26 -3   0  0  0  0  1.  0.0
  9 27  0   0  0  0  0  1.  0.0
  9 28 -3   0  0  0  0  1.  0.0
  9 28 -3   0  0  0  0  1.  0.0
  9 29  0   0  0  0  0  1.  0.0
  9 30 -3   0  0  0  0  1.  0.0
  9 31  0   0  0  0  0  1.  0.0
  9 32 -3   0  0  0  0  1.  0.0
  9 33  0   0  0  0  0  1.  0.0
  9 34 -3   0  0  0  0  1.  0.0
  9 34 -3   0  0  0  0  1.  0.0
  9 35 -3   0  0  0  0  1.  0.0
  9 35 -3   0  0  0  0  1.  0.0
  9 36  0   0  0  0  0  1.  0.0
  9 37  0   0  0  0  0  1.  0.0
  9 38 -3   0  0  0  0  1.  0.0
 10 11  0   0  1  0  0  1.  0.7
 10 12  0   0  1  0  0  1.  0.7
 10 13  0   0  1  0  0  1.  0.7
 10 14  0   0  1  0  0  1.  0.7
 10 15  0   0  1  0  0  1.  0.7
 10 16  0   0  1  0  0  1.  0.7
 10 17  0   0  0  0  0  1.  0.0
 10 18 -3   0  0  0  0  1.  0.0
 10 19  0   0  0  0  0  1.  0.0
 10 20  0   0  0  0  0  1.  0.0
 10 21 -3   0  0  0  0  1.  0.0
 10 22  0   0  0  0  0  1.  0.0
 10 23 -3   0  0  0  0  1.  0.0
 10 23 -3   0  0  0  0  1.  0.0
 10 24  0   0  0  0  0  1.  0.0
 10 25 -3   0  0  0  0  1.  0.0
 10 26  0   0  0  0  0  1.  0.0
 10 27 -3   0  0  0  0  1.  0.0
 10 28  0   0  0  0  0  1.  0.0
 10 29 -3   0  0  0  0  1.  0.0
 10 29 -3   0  0  0  0  1.  0.0
 10 30  0   0  0  0  0  1.  0.0
 10 31 -3   0  0  0  0  1.  0.0
 10 32  0   0  0  0  0  1.  0.0
 10 33 -3   0  0  0  0  1.  0.0
 10 33 -3   0  0  0  0  1.  0.0
 10 34  0   0  0  0  0  1.  0.0
 10 35  0   0  0  0  0  1.  0.0
 10 36 -3   0  0  0  0  1.  0.0
 10 37  0   0  0  0  0  1.  0.0
 10 38  0   0  0  0  0  1.  0.0
 11 12  0   0  1  0  0  1.  0.7
 11 13  0   0  1  0  0  1.  0.7
 11 14  0   0  1  0  0  1.  0.7
 11 15  0   0  1  0  0  1.  0.7
 11 16  0   0  1  0  0  1.  0.7
 11 17 -3   0  0  0  0  1.  0.0
 11 18  0   0  0  0  0  1.  0.0
 11 19 -3   0  0  0  0  1.  0.0
 11 20 -3   0  0  0  0  1.  0.0
 11 21  0   0  0  0  0  1.  0.0
 11 22 -3   0  0  0  0  1.  0.0
 11 23  0   0  0  0  0  1.  0.0
 11 24 -3   0  0  0  0  1.  0.0
 11 24 -3   0  0  0  0  1.  0.0
 11 25  0   0  0  0  0  1.  0.0
 11 26 -3   0  0  0  0  1.  0.0
 11 27  0   0  0  0  0  1.  0.0
 11 28 -3   0  0  0  0  1.  0.0
 11 28 -3   0  0  0  0  1.  0.0
 11 29  0   0  0  0  0  1.  0.0
 11 30 -3   0  0  0  0  1.  0.0
 11 31  0   0  0  0  0  1.  0.0
 11 32 -3   0  0  0  0  1.  0.0
 11 33  0   0  0  0  0  1.  0.0
 11 34 -3   0  0  0  0  1.  0.0
 11 34 -3   0  0  0  0  1.  0.0
 11 35 -3   0  0  0  0  1.  0.0
 11 35 -3   0  0  0  0  1.  0.0
 11 36  0   0  0  0  0  1.  0.0
 11 37  0   0  0  0  0  1.  0.0
 11 38 -3   0  0  0  0  1.  0.0
 12 13  0   0  1  0  0  1.  0.7
 12 14  0   0  1  0  0  1.  0.7
 12 15  0   0  1  0  0  1.  0.7
 12 16  0   0  1  0  0  1.  0.7
 12 17  0   0  0  0  0  1.  0.0
 12 18 -3   0  0  0  0  1.  0.0
 12 19  0   0  0  0  0  1.  0.0
 12 20  0   0  0  0  0  1.  0.0
 12 21 -3   0  0  0  0  1.  0.0
 12 22  0   0  0  0  0  1.  0.0
 12 23 -3   0  0  0  0  1.  0.0
 12 23 -3   0  0  0  0  1.  0.0
 12 24  0   0  0  0  0  1.  0.0
 12 25 -3   0  0  0  0  1.  0.0
 12 25 -3   0  0  0  0  1.  0.0
 12 26  0   0  0  0  0  1.  0.0
 12 27 -3   0  0  0  0  1.  0.0
 12 28  0   0  0  0  0  1.  0.0
 12 29 -3   0  0  0  0  1.  0.0
 12 29 -3   0  0  0  0  1.  0.0
 12 30  0   0  0  0  0  1.  0.0
 12 31 -3   0  0  0  0  1.  0.0
 12 32  0   0  0  0  0  1.  0.0
 12 33 -3   0  0  0  0  1.  0.0
 12 34  0   0  0  0  0  1.  0.0
 12 35  0   0  0  0  0  1.  0.0
 12 36 -3   0  0  0  0  1.  0.0
 12 36 -3   0  0  0  0  1.  0.0
 12 37 -3   0  0  0  0  1.  0.0
 12 38  0   0  0  0  0  1.  0.0
 13 14  0   0  1  0  0  1.  0.7
 13 15  0   0  1  0  0  1.  0.7
 13 16  0   0  1  0  0  1.  0.7
 13 17  0   0  0  0  0  1.  0.0
 13 18  0   0  0  0  0  1.  0.0
 13 19 -3   0  0  0  0  1.  0.0
 13 20 -3   0  0  0  0  1.  0.0
 13 21  0   0  0  0  0  1.  0.0
 13 22 -3   0  0  0  0  1.  0.0
 13 23  0   0  0  0  0  1.  0.0
 13 24 -3   0  0  0  0  1.  0.0
 13 25  0   0  0  0  0  1.  0.0
 13 26 -3   0  0  0  0  1.  0.0
 13 26 -3   0  0  0  0  1.  0.0
 13 27  0   0  0  0  0  1.  0.0
 13 28 -3   0  0  0  0  1.  0.0
 13 28 -3   0  0  0  0  1.  0.0
 13 29  0   0  0  0  0  1.  0.0
 13 30 -3   0  0  0  0  1.  0.0
 13 30 -3   0  0  0  0  1.  0.0
 13 31  0   0  0  0  0  1.  0.0
 13 32 -3   0  0  0  0  1.  0.0
 13 33  0   0  0  0  0  1.  0.0
 13 34 -3   0  0  0  0  1.  0.0
 13 35 -3   0  0  0  0  1.  0.0
 13 35 -3   0  0  0  0  1.  0.0
 13 36  0   0  0  0  0  1.  0.0
 13 37  0   0  0  0  0  1.  0.0
 13 38 -3   0  0  0  0  1.  0.0
 13 38 -3   0  0  0  0  1.  0.0
 14 15  0   0  1  0  0  1.  0.7
 14 16  0   0  1  0  0  1.  0.7
 14 17  0   0  0  0  0  1.  0.0
 14 18  0   0  0  0  0  1.  0.0
 14 19  0   0  0  0  0  1.  0.0
 14 20  0   0  0  0  0  1.  0.0
 14 21 -3   0  0  0  0  1.  0.0
 14 22  0   0  0  0  0  1.  0.0
 14 23 -3   0  0  0  0  1.  0.0
 14 24  0   0  0  0  0  1.  0.0
 14 25 -3   0  0  0  0  1.  0.0
 14 25 -3   0  0  0  0  1.  0.0
 14 26  0   0  0  0  0  1.  0.0
 14 27 -3   0  0  0  0  1.  0.0
 14 28  0   0  0  0  0  1.  0.0
 14 29 -3   0  0  0  0  1.  0.0
 14 30  0   0  0  0  0  1.  0.0
 14 31 -3   0  0  0  0  1.  0.0
 14 31 -3   0  0  0  0  1.  0.0
 14 32  0   0  0  0  0  1.  0.0
 14 33 -3   0  0  0  0  1.  0.0
 14 34  0   0  0  0  0  1.  0.0
 14 35  0   0  0  0  0  1.  0.0
 14 36 -3   0  0  0  0  1.  0.0
 14 37  0   0  0  0  0  1.  0.0
 14 38  0   0  0  0  0  1.  0.0
 15 16  0   0  1  0  0  1.  0.7
 15 17  0   0  0  0  0  1.  0.0
 15 18  0   0  0  0  0  1.  0.0
 15 19  0   0  0  0  0  1.  0.0
 15 20 -3   0  0  0  0  1.  0.0
 15 21  0   0  0  0  0  1.  0.0
 15 22 -3   0  0  0  0  1.  0.0
 15 23  0   0  0  0  0  1.  0.0
 15 24 -3   0  0  0  0  1.  0.0
 15 25  0   0  0  0  0  1.  0.0
 15 26 -3   0  0  0  0  1.  0.0
 15 26 -3   0  0  0  0  1.  0.0
 15 27  0   0  0  0  0  1.  0.0
 15 28 -3   0  0  0  0  1.  0.0
 15 29  0   0  0  0  0  1.  0.0
 15 30 -3   0  0  0  0  1.  0.0
 15 30 -3   0  0  0  0  1.  0.0
 15 31  0   0  0  0  0  1.  0.0
 15 32 -3   0  0  0  0  1.  0.0
 15 33  0   0  0  0  0  1.  0.0
 15 34 -3   0  0  0  0  1.  0.0
 15 35 -3   0  0  0  0  1.  0.0
 15 35 -3   0  0  0  0  1.  0.0
 15 36  0   0  0  0  0  1.  0.0
 15 37  0   0  0  0  0  1.  0.0
 15 38 -3   0  0  0  0  1.  0.0
 15 38 -3   0  0  0  0  1.  0.0
 16 17  0   0  0  0  0  1.  0.0
 16 18  0   0  0  0  0  1.  0.0
 16 19  0   0  0  0  0  1.  0.0
 16 20  0   0  0  0  0  1.  0.0
 16 21 -3   0  0  0  0  1.  0.0
 16 22  0   0  0  0  0  1.  0.0
 16 23 -3   0  0  0  0  1.  0.0
 16 24  0   0  0  0  0  1.  0.0
 16 25 -3   0  0  0  0  1.  0.0
 16 25 -3   0  0  0  0  1.  0.0
 16 26  0   0  0  0  0  1.  0.0
 16 27 -3   0  0  0  0  1.  0.0
 16 27 -3   0  0  0  0  1.  0.0
 16 28  0   0  0  0  0  1.  0.0
 16 29 -3   0  0  0  0  1.  0.0
 16 30  0   0  0  0  0  1.  0.0
 16 31 -3   0  0  0  0  1.  0.0
 16 31 -3   0  0  0  0  1.  0.0
 16 32  0   0  0  0  0  1.  0.0
 16 33 -3   0  0  0  0  1.  0.0
 16 34  0   0  0  0  0  1.  0.0
 16 35  0   0  0  0  0  1.  0.0
 16 36 -3   0  0  0  0  1.  0.0
 16 37  0   0  0  0  0  1.  0.0
 16 38  0   0  0  0  0  1.  0.0
 17 18  0   0  1  0  0  1.  0.7
 17 19  0   0  1  0  0  1.  0.7
 17 20  0   0  1  0  0  1.  0.7
 17 21 -3   0  1  0  0  1.  0.7
 17 22  0   0  0  0  0  1.  0.0
 17 23 -3   0  0  0  0  1.  0.0
 17 24  0   0  0  0  0  1.  0.0
 17 25 -3   0  0  0  0  1.  0.0
 17 26  0   0  0  0  0  1.  0.0
 17 27 -3   0  0  0  0  1.  0.0
 17 27 -3   0  0  0  0  1.  0.0
 17 28  0   0  0  0  0  1.  0.0
 17 29 -3   0  0  0  0  1.  0.0
 17 30  0   0  0  0  0  1.  0.0
 17 31 -3   0  0  0  0  1.  0.0
 17 31 -3   0  0  0  0  1.  0.0
 17 32  0   0  0  0  0  1.  0.0
 17 33 -3   0  0  0  0  1.  0.0
 17 34  0   0  0  0  0  1.  0.0
 17 35  0   0  0  0  0  1.  0.0
 17 36 -3   0  0  0  0  1.  0.0
 17 36 -3   0  0  0  0  1.  0.0
 17 37 -3   0  0  0  0  1.  0.0
 17 37 -3   0  0  0  0  1.  0.0
 17 38  0   0  0  0  0  1.  0.0
 18 19  0   0  1  0  0  1.  0.7
 18 20  0   0  1  0  0  1.  0.7
 18 21  0   0  1  0  0  1.  0.7
 18 22 -3   0  0  0  0  1.  0.0
 18 23  0   0  0  0  0  1.  0.0
 18 24 -3   0  0  0  0  1.  0.0
 18 25  0   0  0  0  0  1.  0.0
 18 26 -3   0  0  0  0  1.  0.0
 18 26 -3   0  0  0  0  1.  0.0
 18 27  0   0  0  0  0  1.  0.0
 18 28 -3   0  0  0  0  1.  0.0
 18 28 -3   0  0  0  0  1.  0.0
 18 29  0   0  0  0  0  1.  0.0
 18 30 -3   0  0  0  0  1.  0.0
 18 30 -3   0  0  0  0  1.  0.0
 18 31  0   0  0  0  0  1.  0.0
 18 32 -3   0  0  0  0  1.  0.0
 18 33  0   0  0  0  0  1.  0.0
 18 34 -3   0  0  0  0  1.  0.0
 18 35 -3   0  0  0  0  1.  0.0
 18 35 -3   0  0  0  0  1.  0.0
 18 36  0   0  0  0  0  1.  0.0
 18 37  0   0  0  0  0  1.  0.0
 18 38 -3   0  0  0  0  1.  0.0
 18 38 -3   0  0  0  0  1.  0.0
 19 20  0   0  1  0  0  1.  0.7
 19 21  0   0  1  0  0  1.  0.7
 19 22  0   0  0  0  0  1.  0.0
 19 23 -3   0  0  0  0  1.  0.0
 19 24  0   0  0  0  0  1.  0.0
 19 25 -3   0  0  0  0  1.  0.0
 19 26  0   0  0  0  0  1.  0.0
 19 27 -3   0  0  0  0  1.  0.0
 19 27 -3   0  0  0  0  1.  0.0
 19 28  0   0  0  0  0  1.  0.0
 19 29 -3   0  0  0  0  1.  0.0
 19 29 -3   0  0  0  0  1.  0.0
 19 30  0   0  0  0  0  1.  0.0
 19 31 -3   0  0  0  0  1.  0.0
 19 31 -3   0  0  0  0  1.  0.0
 19 32  0   0  0  0  0  1.  0.0
 19 33 -3   0  0  0  0  1.  0.0
 19 34  0   0  0  0  0  1.  0.0
 19 35  0   0  0  0  0  1.  0.0
 19 36 -3   0  0  0  0  1.  0.0
 19 37 -3   0  0  0  0  1.  0.0
 19 37 -3   0  0  0  0  1.  0.0
 19 38  0   0  0  0  0  1.  0.0
 20 21  0   0  1  0  0  1.  0.7
 20 22  0   0  0  0  0  1.  0.0
 20 23  0   0  0  0  0  1.  0.0
 20 24  0   0  0  0  0  1.  0.0
 20 25 -3   0  0  0  0  1.  0.0
 20 26  0   0  0  0  0  1.  0.0
 20 27 -3   0  0  0  0  1.  0.0
 20 28  0   0  0  0  0  1.  0.0
 20 29 -3   0  0  0  0  1.  0.0
 20 29 -3   0  0  0  0  1.  0.0
 20 30  0   0  0  0  0  1.  0.0
 20 31 -3   0  0  0  0  1.  0.0
 20 31 -3   0  0  0  0  1.  0.0
 20 32  0   0  0  0  0  1.  0.0
 20 33 -3   0  0  0  0  1.  0.0
 20 33 -3   0  0  0  0  1.  0.0
 20 34  0   0  0  0  0  1.  0.0
 20 35  0   0  0  0  0  1.  0.0
 20 36 -3   0  0  0  0  1.  0.0
 20 37 -3   0  0  0  0  1.  0.0
 20 37 -3   0  0  0  0  1.  0.0
 20 37 -3   0  0  0  0  1.  0.0
 20 38  0   0  0  0  0  1.  0.0
 21 22  0   0  0  0  0  1.  0.0
 21 23  0   0  0  0  0  1.  0.0
 21 24 -3   0  0  0  0  1.  0.0
 21 25  0   0  0  0  0  1.  0.0
 21 26 -3   0  0  0  0  1.  0.0
 21 27  0   0  0  0  0  1.  0.0
 21 28 -3   0  0  0  0  1.  0.0
 21 28 -3   0  0  0  0  1.  0.0
 21 29  0   0  0  0  0  1.  0.0
 21 30 -3   0  0  0  0  1.  0.0
 21 31  0   0  0  0  0  1.  0.0
 21 32 -3   0  0  0  0  1.  0.0
 21 32 -3   0  0  0  0  1.  0.0
 21 33  0   0  0  0  0  1.  0.0
 21 34 -3   0  0  0  0  1.  0.0
 21 35 -3   0  0  0  0  1.  0.0
 21 35 -3   0  0  0  0  1.  0.0
 21 36  0   0  0  0  0  1.  0.0
 21 37  0   0  0  0  0  1.  0.0
 21 38 -3   0  0  0  0  1.  0.0
 21 38 -3   0  0  0  0  1.  0.0
 22 23  0   0  0  0  0  1.  0.0
 22 24  0   0  0  0  0  1.  0.0
 22 25 -3   0  0  0  0  1.  0.0
 22 26  0   0  0  0  0  1.  0.0
 22 27 -3   0  0  0  0  1.  0.0
 22 28  0   0  0  0  0  1.  0.0
 22 29 -3   0  0  0  0  1.  0.0
 22 29 -3   0  0  0  0  1.  0.0
 22 30  0   0  0  0  0  1.  0.0
 22 31 -3   0  0  0  0  1.  0.0
 22 32  0   0  0  0  0  1.  0.0
 22 33 -3   0  0  0  0  1.  0.0
 22 33 -3   0  0  0  0  1.  0.0
 22 34  0   0  0  0  0  1.  0.0
 22 35  0   0  0  0  0  1.  0.0
 22 36 -3   0  0  0  0  1.  0.0
 22 37 -3   0  0  0  0  1.  0.0
 22 37 -3   0  0  0  0  1.  0.0
 22 38  0   0  0  0  0  1.  0.0
 23 24  0   0  0  0  0  1.  0.0
 23 25  0   0  0  0  0  1.  0.0
 23 26 -3   0  0  0  0  1.  0.0
 23 27  0   0  0  0  0  1.  0.0
 23 28 -3   0  0  0  0  1.  0.0
 23 28 -3   0  0  0  0  1.  0.0
 23 29  0   0  0  0  0  1.  0.0
 23 30 -3   0  0  0  0  1.  0.0
 23 30 -3   0  0  0  0  1.  0.0
 23 31  0   0  0  0  0  1.  0.0
 23 32 -3   0  0  0  0  1.  0.0
 23 32 -3   0  0  0  0  1.  0.0
 23 33  0   0  0  0  0  1.  0.0
 23 34 -3   0  0  0  0  1.  0.0
 23 35 -3   0  0  0  0  1.  0.0
 23 36  0   0  0  0  0  1.  0.0
 23 37  0   0  0  0  0  1.  0.0
 23 38 -3   0  0  0  0  1.  0.0
 23 38 -3   0  0  0  0  1.  0.0
 23 38 -3   0  0  0  0  1.  0.0
 24 25  0   0  0  0  0  1.  0.0
 24 26  0   0  0  0  0  1.  0.0
 24 27 -3   0  0  0  0  1.  0.0
 24 28  0   0  0  0  0  1.  0.0
 24 29 -3   0  0  0  0  1.  0.0
 24 29 -3   0  0  0  0  1.  0.0
 24 30  0   0  0  0  0  1.  0.0
 24 31 -3   0  0  0  0  1.  0.0
 24 31 -3   0  0  0  0  1.  0.0
 24 32  0   0  0  0  0  1.  0.0
 24 33 -3   0  0  0  0  1.  0.0
 24 33 -3   0  0  0  0  1.  0.0
 24 34  0   0  0  0  0  1.  0.0
 24 35  0   0  0  0  0  1.  0.0
 24 36 -3   0  0  0  0  1.  0.0
 24 37 -3   0  0  0  0  1.  0.0
 24 37 -3   0  0  0  0  1.  0.0
 24 38  0   0  0  0  0  1.  0.0
 25 26 -3   0  0  0  0  1.  0.0
 25 27  0   0  0  0  0  1.  0.0
 25 28 -3   0  0  0  0  1.  0.0
 25 29  0   0  0  0  0  1.  0.0
 25 30 -3   0  0  0  0  1.  0.0
 25 30 -3   0  0  0  0  1.  0.0
 25 31  0   0  0  0  0  1.  0.0
 25 32 -3   0  0  0  0  1.  0.0
 25 32 -3   0  0  0  0  1.  0.0
 25 33  0   0  0  0  0  1.  0.0
 25 34 -3   0  0  0  0  1.  0.0
 25 35 -3   0  0  0  0  1.  0.0
 25 36  0   0  0  0  0  1.  0.0
 25 37  0   0  0  0  0  1.  0.0
 25 38 -3   0  0  0  0  1.  0.0
 26 27 -3   0  0  0  0  1.  0.0
 26 28  0   0  0  0  0  1.  0.0
 26 29 -3   0  0  0  0  1.  0.0
 26 30  0   0  0  0  0  1.  0.0
 26 31 -3   0  0  0  0  1.  0.0
 26 31 -3   0  0  0  0  1.  0.0
 26 32  0   0  0  0  0  1.  0.0
 26 33 -3   0  0  0  0  1.  0.0
 26 33 -3   0  0  0  0  1.  0.0
 26 34  0   0  0  0  0  1.  0.0
 26 35  0   0  0  0  0  1.  0.0
 26 36 -3   0  0  0  0  1.  0.0
 26 37 -3   0  0  0  0  1.  0.0
 26 37 -3   0  0  0  0  1.  0.0
 26 38  0   0  0  0  0  1.  0.0
 27 28  0   0  0  0  0  1.  0.0
 27 29  0   0  0  0  0  1.  0.0
 27 30  0   0  0  0  0  1.  0.0
 27 31  0   0  0  0  0  1.  0.0
 27 32  0   0  0  0  0  1.  0.0
 27 33  0   0  0  0  0  1.  0.0
 27 34  0   0  0  0  0  1.  0.0
 27 35  0   0  0  0  0  1.  0.0
 27 36  0   0  0  0  0  1.  0.0
 27 37  0   0  0  0  0  1.  0.0
 27 38  0   0  0  0  0  1.  0.0
 28 29  0   0  0  0  0  1.  0.0
 28 30  0   0  0  0  0  1.  0.0
 28 31  0   0  0  0  0  1.  0.0
 28 32  0   0  0  0  0  1.  0.0
 28 33  0   0  0  0  0  1.  0.0
 28 34  0   0  0  0  0  1.  0.0
 28 35  0   0  0  0  0  1.  0.0
 28 36  0   0  0  0  0  1.  0.0
 28 37  0   0  0  0  0  1.  0.0
 28 38  0   0  0  0  0  1.  0.0
 29 30  0   0  0  0  0  1.  0.0
 29 31  0   0  0  0  0  1.  0.0
 29 32  0   0  0  0  0  1.  0.0
 29 33  0   0  0  0  0  1.  0.0
 29 34  0   0  0  0  0  1.  0.0
 29 35  0   0  0  0  0  1.  0.0
 29 36  0   0  0  0  0  1.  0.0
 29 37  0   0  0  0  0  1.  0.0
 29 38  0   0  0  0  0  1.  0.0
 30 31  0   0  0  0  0  1.  0.0
 30 32  0   0  0  0  0  1.  0.0
 30 33  0   0  0  0  0  1.  0.0
 30 34  0   0  0  0  0  1.  0.0
 30 35  0   0  0  0  0  1.  0.0
 30 36  0   0  0  0  0  1.  0.0
 30 37  0   0  0  0  0  1.  0.0
 30 38  0   0  0  0  0  1.  0.0
 31 32  0   0  0  0  0  1.  0.0
 31 33  0   0  0  0  0  1.  0.0
 31 34  0   0  0  0  0  1.  0.0
 31 35  0   0  0  0  0  1.  0.0
 31 36  0   0  0  0  0  1.  0.0
 31 37  0   0  0  0  0  1.  0.0
 31 38  0   0  0  0  0  1.  0.0
 32 33  0   0  0  0  0  1.  0.0
 32 34  0   0  0  0  0  1.  0.0
 32 35  0   0  0  0  0  1.  0.0
 32 36  0   0  0  0  0  1.  0.0
 32 37  0   0  0  0  0  1.  0.0
 32 38  0   0  0  0  0  1.  0.0
 33 34  0   0  0  0  0  1.  0.0
 33 35  0   0  0  0  0  1.  0.0
 33 36  0   0  0  0  0  1.  0.0
 33 37  0   0  0  0  0  1.  0.0
 33 38  0   0  0  0  0  1.  0.0
 34 35  0   0  0  0  0  1.  0.0
 34 36  0   0  0  0  0  1.  0.0
 34 37  0   0  0  0  0  1.  0.0
 34 38  0   0  0  0  0  1.  0.0
 35 36  0   0  0  0  0  1.  0.0
 35 37  0   0  0  0  0  1.  0.0
 35 38  0   0  0  0  0  1.  0.0
 36 37  0   0  0  0  0  1.  0.0
 36 38  0   0  0  0  0  1.  0.0
 37 38  0   0  0  0  0  1.  0.0
