   26    2   24
    1    1381.948    58.0     100
  1.00000000E+12  0.00000000E+00
  7.29697188E+12  0.00000000E+00
  1.35939438E+13  0.00000000E+00
  2.61878875E+13  0.00000000E+00
  5.13757870E+13  0.00000000E+00
  1.05593353E+14  0.00000000E+00
  1.62439490E+14  0.00000000E+00
  2.53229154E+14  0.00000000E+00
  3.80746420E+14  0.00000000E+00
  5.26303960E+14  0.00000000E+00
  6.17569991E+14  0.00000000E+00
  7.37290569E+14  0.00000000E+00
  8.22012500E+14  0.00000000E+00
  8.87979812E+14  0.00000000E+00
  1.02572664E+15  0.00000000E+00
  1.16922992E+15  0.00000000E+00
  1.33075635E+15  0.00000000E+00
  1.46607100E+15  0.00000000E+00
  1.66147514E+15  0.00000000E+00
  1.81786621E+15  0.00000000E+00
  2.00717263E+15  0.00000000E+00
  2.05000000E+15  0.00000000E+00
  2.10440727E+15  0.00000000E+00
  2.18000000E+15  0.00000000E+00
  2.27734794E+15  0.00000000E+00
  2.33000000E+15  0.00000000E+00
  2.40864112E+15  0.00000000E+00
  2.46000000E+15  0.00000000E+00
  2.55603004E+15  0.00000000E+00
  2.62000000E+15  0.00000000E+00
  2.70131851E+15  0.00000000E+00
  2.73000000E+15  0.00000000E+00
  2.76000000E+15  0.00000000E+00
  2.83823067E+15  0.00000000E+00
  2.89000000E+15  0.00000000E+00
  2.95411095E+15  0.00000000E+00
  3.07000000E+15  0.00000000E+00
  3.10859251E+15  0.00000000E+00
  3.17000000E+15  0.00000000E+00
  3.28805000E+15  0.00000000E+00
  3.37593314E+15  0.00000000E+00
  3.51928678E+15  0.00000000E+00
  3.73738308E+15  0.00000000E+00
  3.95998844E+15  3.40829944E+00
  4.16925030E+15  2.92042187E+00
  4.42468808E+15  2.44327031E+00
  4.56199970E+15  2.22922416E+00
  4.81290210E+15  1.89844673E+00
  5.00342206E+15  1.68973298E+00
  5.19673984E+15  1.50808761E+00
  5.43236471E+15  1.32023956E+00
  5.62234685E+15  1.19087614E+00
  5.82509112E+15  1.07080731E+00
  6.00358520E+15  9.78109469E-01
  6.20625261E+15  8.85382947E-01
  6.42818299E+15  7.96810052E-01
  6.63699726E+15  7.23943350E-01
  6.72855536E+15  6.94790719E-01
  6.94853230E+15  6.30870553E-01
  7.09320190E+15  5.93051670E-01
  7.20597290E+15  5.65641968E-01
  7.35975680E+15  5.30920027E-01
  7.48916240E+15  5.03871453E-01
  7.67158728E+15  4.68774314E-01
  7.87611415E+15  4.33195057E-01
  8.02431682E+15  4.09633340E-01
  8.15950279E+15  3.89608490E-01
  8.27308545E+15  3.73780782E-01
  8.40050112E+15  3.57029347E-01
  8.52720330E+15  3.41349795E-01
  8.65798695E+15  3.26113455E-01
  8.80814609E+15  3.09717661E-01
  8.94035750E+15  2.96179395E-01
  9.07283000E+15  2.83394344E-01
  9.18526237E+15  2.73114526E-01
  9.31196455E+15  2.62117222E-01
  9.39908590E+15  2.54895778E-01
  9.52327510E+15  2.45053273E-01
  9.63161920E+15  2.36876287E-01
  9.76530880E+15  2.27280175E-01
  9.88642088E+15  2.19029299E-01
  1.00089371E+16  2.11084147E-01
  1.01688760E+16  2.01280009E-01
  1.03986475E+16  1.88230038E-01
  1.07692030E+16  1.69460626E-01
  1.10576910E+16  1.56540295E-01
  1.12778638E+16  1.47549914E-01
  1.15792130E+16  1.36327154E-01
  1.17658850E+16  1.29940849E-01
  1.19991190E+16  1.22509965E-01
  1.21531590E+16  1.17910358E-01
  1.23032820E+16  1.13646630E-01
  1.25735930E+16  1.06473444E-01
  1.27371360E+16  1.02424568E-01
  1.29800654E+16  9.67807217E-02
  1.30664770E+16  9.48732926E-02
  1.31782290E+16  9.24801122E-02
  1.33171310E+16  8.96163977E-02
  1.35983015E+16  8.41715840E-02
  1.37942449E+16  8.06353921E-02
    2    8320.469    20.0     100
  1.00000000E+12  0.00000000E+00
  7.29697188E+12  0.00000000E+00
  1.35939438E+13  0.00000000E+00
  2.61878875E+13  0.00000000E+00
  5.13757870E+13  0.00000000E+00
  1.05593353E+14  0.00000000E+00
  1.62439490E+14  0.00000000E+00
  2.53229154E+14  0.00000000E+00
  3.80746420E+14  0.00000000E+00
  5.26303960E+14  0.00000000E+00
  6.17569991E+14  0.00000000E+00
  7.37290569E+14  0.00000000E+00
  8.22012500E+14  0.00000000E+00
  8.87979812E+14  0.00000000E+00
  1.02572664E+15  0.00000000E+00
  1.16922992E+15  0.00000000E+00
  1.33075635E+15  0.00000000E+00
  1.46607100E+15  0.00000000E+00
  1.66147514E+15  0.00000000E+00
  1.81786621E+15  0.00000000E+00
  2.00717263E+15  0.00000000E+00
  2.05000000E+15  0.00000000E+00
  2.10440727E+15  0.00000000E+00
  2.18000000E+15  0.00000000E+00
  2.27734794E+15  0.00000000E+00
  2.33000000E+15  0.00000000E+00
  2.40864112E+15  0.00000000E+00
  2.46000000E+15  0.00000000E+00
  2.55603004E+15  0.00000000E+00
  2.62000000E+15  0.00000000E+00
  2.70131851E+15  0.00000000E+00
  2.73000000E+15  0.00000000E+00
  2.76000000E+15  0.00000000E+00
  2.83823067E+15  0.00000000E+00
  2.89000000E+15  0.00000000E+00
  2.95411095E+15  0.00000000E+00
  3.07000000E+15  0.00000000E+00
  3.10859251E+15  0.00000000E+00
  3.17000000E+15  0.00000000E+00
  3.28805000E+15  0.00000000E+00
  3.37593314E+15  0.00000000E+00
  3.51928678E+15  0.00000000E+00
  3.73738308E+15  3.53121856E+00
  3.95998844E+15  2.96855903E+00
  4.16925030E+15  2.54362765E+00
  4.42468808E+15  2.12803841E+00
  4.56199970E+15  1.94160860E+00
  4.81290210E+15  1.65350823E+00
  5.00342206E+15  1.47172283E+00
  5.19673984E+15  1.31351343E+00
  5.43236471E+15  1.14990162E+00
  5.62234685E+15  1.03722874E+00
  5.82509112E+15  9.32651244E-01
  6.00358520E+15  8.51913320E-01
  6.20625261E+15  7.71150418E-01
  6.42818299E+15  6.94005241E-01
  6.63699726E+15  6.30539835E-01
  6.72855536E+15  6.05148490E-01
  6.94853230E+15  5.49475334E-01
  7.09320190E+15  5.16535861E-01
  7.20597290E+15  4.92662572E-01
  7.35975680E+15  4.62420473E-01
  7.48916240E+15  4.38861718E-01
  7.67158728E+15  4.08292829E-01
  7.87611415E+15  3.77304025E-01
  8.02431682E+15  3.56782251E-01
  8.15950279E+15  3.39341018E-01
  8.27308545E+15  3.25555408E-01
  8.40050112E+15  3.10965251E-01
  8.52720330E+15  2.97308682E-01
  8.65798695E+15  2.84038142E-01
  8.80814609E+15  2.69757741E-01
  8.94035750E+15  2.57966189E-01
  9.07283000E+15  2.46830671E-01
  9.18526237E+15  2.37877160E-01
  9.31196455E+15  2.28298733E-01
  9.39908590E+15  2.22009004E-01
  9.52327510E+15  2.13436384E-01
  9.63161920E+15  2.06314396E-01
  9.76530880E+15  1.97956379E-01
  9.88642088E+15  1.90770035E-01
  1.00089371E+16  1.83849970E-01
  1.01688760E+16  1.75310767E-01
  1.03986475E+16  1.63944509E-01
  1.07692030E+16  1.47596736E-01
  1.10576910E+16  1.36343392E-01
  1.12778638E+16  1.28512954E-01
  1.15792130E+16  1.18738160E-01
  1.17658850E+16  1.13175819E-01
  1.19991190E+16  1.06703671E-01
  1.21531590E+16  1.02697508E-01
  1.23032820E+16  9.89838880E-02
  1.25735930E+16  9.27361899E-02
  1.27371360E+16  8.92097014E-02
  1.29800654E+16  8.42940269E-02
  1.30664770E+16  8.26326953E-02
  1.31782290E+16  8.05482842E-02
  1.33171310E+16  7.80540474E-02
  1.35983015E+16  7.33117262E-02
  1.37942449E+16  7.02317754E-02
    3   15665.733    36.0     100
  1.00000000E+12  0.00000000E+00
  7.29697188E+12  0.00000000E+00
  1.35939438E+13  0.00000000E+00
  2.61878875E+13  0.00000000E+00
  5.13757870E+13  0.00000000E+00
  1.05593353E+14  0.00000000E+00
  1.62439490E+14  0.00000000E+00
  2.53229154E+14  0.00000000E+00
  3.80746420E+14  0.00000000E+00
  5.26303960E+14  0.00000000E+00
  6.17569991E+14  0.00000000E+00
  7.37290569E+14  0.00000000E+00
  8.22012500E+14  0.00000000E+00
  8.87979812E+14  0.00000000E+00
  1.02572664E+15  0.00000000E+00
  1.16922992E+15  0.00000000E+00
  1.33075635E+15  0.00000000E+00
  1.46607100E+15  0.00000000E+00
  1.66147514E+15  0.00000000E+00
  1.81786621E+15  0.00000000E+00
  2.00717263E+15  0.00000000E+00
  2.05000000E+15  0.00000000E+00
  2.10440727E+15  0.00000000E+00
  2.18000000E+15  0.00000000E+00
  2.27734794E+15  0.00000000E+00
  2.33000000E+15  0.00000000E+00
  2.40864112E+15  0.00000000E+00
  2.46000000E+15  0.00000000E+00
  2.55603004E+15  0.00000000E+00
  2.62000000E+15  0.00000000E+00
  2.70131851E+15  0.00000000E+00
  2.73000000E+15  0.00000000E+00
  2.76000000E+15  0.00000000E+00
  2.83823067E+15  0.00000000E+00
  2.89000000E+15  0.00000000E+00
  2.95411095E+15  0.00000000E+00
  3.07000000E+15  0.00000000E+00
  3.10859251E+15  0.00000000E+00
  3.17000000E+15  0.00000000E+00
  3.28805000E+15  0.00000000E+00
  3.37593314E+15  6.42012461E-01
  3.51928678E+15  3.62372884E+00
  3.73738308E+15  3.02563699E+00
  3.95998844E+15  2.54353614E+00
  4.16925030E+15  2.17944423E+00
  4.42468808E+15  1.82335690E+00
  4.56199970E+15  1.66361915E+00
  4.81290210E+15  1.41676749E+00
  5.00342206E+15  1.26100918E+00
  5.19673984E+15  1.12545139E+00
  5.43236471E+15  9.85264668E-01
  5.62234685E+15  8.88723704E-01
  5.82509112E+15  7.99119074E-01
  6.00358520E+15  7.29940788E-01
  6.20625261E+15  6.60741099E-01
  6.42818299E+15  5.94641168E-01
  6.63699726E+15  5.40262410E-01
  6.72855536E+15  5.18506467E-01
  6.94853230E+15  4.70804305E-01
  7.09320190E+15  4.42580935E-01
  7.20597290E+15  4.22125700E-01
  7.35975680E+15  3.96213507E-01
  7.48916240E+15  3.76027773E-01
  7.67158728E+15  3.49835579E-01
  7.87611415E+15  3.23283591E-01
  8.02431682E+15  3.05700018E-01
  8.15950279E+15  2.90755930E-01
  8.27308545E+15  2.78944072E-01
  8.40050112E+15  2.66442859E-01
  8.52720330E+15  2.54741567E-01
  8.65798695E+15  2.43371033E-01
  8.80814609E+15  2.31135226E-01
  8.94035750E+15  2.21031927E-01
  9.07283000E+15  2.11490735E-01
  9.18526237E+15  2.03819142E-01
  9.31196455E+15  1.95612104E-01
  9.39908590E+15  1.90222905E-01
  9.52327510E+15  1.82877669E-01
  9.63161920E+15  1.76775370E-01
  9.76530880E+15  1.69614011E-01
  9.88642088E+15  1.63456570E-01
  1.00089371E+16  1.57527285E-01
  1.01688760E+16  1.50210680E-01
  1.03986475E+16  1.40471784E-01
  1.07692030E+16  1.26464600E-01
  1.10576910E+16  1.16822452E-01
  1.12778638E+16  1.10113136E-01
  1.15792130E+16  1.01737846E-01
  1.17658850E+16  9.69718920E-02
  1.19991190E+16  9.14263929E-02
  1.21531590E+16  8.79938110E-02
  1.23032820E+16  8.48118881E-02
  1.25735930E+16  7.94587030E-02
  1.27371360E+16  7.64371189E-02
  1.29800654E+16  7.22252452E-02
  1.30664770E+16  7.08017744E-02
  1.31782290E+16  6.90157984E-02
  1.33171310E+16  6.68786736E-02
  1.35983015E+16  6.28153333E-02
  1.37942449E+16  6.01763540E-02
    4   21641.371   122.0     100
  1.00000000E+12  0.00000000E+00
  7.29697188E+12  0.00000000E+00
  1.35939438E+13  0.00000000E+00
  2.61878875E+13  0.00000000E+00
  5.13757870E+13  0.00000000E+00
  1.05593353E+14  0.00000000E+00
  1.62439490E+14  0.00000000E+00
  2.53229154E+14  0.00000000E+00
  3.80746420E+14  0.00000000E+00
  5.26303960E+14  0.00000000E+00
  6.17569991E+14  0.00000000E+00
  7.37290569E+14  0.00000000E+00
  8.22012500E+14  0.00000000E+00
  8.87979812E+14  0.00000000E+00
  1.02572664E+15  0.00000000E+00
  1.16922992E+15  0.00000000E+00
  1.33075635E+15  0.00000000E+00
  1.46607100E+15  0.00000000E+00
  1.66147514E+15  0.00000000E+00
  1.81786621E+15  0.00000000E+00
  2.00717263E+15  0.00000000E+00
  2.05000000E+15  0.00000000E+00
  2.10440727E+15  0.00000000E+00
  2.18000000E+15  0.00000000E+00
  2.27734794E+15  0.00000000E+00
  2.33000000E+15  0.00000000E+00
  2.40864112E+15  0.00000000E+00
  2.46000000E+15  0.00000000E+00
  2.55603004E+15  0.00000000E+00
  2.62000000E+15  0.00000000E+00
  2.70131851E+15  0.00000000E+00
  2.73000000E+15  0.00000000E+00
  2.76000000E+15  0.00000000E+00
  2.83823067E+15  0.00000000E+00
  2.89000000E+15  0.00000000E+00
  2.95411095E+15  0.00000000E+00
  3.07000000E+15  0.00000000E+00
  3.10859251E+15  0.00000000E+00
  3.17000000E+15  0.00000000E+00
  3.28805000E+15  2.77751681E+00
  3.37593314E+15  3.59108008E+00
  3.51928678E+15  3.16987857E+00
  3.73738308E+15  2.64669414E+00
  3.95998844E+15  2.22497352E+00
  4.16925030E+15  1.90648193E+00
  4.42468808E+15  1.59499240E+00
  4.56199970E+15  1.45526084E+00
  4.81290210E+15  1.23932588E+00
  5.00342206E+15  1.10307536E+00
  5.19673984E+15  9.84495359E-01
  5.43236471E+15  8.61866187E-01
  5.62234685E+15  7.77416399E-01
  5.82509112E+15  6.99034211E-01
  6.00358520E+15  6.38520089E-01
  6.20625261E+15  5.77987245E-01
  6.42818299E+15  5.20165934E-01
  6.63699726E+15  4.72597789E-01
  6.72855536E+15  4.53566646E-01
  6.94853230E+15  4.11838893E-01
  7.09320190E+15  3.87150331E-01
  7.20597290E+15  3.69256991E-01
  7.35975680E+15  3.46590145E-01
  7.48916240E+15  3.28932553E-01
  7.67158728E+15  3.06020774E-01
  7.87611415E+15  2.82794263E-01
  8.02431682E+15  2.67412927E-01
  8.15950279E+15  2.54340496E-01
  8.27308545E+15  2.44008003E-01
  8.40050112E+15  2.33072491E-01
  8.52720330E+15  2.22836715E-01
  8.65798695E+15  2.12890273E-01
  8.80814609E+15  2.02186928E-01
  8.94035750E+15  1.93349006E-01
  9.07283000E+15  1.85002791E-01
  9.18526237E+15  1.78292019E-01
  9.31196455E+15  1.71112863E-01
  9.39908590E+15  1.66398629E-01
  9.52327510E+15  1.59973339E-01
  9.63161920E+15  1.54635317E-01
  9.76530880E+15  1.48370875E-01
  9.88642088E+15  1.42984617E-01
  1.00089371E+16  1.37797938E-01
  1.01688760E+16  1.31397695E-01
  1.03986475E+16  1.22878537E-01
  1.07692030E+16  1.10625669E-01
  1.10576910E+16  1.02191142E-01
  1.12778638E+16  9.63221270E-02
  1.15792130E+16  8.89957919E-02
  1.17658850E+16  8.48267450E-02
  1.19991190E+16  7.99757864E-02
  1.21531590E+16  7.69731148E-02
  1.23032820E+16  7.41897085E-02
  1.25735930E+16  6.95069777E-02
  1.27371360E+16  6.68638289E-02
  1.29800654E+16  6.31794671E-02
  1.30664770E+16  6.19342775E-02
  1.31782290E+16  6.03719843E-02
  1.33171310E+16  5.85025215E-02
  1.35983015E+16  5.49480902E-02
  1.37942449E+16  5.26396271E-02
    5   26233.485    78.0     100
  1.00000000E+12  0.00000000E+00
  7.29697188E+12  0.00000000E+00
  1.35939438E+13  0.00000000E+00
  2.61878875E+13  0.00000000E+00
  5.13757870E+13  0.00000000E+00
  1.05593353E+14  0.00000000E+00
  1.62439490E+14  0.00000000E+00
  2.53229154E+14  0.00000000E+00
  3.80746420E+14  0.00000000E+00
  5.26303960E+14  0.00000000E+00
  6.17569991E+14  0.00000000E+00
  7.37290569E+14  0.00000000E+00
  8.22012500E+14  0.00000000E+00
  8.87979812E+14  0.00000000E+00
  1.02572664E+15  0.00000000E+00
  1.16922992E+15  0.00000000E+00
  1.33075635E+15  0.00000000E+00
  1.46607100E+15  0.00000000E+00
  1.66147514E+15  0.00000000E+00
  1.81786621E+15  0.00000000E+00
  2.00717263E+15  0.00000000E+00
  2.05000000E+15  0.00000000E+00
  2.10440727E+15  0.00000000E+00
  2.18000000E+15  0.00000000E+00
  2.27734794E+15  0.00000000E+00
  2.33000000E+15  0.00000000E+00
  2.40864112E+15  0.00000000E+00
  2.46000000E+15  0.00000000E+00
  2.55603004E+15  0.00000000E+00
  2.62000000E+15  0.00000000E+00
  2.70131851E+15  0.00000000E+00
  2.73000000E+15  0.00000000E+00
  2.76000000E+15  0.00000000E+00
  2.83823067E+15  0.00000000E+00
  2.89000000E+15  0.00000000E+00
  2.95411095E+15  0.00000000E+00
  3.07000000E+15  0.00000000E+00
  3.10859251E+15  8.23959401E-01
  3.17000000E+15  3.89437400E+00
  3.28805000E+15  3.48979732E+00
  3.37593314E+15  3.22428879E+00
  3.51928678E+15  2.84610861E+00
  3.73738308E+15  2.37636199E+00
  3.95998844E+15  1.99771573E+00
  4.16925030E+15  1.71175473E+00
  4.42468808E+15  1.43208060E+00
  4.56199970E+15  1.30662116E+00
  4.81290210E+15  1.11274169E+00
  5.00342206E+15  9.90407741E-01
  5.19673984E+15  8.83939449E-01
  5.43236471E+15  7.73835565E-01
  5.62234685E+15  6.98011440E-01
  5.82509112E+15  6.27635173E-01
  6.00358520E+15  5.73301936E-01
  6.20625261E+15  5.18951890E-01
  6.42818299E+15  4.67036421E-01
  6.63699726E+15  4.24326865E-01
  6.72855536E+15  4.07239554E-01
  6.94853230E+15  3.69773855E-01
  7.09320190E+15  3.47606972E-01
  7.20597290E+15  3.31541249E-01
  7.35975680E+15  3.11189585E-01
  7.48916240E+15  2.95335531E-01
  7.67158728E+15  2.74763951E-01
  7.87611415E+15  2.53909785E-01
  8.02431682E+15  2.40099492E-01
  8.15950279E+15  2.28362273E-01
  8.27308545E+15  2.19085136E-01
  8.40050112E+15  2.09266572E-01
  8.52720330E+15  2.00076274E-01
  8.65798695E+15  1.91145757E-01
  8.80814609E+15  1.81535646E-01
  8.94035750E+15  1.73600426E-01
  9.07283000E+15  1.66106690E-01
  9.18526237E+15  1.60081353E-01
  9.31196455E+15  1.53635473E-01
  9.39908590E+15  1.49402749E-01
  9.52327510E+15  1.43633735E-01
  9.63161920E+15  1.38840936E-01
  9.76530880E+15  1.33216341E-01
  9.88642088E+15  1.28380233E-01
  1.00089371E+16  1.23723319E-01
  1.01688760E+16  1.17976794E-01
  1.03986475E+16  1.10327779E-01
  1.07692030E+16  9.93264132E-02
  1.10576910E+16  9.17533848E-02
  1.12778638E+16  8.64838285E-02
  1.15792130E+16  7.99058020E-02
  1.17658850E+16  7.61625797E-02
  1.19991190E+16  7.18070958E-02
  1.21531590E+16  6.91111157E-02
  1.23032820E+16  6.66120053E-02
  1.25735930E+16  6.24075665E-02
  1.27371360E+16  6.00343877E-02
  1.29800654E+16  5.67263449E-02
  1.30664770E+16  5.56083384E-02
  1.31782290E+16  5.42056171E-02
  1.33171310E+16  5.25271004E-02
  1.35983015E+16  4.93357171E-02
  1.37942449E+16  4.72630394E-02
    6   32115.676    96.0     100
  1.00000000E+12  0.00000000E+00
  7.29697188E+12  0.00000000E+00
  1.35939438E+13  0.00000000E+00
  2.61878875E+13  0.00000000E+00
  5.13757870E+13  0.00000000E+00
  1.05593353E+14  0.00000000E+00
  1.62439490E+14  0.00000000E+00
  2.53229154E+14  0.00000000E+00
  3.80746420E+14  0.00000000E+00
  5.26303960E+14  0.00000000E+00
  6.17569991E+14  0.00000000E+00
  7.37290569E+14  0.00000000E+00
  8.22012500E+14  0.00000000E+00
  8.87979812E+14  0.00000000E+00
  1.02572664E+15  0.00000000E+00
  1.16922992E+15  0.00000000E+00
  1.33075635E+15  0.00000000E+00
  1.46607100E+15  0.00000000E+00
  1.66147514E+15  0.00000000E+00
  1.81786621E+15  0.00000000E+00
  2.00717263E+15  0.00000000E+00
  2.05000000E+15  0.00000000E+00
  2.10440727E+15  0.00000000E+00
  2.18000000E+15  0.00000000E+00
  2.27734794E+15  0.00000000E+00
  2.33000000E+15  0.00000000E+00
  2.40864112E+15  0.00000000E+00
  2.46000000E+15  0.00000000E+00
  2.55603004E+15  0.00000000E+00
  2.62000000E+15  0.00000000E+00
  2.70131851E+15  0.00000000E+00
  2.73000000E+15  0.00000000E+00
  2.76000000E+15  0.00000000E+00
  2.83823067E+15  0.00000000E+00
  2.89000000E+15  0.00000000E+00
  2.95411095E+15  1.85868417E+00
  3.07000000E+15  3.70895438E+00
  3.10859251E+15  3.57252461E+00
  3.17000000E+15  3.36890552E+00
  3.28805000E+15  3.01891843E+00
  3.37593314E+15  2.78923501E+00
  3.51928678E+15  2.46208274E+00
  3.73738308E+15  2.05571911E+00
  3.95998844E+15  1.72816364E+00
  4.16925030E+15  1.48078741E+00
  4.42468808E+15  1.23884975E+00
  4.56199970E+15  1.13031857E+00
  4.81290210E+15  9.62599286E-01
  5.00342206E+15  8.56771874E-01
  5.19673984E+15  7.64669365E-01
  5.43236471E+15  6.69421814E-01
  5.62234685E+15  6.03828650E-01
  5.82509112E+15  5.42948263E-01
  6.00358520E+15  4.95946219E-01
  6.20625261E+15  4.48929632E-01
  6.42818299E+15  4.04019126E-01
  6.63699726E+15  3.67072376E-01
  6.72855536E+15  3.52290659E-01
  6.94853230E+15  3.19880213E-01
  7.09320190E+15  3.00704310E-01
  7.20597290E+15  2.86806338E-01
  7.35975680E+15  2.69200727E-01
  7.48916240E+15  2.55485863E-01
  7.67158728E+15  2.37690009E-01
  7.87611415E+15  2.19649699E-01
  8.02431682E+15  2.07702831E-01
  8.15950279E+15  1.97549317E-01
  8.27308545E+15  1.89523945E-01
  8.40050112E+15  1.81030202E-01
  8.52720330E+15  1.73079952E-01
  8.65798695E+15  1.65354431E-01
  8.80814609E+15  1.57041014E-01
  8.94035750E+15  1.50176494E-01
  9.07283000E+15  1.43693889E-01
  9.18526237E+15  1.38481551E-01
  9.31196455E+15  1.32905415E-01
  9.39908590E+15  1.29243813E-01
  9.52327510E+15  1.24253213E-01
  9.63161920E+15  1.20107107E-01
  9.76530880E+15  1.15241440E-01
  9.88642088E+15  1.11057868E-01
  1.00089371E+16  1.07029313E-01
  1.01688760E+16  1.02058167E-01
  1.03986475E+16  9.54412346E-02
  1.07692030E+16  8.59242851E-02
  1.10576910E+16  7.93730866E-02
  1.12778638E+16  7.48145524E-02
  1.15792130E+16  6.91241000E-02
  1.17658850E+16  6.58859512E-02
  1.19991190E+16  6.21181534E-02
  1.21531590E+16  5.97859423E-02
  1.23032820E+16  5.76240373E-02
  1.25735930E+16  5.39869041E-02
  1.27371360E+16  5.19339386E-02
  1.29800654E+16  4.90722506E-02
  1.30664770E+16  4.81050968E-02
  1.31782290E+16  4.68916449E-02
  1.33171310E+16  4.54396108E-02
  1.35983015E+16  4.26788413E-02
  1.37942449E+16  4.08858303E-02
    7   37196.405    22.0     100
  1.00000000E+12  0.00000000E+00
  7.29697188E+12  0.00000000E+00
  1.35939438E+13  0.00000000E+00
  2.61878875E+13  0.00000000E+00
  5.13757870E+13  0.00000000E+00
  1.05593353E+14  0.00000000E+00
  1.62439490E+14  0.00000000E+00
  2.53229154E+14  0.00000000E+00
  3.80746420E+14  0.00000000E+00
  5.26303960E+14  0.00000000E+00
  6.17569991E+14  0.00000000E+00
  7.37290569E+14  0.00000000E+00
  8.22012500E+14  0.00000000E+00
  8.87979812E+14  0.00000000E+00
  1.02572664E+15  0.00000000E+00
  1.16922992E+15  0.00000000E+00
  1.33075635E+15  0.00000000E+00
  1.46607100E+15  0.00000000E+00
  1.66147514E+15  0.00000000E+00
  1.81786621E+15  0.00000000E+00
  2.00717263E+15  0.00000000E+00
  2.05000000E+15  0.00000000E+00
  2.10440727E+15  0.00000000E+00
  2.18000000E+15  0.00000000E+00
  2.27734794E+15  0.00000000E+00
  2.33000000E+15  0.00000000E+00
  2.40864112E+15  0.00000000E+00
  2.46000000E+15  0.00000000E+00
  2.55603004E+15  0.00000000E+00
  2.62000000E+15  0.00000000E+00
  2.70131851E+15  0.00000000E+00
  2.73000000E+15  0.00000000E+00
  2.76000000E+15  0.00000000E+00
  2.83823067E+15  4.11135547E+00
  2.89000000E+15  3.89434628E+00
  2.95411095E+15  3.64626045E+00
  3.07000000E+15  3.24872513E+00
  3.10859251E+15  3.12922438E+00
  3.17000000E+15  2.95087156E+00
  3.28805000E+15  2.64431297E+00
  3.37593314E+15  2.44313004E+00
  3.51928678E+15  2.15657278E+00
  3.73738308E+15  1.80063318E+00
  3.95998844E+15  1.51372275E+00
  4.16925030E+15  1.29704244E+00
  4.42468808E+15  1.08512586E+00
  4.56199970E+15  9.90061874E-01
  4.81290210E+15  8.43154206E-01
  5.00342206E+15  7.50458493E-01
  5.19673984E+15  6.69784614E-01
  5.43236471E+15  5.86355949E-01
  5.62234685E+15  5.28901978E-01
  5.82509112E+15  4.75575994E-01
  6.00358520E+15  4.34406244E-01
  6.20625261E+15  3.93223757E-01
  6.42818299E+15  3.53886015E-01
  6.63699726E+15  3.21523839E-01
  6.72855536E+15  3.08576326E-01
  6.94853230E+15  2.80187562E-01
  7.09320190E+15  2.63391120E-01
  7.20597290E+15  2.51217691E-01
  7.35975680E+15  2.35796689E-01
  7.48916240E+15  2.23783648E-01
  7.67158728E+15  2.08196010E-01
  7.87611415E+15  1.92394250E-01
  8.02431682E+15  1.81929821E-01
  8.15950279E+15  1.73036215E-01
  8.27308545E+15  1.66006680E-01
  8.40050112E+15  1.58566891E-01
  8.52720330E+15  1.51603156E-01
  8.65798695E+15  1.44836264E-01
  8.80814609E+15  1.37554425E-01
  8.94035750E+15  1.31541696E-01
  9.07283000E+15  1.25863491E-01
  9.18526237E+15  1.21297932E-01
  9.31196455E+15  1.16413716E-01
  9.39908590E+15  1.13206467E-01
  9.52327510E+15  1.08835131E-01
  9.63161920E+15  1.05203499E-01
  9.76530880E+15  1.00941592E-01
  9.88642088E+15  9.72771433E-02
  1.00089371E+16  9.37484754E-02
  1.01688760E+16  8.93941788E-02
  1.03986475E+16  8.35983151E-02
  1.07692030E+16  7.52622856E-02
  1.10576910E+16  6.95239990E-02
  1.12778638E+16  6.55311150E-02
  1.15792130E+16  6.05467680E-02
  1.17658850E+16  5.77104281E-02
  1.19991190E+16  5.44101612E-02
  1.21531590E+16  5.23673448E-02
  1.23032820E+16  5.04737019E-02
  1.25735930E+16  4.72878859E-02
  1.27371360E+16  4.54896647E-02
  1.29800654E+16  4.29830720E-02
  1.30664770E+16  4.21359285E-02
  1.31782290E+16  4.10730490E-02
  1.33171310E+16  3.98011919E-02
  1.35983015E+16  3.73829952E-02
  1.37942449E+16  3.58124718E-02
    8   38709.845    30.0     100
  1.00000000E+12  0.00000000E+00
  7.29697188E+12  0.00000000E+00
  1.35939438E+13  0.00000000E+00
  2.61878875E+13  0.00000000E+00
  5.13757870E+13  0.00000000E+00
  1.05593353E+14  0.00000000E+00
  1.62439490E+14  0.00000000E+00
  2.53229154E+14  0.00000000E+00
  3.80746420E+14  0.00000000E+00
  5.26303960E+14  0.00000000E+00
  6.17569991E+14  0.00000000E+00
  7.37290569E+14  0.00000000E+00
  8.22012500E+14  0.00000000E+00
  8.87979812E+14  0.00000000E+00
  1.02572664E+15  0.00000000E+00
  1.16922992E+15  0.00000000E+00
  1.33075635E+15  0.00000000E+00
  1.46607100E+15  0.00000000E+00
  1.66147514E+15  0.00000000E+00
  1.81786621E+15  0.00000000E+00
  2.00717263E+15  0.00000000E+00
  2.05000000E+15  0.00000000E+00
  2.10440727E+15  0.00000000E+00
  2.18000000E+15  0.00000000E+00
  2.27734794E+15  0.00000000E+00
  2.33000000E+15  0.00000000E+00
  2.40864112E+15  0.00000000E+00
  2.46000000E+15  0.00000000E+00
  2.55603004E+15  0.00000000E+00
  2.62000000E+15  0.00000000E+00
  2.70131851E+15  0.00000000E+00
  2.73000000E+15  0.00000000E+00
  2.76000000E+15  2.85102662E+00
  2.83823067E+15  3.94604975E+00
  2.89000000E+15  3.73776587E+00
  2.95411095E+15  3.49965486E+00
  3.07000000E+15  3.11810328E+00
  3.10859251E+15  3.00340731E+00
  3.17000000E+15  2.83222555E+00
  3.28805000E+15  2.53799279E+00
  3.37593314E+15  2.34489884E+00
  3.51928678E+15  2.06986323E+00
  3.73738308E+15  1.72823493E+00
  3.95998844E+15  1.45286034E+00
  4.16925030E+15  1.24489212E+00
  4.42468808E+15  1.04149609E+00
  4.56199970E+15  9.50254349E-01
  4.81290210E+15  8.09253413E-01
  5.00342206E+15  7.20284727E-01
  5.19673984E+15  6.42854511E-01
  5.43236471E+15  5.62780272E-01
  5.62234685E+15  5.07636358E-01
  5.82509112E+15  4.56454458E-01
  6.00358520E+15  4.16940025E-01
  6.20625261E+15  3.77413367E-01
  6.42818299E+15  3.39657281E-01
  6.63699726E+15  3.08596295E-01
  6.72855536E+15  2.96169364E-01
  6.94853230E+15  2.68922030E-01
  7.09320190E+15  2.52800924E-01
  7.20597290E+15  2.41116954E-01
  7.35975680E+15  2.26315986E-01
  7.48916240E+15  2.14785955E-01
  7.67158728E+15  1.99825051E-01
  7.87611415E+15  1.84658634E-01
  8.02431682E+15  1.74614949E-01
  8.15950279E+15  1.66078930E-01
  8.27308545E+15  1.59332031E-01
  8.40050112E+15  1.52191375E-01
  8.52720330E+15  1.45507631E-01
  8.65798695E+15  1.39012816E-01
  8.80814609E+15  1.32023759E-01
  8.94035750E+15  1.26252785E-01
  9.07283000E+15  1.20802884E-01
  9.18526237E+15  1.16420893E-01
  9.31196455E+15  1.11733057E-01
  9.39908590E+15  1.08654762E-01
  9.52327510E+15  1.04459185E-01
  9.63161920E+15  1.00973570E-01
  9.76530880E+15  9.68830225E-02
  9.88642088E+15  9.33659107E-02
  1.00089371E+16  8.99791203E-02
  1.01688760E+16  8.57998973E-02
  1.03986475E+16  8.02370686E-02
  1.07692030E+16  7.22362068E-02
  1.10576910E+16  6.67286400E-02
  1.12778638E+16  6.28962984E-02
  1.15792130E+16  5.81123575E-02
  1.17658850E+16  5.53900587E-02
  1.19991190E+16  5.22224859E-02
  1.21531590E+16  5.02618053E-02
  1.23032820E+16  4.84443003E-02
  1.25735930E+16  4.53865768E-02
  1.27371360E+16  4.36606568E-02
  1.29800654E+16  4.12548470E-02
  1.30664770E+16  4.04417647E-02
  1.31782290E+16  3.94216205E-02
  1.33171310E+16  3.82009011E-02
  1.35983015E+16  3.58799331E-02
  1.37942449E+16  3.43725559E-02
    9   43831.825   120.0     100
  1.00000000E+12  0.00000000E+00
  7.29697188E+12  0.00000000E+00
  1.35939438E+13  0.00000000E+00
  2.61878875E+13  0.00000000E+00
  5.13757870E+13  0.00000000E+00
  1.05593353E+14  0.00000000E+00
  1.62439490E+14  0.00000000E+00
  2.53229154E+14  0.00000000E+00
  3.80746420E+14  0.00000000E+00
  5.26303960E+14  0.00000000E+00
  6.17569991E+14  0.00000000E+00
  7.37290569E+14  0.00000000E+00
  8.22012500E+14  0.00000000E+00
  8.87979812E+14  0.00000000E+00
  1.02572664E+15  0.00000000E+00
  1.16922992E+15  0.00000000E+00
  1.33075635E+15  0.00000000E+00
  1.46607100E+15  0.00000000E+00
  1.66147514E+15  0.00000000E+00
  1.81786621E+15  0.00000000E+00
  2.00717263E+15  0.00000000E+00
  2.05000000E+15  0.00000000E+00
  2.10440727E+15  0.00000000E+00
  2.18000000E+15  0.00000000E+00
  2.27734794E+15  0.00000000E+00
  2.33000000E+15  0.00000000E+00
  2.40864112E+15  0.00000000E+00
  2.46000000E+15  0.00000000E+00
  2.55603004E+15  4.23716007E-01
  2.62000000E+15  2.45423698E+00
  2.70131851E+15  3.96787725E+00
  2.73000000E+15  3.84412650E+00
  2.76000000E+15  3.72013213E+00
  2.83823067E+15  3.42091707E+00
  2.89000000E+15  3.24035120E+00
  2.95411095E+15  3.03392754E+00
  3.07000000E+15  2.70315211E+00
  3.10859251E+15  2.60371966E+00
  3.17000000E+15  2.45531844E+00
  3.28805000E+15  2.20024161E+00
  3.37593314E+15  2.03284423E+00
  3.51928678E+15  1.79440982E+00
  3.73738308E+15  1.49824476E+00
  3.95998844E+15  1.25951649E+00
  4.16925030E+15  1.07922428E+00
  4.42468808E+15  9.02895796E-01
  4.56199970E+15  8.23796334E-01
  4.81290210E+15  7.01559531E-01
  5.00342206E+15  6.24430625E-01
  5.19673984E+15  5.57304673E-01
  5.43236471E+15  4.87886559E-01
  5.62234685E+15  4.40081091E-01
  5.82509112E+15  3.95710380E-01
  6.00358520E+15  3.61454451E-01
  6.20625261E+15  3.27187924E-01
  6.42818299E+15  2.94456346E-01
  6.63699726E+15  2.67528896E-01
  6.72855536E+15  2.56755717E-01
  6.94853230E+15  2.33134405E-01
  7.09320190E+15  2.19158665E-01
  7.20597290E+15  2.09029575E-01
  7.35975680E+15  1.96198292E-01
  7.48916240E+15  1.86202654E-01
  7.67158728E+15  1.73232719E-01
  7.87611415E+15  1.60084619E-01
  8.02431682E+15  1.51377528E-01
  8.15950279E+15  1.43977466E-01
  8.27308545E+15  1.38128432E-01
  8.40050112E+15  1.31938040E-01
  8.52720330E+15  1.26143757E-01
  8.65798695E+15  1.20513259E-01
  8.80814609E+15  1.14454292E-01
  8.94035750E+15  1.09451308E-01
  9.07283000E+15  1.04726669E-01
  9.18526237E+15  1.00927825E-01
  9.31196455E+15  9.68638373E-02
  9.39908590E+15  9.41951964E-02
  9.52327510E+15  9.05579582E-02
  9.63161920E+15  8.75362022E-02
  9.76530880E+15  8.39900169E-02
  9.88642088E+15  8.09409555E-02
  1.00089371E+16  7.80048726E-02
  1.01688760E+16  7.43818126E-02
  1.03986475E+16  6.95592743E-02
  1.07692030E+16  6.26231518E-02
  1.10576910E+16  5.78485214E-02
  1.12778638E+16  5.45261804E-02
  1.15792130E+16  5.03788771E-02
  1.17658850E+16  4.80188565E-02
  1.19991190E+16  4.52728183E-02
  1.21531590E+16  4.35730612E-02
  1.23032820E+16  4.19974263E-02
  1.25735930E+16  3.93466187E-02
  1.27371360E+16  3.78503809E-02
  1.29800654E+16  3.57647316E-02
  1.30664770E+16  3.50598527E-02
  1.31782290E+16  3.41754673E-02
  1.33171310E+16  3.31171989E-02
  1.35983015E+16  3.11051008E-02
  1.37942449E+16  2.97983225E-02
   10   44921.262    14.0     100
  1.00000000E+12  0.00000000E+00
  7.29697188E+12  0.00000000E+00
  1.35939438E+13  0.00000000E+00
  2.61878875E+13  0.00000000E+00
  5.13757870E+13  0.00000000E+00
  1.05593353E+14  0.00000000E+00
  1.62439490E+14  0.00000000E+00
  2.53229154E+14  0.00000000E+00
  3.80746420E+14  0.00000000E+00
  5.26303960E+14  0.00000000E+00
  6.17569991E+14  0.00000000E+00
  7.37290569E+14  0.00000000E+00
  8.22012500E+14  0.00000000E+00
  8.87979812E+14  0.00000000E+00
  1.02572664E+15  0.00000000E+00
  1.16922992E+15  0.00000000E+00
  1.33075635E+15  0.00000000E+00
  1.46607100E+15  0.00000000E+00
  1.66147514E+15  0.00000000E+00
  1.81786621E+15  0.00000000E+00
  2.00717263E+15  0.00000000E+00
  2.05000000E+15  0.00000000E+00
  2.10440727E+15  0.00000000E+00
  2.18000000E+15  0.00000000E+00
  2.27734794E+15  0.00000000E+00
  2.33000000E+15  0.00000000E+00
  2.40864112E+15  0.00000000E+00
  2.46000000E+15  0.00000000E+00
  2.55603004E+15  0.00000000E+00
  2.62000000E+15  4.21090562E+00
  2.70131851E+15  3.84195256E+00
  2.73000000E+15  3.72212917E+00
  2.76000000E+15  3.60206989E+00
  2.83823067E+15  3.31235073E+00
  2.89000000E+15  3.13751531E+00
  2.95411095E+15  2.93764271E+00
  3.07000000E+15  2.61736479E+00
  3.10859251E+15  2.52108793E+00
  3.17000000E+15  2.37739637E+00
  3.28805000E+15  2.13041466E+00
  3.37593314E+15  1.96832982E+00
  3.51928678E+15  1.73746237E+00
  3.73738308E+15  1.45069641E+00
  3.95998844E+15  1.21954443E+00
  4.16925030E+15  1.04497398E+00
  4.42468808E+15  8.74241464E-01
  4.56199970E+15  7.97652305E-01
  4.81290210E+15  6.79294813E-01
  5.00342206E+15  6.04613673E-01
  5.19673984E+15  5.39618033E-01
  5.43236471E+15  4.72402975E-01
  5.62234685E+15  4.26114663E-01
  5.82509112E+15  3.83152101E-01
  6.00358520E+15  3.49983320E-01
  6.20625261E+15  3.16804277E-01
  6.42818299E+15  2.85111469E-01
  6.63699726E+15  2.59038590E-01
  6.72855536E+15  2.48607308E-01
  6.94853230E+15  2.25735644E-01
  7.09320190E+15  2.12203438E-01
  7.20597290E+15  2.02395806E-01
  7.35975680E+15  1.89971736E-01
  7.48916240E+15  1.80293320E-01
  7.67158728E+15  1.67734999E-01
  7.87611415E+15  1.55004168E-01
  8.02431682E+15  1.46573406E-01
  8.15950279E+15  1.39408192E-01
  8.27308545E+15  1.33744783E-01
  8.40050112E+15  1.27750850E-01
  8.52720330E+15  1.22140454E-01
  8.65798695E+15  1.16688646E-01
  8.80814609E+15  1.10821967E-01
  8.94035750E+15  1.05977758E-01
  9.07283000E+15  1.01403060E-01
  9.18526237E+15  9.77247759E-02
  9.31196455E+15  9.37897633E-02
  9.39908590E+15  9.12058144E-02
  9.52327510E+15  8.76840077E-02
  9.63161920E+15  8.47581503E-02
  9.76530880E+15  8.13245068E-02
  9.88642088E+15  7.83722105E-02
  1.00089371E+16  7.55293073E-02
  1.01688760E+16  7.20212288E-02
  1.03986475E+16  6.73517388E-02
  1.07692030E+16  6.06357413E-02
  1.10576910E+16  5.60126387E-02
  1.12778638E+16  5.27957356E-02
  1.15792130E+16  4.87800513E-02
  1.17658850E+16  4.64949285E-02
  1.19991190E+16  4.38360386E-02
  1.21531590E+16  4.21902251E-02
  1.23032820E+16  4.06645945E-02
  1.25735930E+16  3.80979131E-02
  1.27371360E+16  3.66491599E-02
  1.29800654E+16  3.46297008E-02
  1.30664770E+16  3.39471920E-02
  1.31782290E+16  3.30908735E-02
  1.33171310E+16  3.20661903E-02
  1.35983015E+16  3.01179483E-02
  1.37942449E+16  2.88526419E-02
   11   49613.549    50.0     100
  1.00000000E+12  0.00000000E+00
  7.29697188E+12  0.00000000E+00
  1.35939438E+13  0.00000000E+00
  2.61878875E+13  0.00000000E+00
  5.13757870E+13  0.00000000E+00
  1.05593353E+14  0.00000000E+00
  1.62439490E+14  0.00000000E+00
  2.53229154E+14  0.00000000E+00
  3.80746420E+14  0.00000000E+00
  5.26303960E+14  0.00000000E+00
  6.17569991E+14  0.00000000E+00
  7.37290569E+14  0.00000000E+00
  8.22012500E+14  0.00000000E+00
  8.87979812E+14  0.00000000E+00
  1.02572664E+15  0.00000000E+00
  1.16922992E+15  0.00000000E+00
  1.33075635E+15  0.00000000E+00
  1.46607100E+15  0.00000000E+00
  1.66147514E+15  0.00000000E+00
  1.81786621E+15  0.00000000E+00
  2.00717263E+15  0.00000000E+00
  2.05000000E+15  0.00000000E+00
  2.10440727E+15  0.00000000E+00
  2.18000000E+15  0.00000000E+00
  2.27734794E+15  0.00000000E+00
  2.33000000E+15  0.00000000E+00
  2.40864112E+15  0.00000000E+00
  2.46000000E+15  3.48828979E+00
  2.55603004E+15  3.94007197E+00
  2.62000000E+15  3.65845858E+00
  2.70131851E+15  3.33791008E+00
  2.73000000E+15  3.23380684E+00
  2.76000000E+15  3.12949866E+00
  2.83823067E+15  2.87778901E+00
  2.89000000E+15  2.72589101E+00
  2.95411095E+15  2.55224057E+00
  3.07000000E+15  2.27398130E+00
  3.10859251E+15  2.19033542E+00
  3.17000000E+15  2.06549539E+00
  3.28805000E+15  1.85091629E+00
  3.37593314E+15  1.71009606E+00
  3.51928678E+15  1.50951712E+00
  3.73738308E+15  1.26037323E+00
  3.95998844E+15  1.05954709E+00
  4.16925030E+15  9.07879291E-01
  4.42468808E+15  7.59545919E-01
  4.56199970E+15  6.93004825E-01
  4.81290210E+15  5.90175168E-01
  5.00342206E+15  5.25291773E-01
  5.19673984E+15  4.68823194E-01
  5.43236471E+15  4.10426371E-01
  5.62234685E+15  3.70210825E-01
  5.82509112E+15  3.32884709E-01
  6.00358520E+15  3.04067484E-01
  6.20625261E+15  2.75241344E-01
  6.42818299E+15  2.47706454E-01
  6.63699726E+15  2.25054189E-01
  6.72855536E+15  2.15991433E-01
  6.94853230E+15  1.96120402E-01
  7.09320190E+15  1.84363545E-01
  7.20597290E+15  1.75842619E-01
  7.35975680E+15  1.65048517E-01
  7.48916240E+15  1.56639855E-01
  7.67158728E+15  1.45729114E-01
  7.87611415E+15  1.34668496E-01
  8.02431682E+15  1.27343802E-01
  8.15950279E+15  1.21118624E-01
  8.27308545E+15  1.16198223E-01
  8.40050112E+15  1.10990660E-01
  8.52720330E+15  1.06116316E-01
  8.65798695E+15  1.01379754E-01
  8.80814609E+15  9.62827505E-02
  8.94035750E+15  9.20740740E-02
  9.07283000E+15  8.80995511E-02
  9.18526237E+15  8.49038370E-02
  9.31196455E+15  8.14850758E-02
  9.39908590E+15  7.92401264E-02
  9.52327510E+15  7.61803609E-02
  9.63161920E+15  7.36383594E-02
  9.76530880E+15  7.06551906E-02
  9.88642088E+15  6.80902189E-02
  1.00089371E+16  6.56202886E-02
  1.01688760E+16  6.25724502E-02
  1.03986475E+16  5.85155709E-02
  1.07692030E+16  5.26806743E-02
  1.10576910E+16  4.86640967E-02
  1.12778638E+16  4.58692331E-02
  1.15792130E+16  4.23803840E-02
  1.17658850E+16  4.03950563E-02
  1.19991190E+16  3.80849978E-02
  1.21531590E+16  3.66551057E-02
  1.23032820E+16  3.53296293E-02
  1.25735930E+16  3.30996819E-02
  1.27371360E+16  3.18409970E-02
  1.29800654E+16  3.00864796E-02
  1.30664770E+16  2.94935120E-02
  1.31782290E+16  2.87495377E-02
  1.33171310E+16  2.78592872E-02
  1.35983015E+16  2.61666435E-02
  1.37942449E+16  2.50673381E-02
   12   52671.442    24.0     100
  1.00000000E+12  0.00000000E+00
  7.29697188E+12  0.00000000E+00
  1.35939438E+13  0.00000000E+00
  2.61878875E+13  0.00000000E+00
  5.13757870E+13  0.00000000E+00
  1.05593353E+14  0.00000000E+00
  1.62439490E+14  0.00000000E+00
  2.53229154E+14  0.00000000E+00
  3.80746420E+14  0.00000000E+00
  5.26303960E+14  0.00000000E+00
  6.17569991E+14  0.00000000E+00
  7.37290569E+14  0.00000000E+00
  8.22012500E+14  0.00000000E+00
  8.87979812E+14  0.00000000E+00
  1.02572664E+15  0.00000000E+00
  1.16922992E+15  0.00000000E+00
  1.33075635E+15  0.00000000E+00
  1.46607100E+15  0.00000000E+00
  1.66147514E+15  0.00000000E+00
  1.81786621E+15  0.00000000E+00
  2.00717263E+15  0.00000000E+00
  2.05000000E+15  0.00000000E+00
  2.10440727E+15  0.00000000E+00
  2.18000000E+15  0.00000000E+00
  2.27734794E+15  0.00000000E+00
  2.33000000E+15  1.94940258E+00
  2.40864112E+15  4.27548337E+00
  2.46000000E+15  4.01324977E+00
  2.55603004E+15  3.57769777E+00
  2.62000000E+15  3.32198477E+00
  2.70131851E+15  3.03091758E+00
  2.73000000E+15  2.93638887E+00
  2.76000000E+15  2.84167407E+00
  2.83823067E+15  2.61311453E+00
  2.89000000E+15  2.47518681E+00
  2.95411095E+15  2.31750726E+00
  3.07000000E+15  2.06483990E+00
  3.10859251E+15  1.98888706E+00
  3.17000000E+15  1.87552874E+00
  3.28805000E+15  1.68068480E+00
  3.37593314E+15  1.55281601E+00
  3.51928678E+15  1.37068461E+00
  3.73738308E+15  1.14445485E+00
  3.95998844E+15  9.62098984E-01
  4.16925030E+15  8.24380299E-01
  4.42468808E+15  6.89689366E-01
  4.56199970E+15  6.29268154E-01
  4.81290210E+15  5.35895892E-01
  5.00342206E+15  4.76979917E-01
  5.19673984E+15  4.25704836E-01
  5.43236471E+15  3.72678855E-01
  5.62234685E+15  3.36161991E-01
  5.82509112E+15  3.02268813E-01
  6.00358520E+15  2.76101951E-01
  6.20625261E+15  2.49926994E-01
  6.42818299E+15  2.24924528E-01
  6.63699726E+15  2.04355625E-01
  6.72855536E+15  1.96126384E-01
  6.94853230E+15  1.78082920E-01
  7.09320190E+15  1.67407359E-01
  7.20597290E+15  1.59670115E-01
  7.35975680E+15  1.49868762E-01
  7.48916240E+15  1.42233457E-01
  7.67158728E+15  1.32326193E-01
  7.87611415E+15  1.22282837E-01
  8.02431682E+15  1.15631806E-01
  8.15950279E+15  1.09979167E-01
  8.27308545E+15  1.05511302E-01
  8.40050112E+15  1.00782686E-01
  8.52720330E+15  9.63566425E-02
  8.65798695E+15  9.20557096E-02
  8.80814609E+15  8.74274846E-02
  8.94035750E+15  8.36058862E-02
  9.07283000E+15  7.99969060E-02
  9.18526237E+15  7.70951064E-02
  9.31196455E+15  7.39907737E-02
  9.39908590E+15  7.19522956E-02
  9.52327510E+15  6.91739412E-02
  9.63161920E+15  6.68657314E-02
  9.76530880E+15  6.41569290E-02
  9.88642088E+15  6.18278615E-02
  1.00089371E+16  5.95850943E-02
  1.01688760E+16  5.68175700E-02
  1.03986475E+16  5.31338079E-02
  1.07692030E+16  4.78355553E-02
  1.10576910E+16  4.41883883E-02
  1.12778638E+16  4.16505724E-02
  1.15792130E+16  3.84825978E-02
  1.17658850E+16  3.66798637E-02
  1.19991190E+16  3.45822646E-02
  1.21531590E+16  3.32838818E-02
  1.23032820E+16  3.20803114E-02
  1.25735930E+16  3.00554556E-02
  1.27371360E+16  2.89125337E-02
  1.29800654E+16  2.73193819E-02
  1.30664770E+16  2.67809504E-02
  1.31782290E+16  2.61054005E-02
  1.33171310E+16  2.52970276E-02
  1.35983015E+16  2.37600589E-02
  1.37942449E+16  2.27618582E-02
   13   56624.950   106.0     100
  1.00000000E+12  0.00000000E+00
  7.29697188E+12  0.00000000E+00
  1.35939438E+13  0.00000000E+00
  2.61878875E+13  0.00000000E+00
  5.13757870E+13  0.00000000E+00
  1.05593353E+14  0.00000000E+00
  1.62439490E+14  0.00000000E+00
  2.53229154E+14  0.00000000E+00
  3.80746420E+14  0.00000000E+00
  5.26303960E+14  0.00000000E+00
  6.17569991E+14  0.00000000E+00
  7.37290569E+14  0.00000000E+00
  8.22012500E+14  0.00000000E+00
  8.87979812E+14  0.00000000E+00
  1.02572664E+15  0.00000000E+00
  1.16922992E+15  0.00000000E+00
  1.33075635E+15  0.00000000E+00
  1.46607100E+15  0.00000000E+00
  1.66147514E+15  0.00000000E+00
  1.81786621E+15  0.00000000E+00
  2.00717263E+15  0.00000000E+00
  2.05000000E+15  0.00000000E+00
  2.10440727E+15  5.58213557E-01
  2.18000000E+15  1.64094183E+00
  2.27734794E+15  2.72693675E+00
  2.33000000E+15  4.15481112E+00
  2.40864112E+15  3.76099503E+00
  2.46000000E+15  3.53031718E+00
  2.55603004E+15  3.14717713E+00
  2.62000000E+15  2.92223524E+00
  2.70131851E+15  2.66619350E+00
  2.73000000E+15  2.58303985E+00
  2.76000000E+15  2.49972251E+00
  2.83823067E+15  2.29866658E+00
  2.89000000E+15  2.17733633E+00
  2.95411095E+15  2.03863108E+00
  3.07000000E+15  1.81636833E+00
  3.10859251E+15  1.74955524E+00
  3.17000000E+15  1.64983784E+00
  3.28805000E+15  1.47844036E+00
  3.37593314E+15  1.36595860E+00
  3.51928678E+15  1.20574390E+00
  3.73738308E+15  1.00673740E+00
  3.95998844E+15  8.46325241E-01
  4.16925030E+15  7.25178871E-01
  4.42468808E+15  6.06695910E-01
  4.56199970E+15  5.53545457E-01
  4.81290210E+15  4.71409103E-01
  5.00342206E+15  4.19582756E-01
  5.19673984E+15  3.74477838E-01
  5.43236471E+15  3.27832715E-01
  5.62234685E+15  2.95710091E-01
  5.82509112E+15  2.65895433E-01
  6.00358520E+15  2.42877349E-01
  6.20625261E+15  2.19852143E-01
  6.42818299E+15  1.97858337E-01
  6.63699726E+15  1.79764584E-01
  6.72855536E+15  1.72525605E-01
  6.94853230E+15  1.56653393E-01
  7.09320190E+15  1.47262471E-01
  7.20597290E+15  1.40456284E-01
  7.35975680E+15  1.31834373E-01
  7.48916240E+15  1.25117859E-01
  7.67158728E+15  1.16402781E-01
  7.87611415E+15  1.07567987E-01
  8.02431682E+15  1.01717305E-01
  8.15950279E+15  9.67448738E-02
  8.27308545E+15  9.28146471E-02
  8.40050112E+15  8.86550473E-02
  8.52720330E+15  8.47616098E-02
  8.65798695E+15  8.09782277E-02
  8.80814609E+15  7.69069380E-02
  8.94035750E+15  7.35452099E-02
  9.07283000E+15  7.03705147E-02
  9.18526237E+15  6.78179019E-02
  9.31196455E+15  6.50871276E-02
  9.39908590E+15  6.32939489E-02
  9.52327510E+15  6.08499265E-02
  9.63161920E+15  5.88194740E-02
  9.76530880E+15  5.64366341E-02
  9.88642088E+15  5.43878339E-02
  1.00089371E+16  5.24149491E-02
  1.01688760E+16  4.99804536E-02
  1.03986475E+16  4.67399753E-02
  1.07692030E+16  4.20792856E-02
  1.10576910E+16  3.88709987E-02
  1.12778638E+16  3.66385697E-02
  1.15792130E+16  3.38518119E-02
  1.17658850E+16  3.22660090E-02
  1.19991190E+16  3.04208235E-02
  1.21531590E+16  2.92786810E-02
  1.23032820E+16  2.82199417E-02
  1.25735930E+16  2.64387460E-02
  1.27371360E+16  2.54333572E-02
  1.29800654E+16  2.40319165E-02
  1.30664770E+16  2.35582770E-02
  1.31782290E+16  2.29640190E-02
  1.33171310E+16  2.22529213E-02
  1.35983015E+16  2.09009030E-02
  1.37942449E+16  2.00228204E-02
   14   63797.979   552.0     100
  1.00000000E+12  0.00000000E+00
  7.29697188E+12  0.00000000E+00
  1.35939438E+13  0.00000000E+00
  2.61878875E+13  0.00000000E+00
  5.13757870E+13  0.00000000E+00
  1.05593353E+14  0.00000000E+00
  1.62439490E+14  0.00000000E+00
  2.53229154E+14  0.00000000E+00
  3.80746420E+14  0.00000000E+00
  5.26303960E+14  0.00000000E+00
  6.17569991E+14  0.00000000E+00
  7.37290569E+14  0.00000000E+00
  8.22012500E+14  0.00000000E+00
  8.87979812E+14  0.00000000E+00
  1.02572664E+15  0.00000000E+00
  1.16922992E+15  0.00000000E+00
  1.33075635E+15  0.00000000E+00
  1.46607100E+15  0.00000000E+00
  1.66147514E+15  0.00000000E+00
  1.81786621E+15  0.00000000E+00
  2.00717263E+15  2.20345674E+00
  2.05000000E+15  2.69120216E+00
  2.10440727E+15  4.33551093E+00
  2.18000000E+15  3.93299160E+00
  2.27734794E+15  3.44988274E+00
  2.33000000E+15  3.22125226E+00
  2.40864112E+15  2.91592407E+00
  2.46000000E+15  2.73707802E+00
  2.55603004E+15  2.44002704E+00
  2.62000000E+15  2.26562811E+00
  2.70131851E+15  2.06711727E+00
  2.73000000E+15  2.00264771E+00
  2.76000000E+15  1.93805123E+00
  2.83823067E+15  1.78217125E+00
  2.89000000E+15  1.68810311E+00
  2.95411095E+15  1.58056402E+00
  3.07000000E+15  1.40824226E+00
  3.10859251E+15  1.35644163E+00
  3.17000000E+15  1.27913008E+00
  3.28805000E+15  1.14624449E+00
  3.37593314E+15  1.05903665E+00
  3.51928678E+15  9.34821140E-01
  3.73738308E+15  7.80530097E-01
  3.95998844E+15  6.56161500E-01
  4.16925030E+15  5.62235926E-01
  4.42468808E+15  4.70375311E-01
  4.56199970E+15  4.29167417E-01
  4.81290210E+15  3.65486564E-01
  5.00342206E+15  3.25305257E-01
  5.19673984E+15  2.90335120E-01
  5.43236471E+15  2.54170850E-01
  5.62234685E+15  2.29265970E-01
  5.82509112E+15  2.06150470E-01
  6.00358520E+15  1.88304398E-01
  6.20625261E+15  1.70452805E-01
  6.42818299E+15  1.53400864E-01
  6.63699726E+15  1.39372658E-01
  6.72855536E+15  1.33760231E-01
  6.94853230E+15  1.21454401E-01
  7.09320190E+15  1.14173558E-01
  7.20597290E+15  1.08896677E-01
  7.35975680E+15  1.02212052E-01
  7.48916240E+15  9.70046950E-02
  7.67158728E+15  9.02478383E-02
  7.87611415E+15  8.33981647E-02
  8.02431682E+15  7.88620926E-02
  8.15950279E+15  7.50069340E-02
  8.27308545E+15  7.19598035E-02
  8.40050112E+15  6.87348386E-02
  8.52720330E+15  6.57162310E-02
  8.65798695E+15  6.27829501E-02
  8.80814609E+15  5.96264525E-02
  8.94035750E+15  5.70200827E-02
  9.07283000E+15  5.45587207E-02
  9.18526237E+15  5.25796633E-02
  9.31196455E+15  5.04624762E-02
  9.39908590E+15  4.90722129E-02
  9.52327510E+15  4.71773464E-02
  9.63161920E+15  4.56031233E-02
  9.76530880E+15  4.37556919E-02
  9.88642088E+15  4.21672437E-02
  1.00089371E+16  4.06376531E-02
  1.01688760E+16  3.87501729E-02
  1.03986475E+16  3.62378088E-02
  1.07692030E+16  3.26243456E-02
  1.10576910E+16  3.01369398E-02
  1.12778638E+16  2.84061230E-02
  1.15792130E+16  2.62455314E-02
  1.17658850E+16  2.50160480E-02
  1.19991190E+16  2.35854636E-02
  1.21531590E+16  2.26999531E-02
  1.23032820E+16  2.18791056E-02
  1.25735930E+16  2.04981329E-02
  1.27371360E+16  1.97186483E-02
  1.29800654E+16  1.86321022E-02
  1.30664770E+16  1.82648863E-02
  1.31782290E+16  1.78041543E-02
  1.33171310E+16  1.72528356E-02
  1.35983015E+16  1.62046069E-02
  1.37942449E+16  1.55238237E-02
   15   71592.401    78.0     100
  1.00000000E+12  0.00000000E+00
  7.29697188E+12  0.00000000E+00
  1.35939438E+13  0.00000000E+00
  2.61878875E+13  0.00000000E+00
  5.13757870E+13  0.00000000E+00
  1.05593353E+14  0.00000000E+00
  1.62439490E+14  0.00000000E+00
  2.53229154E+14  0.00000000E+00
  3.80746420E+14  0.00000000E+00
  5.26303960E+14  0.00000000E+00
  6.17569991E+14  0.00000000E+00
  7.37290569E+14  0.00000000E+00
  8.22012500E+14  0.00000000E+00
  8.87979812E+14  0.00000000E+00
  1.02572664E+15  0.00000000E+00
  1.16922992E+15  0.00000000E+00
  1.33075635E+15  0.00000000E+00
  1.46607100E+15  0.00000000E+00
  1.66147514E+15  0.00000000E+00
  1.81786621E+15  3.10534995E+00
  2.00717263E+15  3.69424475E+00
  2.05000000E+15  3.46751430E+00
  2.10440727E+15  3.20546075E+00
  2.18000000E+15  2.88343631E+00
  2.27734794E+15  2.52924953E+00
  2.33000000E+15  2.36163122E+00
  2.40864112E+15  2.13778269E+00
  2.46000000E+15  2.00666337E+00
  2.55603004E+15  1.78888319E+00
  2.62000000E+15  1.66102424E+00
  2.70131851E+15  1.51548786E+00
  2.73000000E+15  1.46822259E+00
  2.76000000E+15  1.42086429E+00
  2.83823067E+15  1.30658232E+00
  2.89000000E+15  1.23761714E+00
  2.95411095E+15  1.15877585E+00
  3.07000000E+15  1.03243975E+00
  3.10859251E+15  9.94462602E-01
  3.17000000E+15  9.37782356E-01
  3.28805000E+15  8.40358515E-01
  3.37593314E+15  7.76422895E-01
  3.51928678E+15  6.85355449E-01
  3.73738308E+15  5.72238401E-01
  3.95998844E+15  4.81058718E-01
  4.16925030E+15  4.12198055E-01
  4.42468808E+15  3.44851296E-01
  4.56199970E+15  3.14640111E-01
  4.81290210E+15  2.67953085E-01
  5.00342206E+15  2.38494532E-01
  5.19673984E+15  2.12856500E-01
  5.43236471E+15  1.86343001E-01
  5.62234685E+15  1.68084219E-01
  5.82509112E+15  1.51137305E-01
  6.00358520E+15  1.38053623E-01
  6.20625261E+15  1.24965894E-01
  6.42818299E+15  1.12464421E-01
  6.63699726E+15  1.02179772E-01
  6.72855536E+15  9.80650726E-02
  6.94853230E+15  8.90431678E-02
  7.09320190E+15  8.37052849E-02
  7.20597290E+15  7.98365885E-02
  7.35975680E+15  7.49358182E-02
  7.48916240E+15  7.11180925E-02
  7.67158728E+15  6.61643656E-02
  7.87611415E+15  6.11425910E-02
  8.02431682E+15  5.78170118E-02
  8.15950279E+15  5.49906380E-02
  8.27308545E+15  5.27566626E-02
  8.40050112E+15  5.03923094E-02
  8.52720330E+15  4.81792453E-02
  8.65798695E+15  4.60287376E-02
  8.80814609E+15  4.37145807E-02
  8.94035750E+15  4.18037448E-02
  9.07283000E+15  3.99992201E-02
  9.18526237E+15  3.85482925E-02
  9.31196455E+15  3.69960964E-02
  9.39908590E+15  3.59768378E-02
  9.52327510E+15  3.45876339E-02
  9.63161920E+15  3.34335069E-02
  9.76530880E+15  3.20790797E-02
  9.88642088E+15  3.09145236E-02
  1.00089371E+16  2.97931185E-02
  1.01688760E+16  2.84093299E-02
  1.03986475E+16  2.65674135E-02
  1.07692030E+16  2.39182364E-02
  1.10576910E+16  2.20946179E-02
  1.12778638E+16  2.08256856E-02
  1.15792130E+16  1.92416679E-02
  1.17658850E+16  1.83402836E-02
  1.19991190E+16  1.72914639E-02
  1.21531590E+16  1.66422601E-02
  1.23032820E+16  1.60404633E-02
  1.25735930E+16  1.50280160E-02
  1.27371360E+16  1.44565441E-02
  1.29800654E+16  1.36599529E-02
  1.30664770E+16  1.33907320E-02
  1.31782290E+16  1.30529506E-02
  1.33171310E+16  1.26487564E-02
  1.35983015E+16  1.18802573E-02
  1.37942449E+16  1.13811474E-02
   16   73813.133   294.0     100
  1.00000000E+12  0.00000000E+00
  7.29697188E+12  0.00000000E+00
  1.35939438E+13  0.00000000E+00
  2.61878875E+13  0.00000000E+00
  5.13757870E+13  0.00000000E+00
  1.05593353E+14  0.00000000E+00
  1.62439490E+14  0.00000000E+00
  2.53229154E+14  0.00000000E+00
  3.80746420E+14  0.00000000E+00
  5.26303960E+14  0.00000000E+00
  6.17569991E+14  0.00000000E+00
  7.37290569E+14  0.00000000E+00
  8.22012500E+14  0.00000000E+00
  8.87979812E+14  0.00000000E+00
  1.02572664E+15  0.00000000E+00
  1.16922992E+15  0.00000000E+00
  1.33075635E+15  0.00000000E+00
  1.46607100E+15  0.00000000E+00
  1.66147514E+15  1.13357695E+00
  1.81786621E+15  4.52275464E+00
  2.00717263E+15  3.35996381E+00
  2.05000000E+15  3.15374951E+00
  2.10440727E+15  2.91540839E+00
  2.18000000E+15  2.62252295E+00
  2.27734794E+15  2.30038546E+00
  2.33000000E+15  2.14793441E+00
  2.40864112E+15  1.94434125E+00
  2.46000000E+15  1.82508652E+00
  2.55603004E+15  1.62701261E+00
  2.62000000E+15  1.51072322E+00
  2.70131851E+15  1.37835598E+00
  2.73000000E+15  1.33536761E+00
  2.76000000E+15  1.29229461E+00
  2.83823067E+15  1.18835367E+00
  2.89000000E+15  1.12562894E+00
  2.95411095E+15  1.05392176E+00
  3.07000000E+15  9.39017427E-01
  3.10859251E+15  9.04476714E-01
  3.17000000E+15  8.52925291E-01
  3.28805000E+15  7.64317036E-01
  3.37593314E+15  7.06166756E-01
  3.51928678E+15  6.23339724E-01
  3.73738308E+15  5.20458294E-01
  3.95998844E+15  4.37529182E-01
  4.16925030E+15  3.74899510E-01
  4.42468808E+15  3.13646754E-01
  4.56199970E+15  2.86169287E-01
  4.81290210E+15  2.43706827E-01
  5.00342206E+15  2.16913890E-01
  5.19673984E+15  1.93595765E-01
  5.43236471E+15  1.69481392E-01
  5.62234685E+15  1.52874791E-01
  5.82509112E+15  1.37461351E-01
  6.00358520E+15  1.25561572E-01
  6.20625261E+15  1.13658111E-01
  6.42818299E+15  1.02287858E-01
  6.63699726E+15  9.29338360E-02
  6.72855536E+15  8.91914633E-02
  6.94853230E+15  8.09859231E-02
  7.09320190E+15  7.61310490E-02
  7.20597290E+15  7.26124191E-02
  7.35975680E+15  6.81551046E-02
  7.48916240E+15  6.46828332E-02
  7.67158728E+15  6.01773540E-02
  7.87611415E+15  5.56099844E-02
  8.02431682E+15  5.25853267E-02
  8.15950279E+15  5.00147029E-02
  8.27308545E+15  4.79828731E-02
  8.40050112E+15  4.58324630E-02
  8.52720330E+15  4.38196523E-02
  8.65798695E+15  4.18637375E-02
  8.80814609E+15  3.97589816E-02
  8.94035750E+15  3.80210514E-02
  9.07283000E+15  3.63798127E-02
  9.18526237E+15  3.50601751E-02
  9.31196455E+15  3.36484325E-02
  9.39908590E+15  3.27214035E-02
  9.52327510E+15  3.14579044E-02
  9.63161920E+15  3.04082108E-02
  9.76530880E+15  2.91763416E-02
  9.88642088E+15  2.81171627E-02
  1.00089371E+16  2.70972301E-02
  1.01688760E+16  2.58386563E-02
  1.03986475E+16  2.41634093E-02
  1.07692030E+16  2.17539481E-02
  1.10576910E+16  2.00953433E-02
  1.12778638E+16  1.89412328E-02
  1.15792130E+16  1.75005481E-02
  1.17658850E+16  1.66807272E-02
  1.19991190E+16  1.57268121E-02
  1.21531590E+16  1.51363527E-02
  1.23032820E+16  1.45890107E-02
  1.25735930E+16  1.36681767E-02
  1.27371360E+16  1.31484155E-02
  1.29800654E+16  1.24239054E-02
  1.30664770E+16  1.21790455E-02
  1.31782290E+16  1.18718289E-02
  1.33171310E+16  1.15042090E-02
  1.35983015E+16  1.08052490E-02
  1.37942449E+16  1.03513021E-02
   17   78697.122   114.0     100
  1.00000000E+12  0.00000000E+00
  7.29697188E+12  0.00000000E+00
  1.35939438E+13  0.00000000E+00
  2.61878875E+13  0.00000000E+00
  5.13757870E+13  0.00000000E+00
  1.05593353E+14  0.00000000E+00
  1.62439490E+14  0.00000000E+00
  2.53229154E+14  0.00000000E+00
  3.80746420E+14  0.00000000E+00
  5.26303960E+14  0.00000000E+00
  6.17569991E+14  0.00000000E+00
  7.37290569E+14  0.00000000E+00
  8.22012500E+14  0.00000000E+00
  8.87979812E+14  0.00000000E+00
  1.02572664E+15  0.00000000E+00
  1.16922992E+15  0.00000000E+00
  1.33075635E+15  0.00000000E+00
  1.46607100E+15  4.13965092E-01
  1.66147514E+15  4.71959743E+00
  1.81786621E+15  3.60330270E+00
  2.00717263E+15  2.67690106E+00
  2.05000000E+15  2.51260903E+00
  2.10440727E+15  2.32272138E+00
  2.18000000E+15  2.08937800E+00
  2.27734794E+15  1.83272934E+00
  2.33000000E+15  1.71127078E+00
  2.40864112E+15  1.54906703E+00
  2.46000000E+15  1.45405615E+00
  2.55603004E+15  1.29624961E+00
  2.62000000E+15  1.20360123E+00
  2.70131851E+15  1.09814355E+00
  2.73000000E+15  1.06389448E+00
  2.76000000E+15  1.02957800E+00
  2.83823067E+15  9.46767699E-01
  2.89000000E+15  8.96794571E-01
  2.95411095E+15  8.39665078E-01
  3.07000000E+15  7.48120184E-01
  3.10859251E+15  7.20601414E-01
  3.17000000E+15  6.79530121E-01
  3.28805000E+15  6.08935452E-01
  3.37593314E+15  5.62606814E-01
  3.51928678E+15  4.96618077E-01
  3.73738308E+15  4.14651894E-01
  3.95998844E+15  3.48581829E-01
  4.16925030E+15  2.98684436E-01
  4.42468808E+15  2.49884039E-01
  4.56199970E+15  2.27992595E-01
  4.81290210E+15  1.94162527E-01
  5.00342206E+15  1.72816451E-01
  5.19673984E+15  1.54238777E-01
  5.43236471E+15  1.35026727E-01
  5.62234685E+15  1.21796160E-01
  5.82509112E+15  1.09516191E-01
  6.00358520E+15  1.00035573E-01
  6.20625261E+15  9.05520222E-02
  6.42818299E+15  8.14932813E-02
  6.63699726E+15  7.40408820E-02
  6.72855536E+15  7.10593137E-02
  6.94853230E+15  6.45219162E-02
  7.09320190E+15  6.06540121E-02
  7.20597290E+15  5.78507009E-02
  7.35975680E+15  5.42995347E-02
  7.48916240E+15  5.15331576E-02
  7.67158728E+15  4.79436183E-02
  7.87611415E+15  4.43047707E-02
  8.02431682E+15  4.18950098E-02
  8.15950279E+15  3.98469801E-02
  8.27308545E+15  3.82282105E-02
  8.40050112E+15  3.65149673E-02
  8.52720330E+15  3.49113503E-02
  8.65798695E+15  3.33530626E-02
  8.80814609E+15  3.16761923E-02
  8.94035750E+15  3.02915741E-02
  9.07283000E+15  2.89839905E-02
  9.18526237E+15  2.79326282E-02
  9.31196455E+15  2.68078853E-02
  9.39908590E+15  2.60693164E-02
  9.52327510E+15  2.50626800E-02
  9.63161920E+15  2.42263835E-02
  9.76530880E+15  2.32449467E-02
  9.88642088E+15  2.24010932E-02
  1.00089371E+16  2.15885075E-02
  1.01688760E+16  2.05857950E-02
  1.03986475E+16  1.92511168E-02
  1.07692030E+16  1.73314863E-02
  1.10576910E+16  1.60100670E-02
  1.12778638E+16  1.50905811E-02
  1.15792130E+16  1.39427798E-02
  1.17658850E+16  1.32896242E-02
  1.19991190E+16  1.25296349E-02
  1.21531590E+16  1.20592128E-02
  1.23032820E+16  1.16231425E-02
  1.25735930E+16  1.08895091E-02
  1.27371360E+16  1.04754127E-02
  1.29800654E+16  9.89819161E-03
  1.30664770E+16  9.70311042E-03
  1.31782290E+16  9.45834930E-03
  1.33171310E+16  9.16546457E-03
  1.35983015E+16  8.60859944E-03
  1.37942449E+16  8.24693748E-03
   18   84731.001   252.0     100
  1.00000000E+12  0.00000000E+00
  7.29697188E+12  0.00000000E+00
  1.35939438E+13  0.00000000E+00
  2.61878875E+13  0.00000000E+00
  5.13757870E+13  0.00000000E+00
  1.05593353E+14  0.00000000E+00
  1.62439490E+14  0.00000000E+00
  2.53229154E+14  0.00000000E+00
  3.80746420E+14  0.00000000E+00
  5.26303960E+14  0.00000000E+00
  6.17569991E+14  0.00000000E+00
  7.37290569E+14  0.00000000E+00
  8.22012500E+14  0.00000000E+00
  8.87979812E+14  0.00000000E+00
  1.02572664E+15  0.00000000E+00
  1.16922992E+15  0.00000000E+00
  1.33075635E+15  7.47754840E-01
  1.46607100E+15  5.04230014E+00
  1.66147514E+15  3.46427341E+00
  1.81786621E+15  2.64489205E+00
  2.00717263E+15  1.96489580E+00
  2.05000000E+15  1.84430235E+00
  2.10440727E+15  1.70492125E+00
  2.18000000E+15  1.53364281E+00
  2.27734794E+15  1.34525786E+00
  2.33000000E+15  1.25610499E+00
  2.40864112E+15  1.13704438E+00
  2.46000000E+15  1.06730460E+00
  2.55603004E+15  9.51471627E-01
  2.62000000E+15  8.83465977E-01
  2.70131851E+15  8.06058050E-01
  2.73000000E+15  7.80918591E-01
  2.76000000E+15  7.55729642E-01
  2.83823067E+15  6.94945323E-01
  2.89000000E+15  6.58264106E-01
  2.95411095E+15  6.16329983E-01
  3.07000000E+15  5.49134306E-01
  3.10859251E+15  5.28935011E-01
  3.17000000E+15  4.98787908E-01
  3.28805000E+15  4.46970092E-01
  3.37593314E+15  4.12963999E-01
  3.51928678E+15  3.64527023E-01
  3.73738308E+15  3.04362300E-01
  3.95998844E+15  2.55865628E-01
  4.16925030E+15  2.19240002E-01
  4.42468808E+15  1.83419592E-01
  4.56199970E+15  1.67350859E-01
  4.81290210E+15  1.42518952E-01
  5.00342206E+15  1.26850530E-01
  5.19673984E+15  1.13214167E-01
  5.43236471E+15  9.91121609E-02
  5.62234685E+15  8.94006755E-02
  5.82509112E+15  8.03869467E-02
  6.00358520E+15  7.34279947E-02
  6.20625261E+15  6.64668899E-02
  6.42818299E+15  5.98176034E-02
  6.63699726E+15  5.43474020E-02
  6.72855536E+15  5.21588747E-02
  6.94853230E+15  4.73603018E-02
  7.09320190E+15  4.45211873E-02
  7.20597290E+15  4.24635041E-02
  7.35975680E+15  3.98568812E-02
  7.48916240E+15  3.78263083E-02
  7.67158728E+15  3.51915189E-02
  7.87611415E+15  3.25205362E-02
  8.02431682E+15  3.07517263E-02
  8.15950279E+15  2.92484339E-02
  8.27308545E+15  2.80602265E-02
  8.40050112E+15  2.68026738E-02
  8.52720330E+15  2.56255887E-02
  8.65798695E+15  2.44817761E-02
  8.80814609E+15  2.32509218E-02
  8.94035750E+15  2.22345860E-02
  9.07283000E+15  2.12747949E-02
  9.18526237E+15  2.05030752E-02
  9.31196455E+15  1.96774927E-02
  9.39908590E+15  1.91353692E-02
  9.52327510E+15  1.83964792E-02
  9.63161920E+15  1.77826218E-02
  9.76530880E+15  1.70622287E-02
  9.88642088E+15  1.64428244E-02
  1.00089371E+16  1.58463711E-02
  1.01688760E+16  1.51103613E-02
  1.03986475E+16  1.41306823E-02
  1.07692030E+16  1.27216374E-02
  1.10576910E+16  1.17516907E-02
  1.12778638E+16  1.10767707E-02
  1.15792130E+16  1.02342630E-02
  1.17658850E+16  9.75483449E-03
  1.19991190E+16  9.19698804E-03
  1.21531590E+16  8.85168934E-03
  1.23032820E+16  8.53160554E-03
  1.25735930E+16  7.99310481E-03
  1.27371360E+16  7.68915021E-03
  1.29800654E+16  7.26545908E-03
  1.30664770E+16  7.12226581E-03
  1.31782290E+16  6.94260653E-03
  1.33171310E+16  6.72762363E-03
  1.35983015E+16  6.31887413E-03
  1.37942449E+16  6.05340745E-03
   19   91641.363   984.0     100
  1.00000000E+12  0.00000000E+00
  7.29697188E+12  0.00000000E+00
  1.35939438E+13  0.00000000E+00
  2.61878875E+13  0.00000000E+00
  5.13757870E+13  0.00000000E+00
  1.05593353E+14  0.00000000E+00
  1.62439490E+14  0.00000000E+00
  2.53229154E+14  0.00000000E+00
  3.80746420E+14  0.00000000E+00
  5.26303960E+14  0.00000000E+00
  6.17569991E+14  0.00000000E+00
  7.37290569E+14  0.00000000E+00
  8.22012500E+14  0.00000000E+00
  8.87979812E+14  0.00000000E+00
  1.02572664E+15  8.36087291E-01
  1.16922992E+15  2.85577359E+00
  1.33075635E+15  3.91952843E+00
  1.46607100E+15  3.41949577E+00
  1.66147514E+15  2.34933819E+00
  1.81786621E+15  1.79366498E+00
  2.00717263E+15  1.33251744E+00
  2.05000000E+15  1.25073556E+00
  2.10440727E+15  1.15621261E+00
  2.18000000E+15  1.04005810E+00
  2.27734794E+15  9.12302606E-01
  2.33000000E+15  8.51842527E-01
  2.40864112E+15  7.71100158E-01
  2.46000000E+15  7.23805301E-01
  2.55603004E+15  6.45251793E-01
  2.62000000E+15  5.99132953E-01
  2.70131851E+15  5.46637847E-01
  2.73000000E+15  5.29589224E-01
  2.76000000E+15  5.12507039E-01
  2.83823067E+15  4.71285431E-01
  2.89000000E+15  4.46409628E-01
  2.95411095E+15  4.17971504E-01
  3.07000000E+15  3.72401957E-01
  3.10859251E+15  3.58703564E-01
  3.17000000E+15  3.38258948E-01
  3.28805000E+15  3.03118080E-01
  3.37593314E+15  2.80056444E-01
  3.51928678E+15  2.47208333E-01
  3.73738308E+15  2.06406911E-01
  3.95998844E+15  1.73518317E-01
  4.16925030E+15  1.48680213E-01
  4.42468808E+15  1.24388176E-01
  4.56199970E+15  1.13490974E-01
  4.81290210E+15  9.66509212E-02
  5.00342206E+15  8.60251946E-02
  5.19673984E+15  7.67775331E-02
  5.43236471E+15  6.72140900E-02
  5.62234685E+15  6.06281307E-02
  5.82509112E+15  5.45153633E-02
  6.00358520E+15  4.97960674E-02
  6.20625261E+15  4.50753114E-02
  6.42818299E+15  4.05660187E-02
  6.63699726E+15  3.68563366E-02
  6.72855536E+15  3.53721608E-02
  6.94853230E+15  3.21179516E-02
  7.09320190E+15  3.01925723E-02
  7.20597290E+15  2.87971300E-02
  7.35975680E+15  2.70294177E-02
  7.48916240E+15  2.56523606E-02
  7.67158728E+15  2.38655468E-02
  7.87611415E+15  2.20541881E-02
  8.02431682E+15  2.08546487E-02
  8.15950279E+15  1.98351731E-02
  8.27308545E+15  1.90293761E-02
  8.40050112E+15  1.81765518E-02
  8.52720330E+15  1.73782976E-02
  8.65798695E+15  1.66026075E-02
  8.80814609E+15  1.57678890E-02
  8.94035750E+15  1.50786488E-02
  9.07283000E+15  1.44277551E-02
  9.18526237E+15  1.39044041E-02
  9.31196455E+15  1.33445256E-02
  9.39908590E+15  1.29768781E-02
  9.52327510E+15  1.24757910E-02
  9.63161920E+15  1.20594963E-02
  9.76530880E+15  1.15709532E-02
  9.88642088E+15  1.11508968E-02
  1.00089371E+16  1.07464049E-02
  1.01688760E+16  1.02472711E-02
  1.03986475E+16  9.58289019E-03
  1.07692030E+16  8.62732960E-03
  1.10576910E+16  7.96954875E-03
  1.12778638E+16  7.51184373E-03
  1.15792130E+16  6.94048711E-03
  1.17658850E+16  6.61535695E-03
  1.19991190E+16  6.23704675E-03
  1.21531590E+16  6.00287834E-03
  1.23032820E+16  5.78580970E-03
  1.25735930E+16  5.42061903E-03
  1.27371360E+16  5.21448861E-03
  1.29800654E+16  4.92715743E-03
  1.30664770E+16  4.83004921E-03
  1.31782290E+16  4.70821114E-03
  1.33171310E+16  4.56241793E-03
  1.35983015E+16  4.28521960E-03
  1.37942449E+16  4.10519021E-03
   20   98659.657   138.0     100
  1.00000000E+12  0.00000000E+00
  7.29697188E+12  0.00000000E+00
  1.35939438E+13  0.00000000E+00
  2.61878875E+13  0.00000000E+00
  5.13757870E+13  0.00000000E+00
  1.05593353E+14  0.00000000E+00
  1.62439490E+14  0.00000000E+00
  2.53229154E+14  0.00000000E+00
  3.80746420E+14  0.00000000E+00
  5.26303960E+14  0.00000000E+00
  6.17569991E+14  0.00000000E+00
  7.37290569E+14  0.00000000E+00
  8.22012500E+14  0.00000000E+00
  8.87979812E+14  0.00000000E+00
  1.02572664E+15  5.36032768E+00
  1.16922992E+15  4.03158610E+00
  1.33075635E+15  2.73451342E+00
  1.46607100E+15  2.04508183E+00
  1.66147514E+15  1.40505770E+00
  1.81786621E+15  1.07272882E+00
  2.00717263E+15  7.96932469E-01
  2.05000000E+15  7.48021563E-01
  2.10440727E+15  6.91490662E-01
  2.18000000E+15  6.22022679E-01
  2.27734794E+15  5.45616550E-01
  2.33000000E+15  5.09457473E-01
  2.40864112E+15  4.61168262E-01
  2.46000000E+15  4.32882849E-01
  2.55603004E+15  3.85902720E-01
  2.62000000E+15  3.58320641E-01
  2.70131851E+15  3.26925139E-01
  2.73000000E+15  3.16728949E-01
  2.76000000E+15  3.06512686E-01
  2.83823067E+15  2.81859472E-01
  2.89000000E+15  2.66982117E-01
  2.95411095E+15  2.49974261E-01
  3.07000000E+15  2.22720695E-01
  3.10859251E+15  2.14528162E-01
  3.17000000E+15  2.02300946E-01
  3.28805000E+15  1.81284412E-01
  3.37593314E+15  1.67492047E-01
  3.51928678E+15  1.47846731E-01
  3.73738308E+15  1.23444815E-01
  3.95998844E+15  1.03775288E-01
  4.16925030E+15  8.89204791E-02
  4.42468808E+15  7.43922543E-02
  4.56199970E+15  6.78750157E-02
  4.81290210E+15  5.78035641E-02
  5.00342206E+15  5.14486855E-02
  5.19673984E+15  4.59179799E-02
  5.43236471E+15  4.01984162E-02
  5.62234685E+15  3.62595823E-02
  5.82509112E+15  3.26037482E-02
  6.00358520E+15  2.97813009E-02
  6.20625261E+15  2.69579805E-02
  6.42818299E+15  2.42611290E-02
  6.63699726E+15  2.20424967E-02
  6.72855536E+15  2.11548627E-02
  6.94853230E+15  1.92086330E-02
  7.09320190E+15  1.80571304E-02
  7.20597290E+15  1.72225648E-02
  7.35975680E+15  1.61653574E-02
  7.48916240E+15  1.53417872E-02
  7.67158728E+15  1.42731559E-02
  7.87611415E+15  1.31898451E-02
  8.02431682E+15  1.24724421E-02
  8.15950279E+15  1.18627291E-02
  8.27308545E+15  1.13808099E-02
  8.40050112E+15  1.08707653E-02
  8.52720330E+15  1.03933571E-02
  8.65798695E+15  9.92944374E-03
  8.80814609E+15  9.43022756E-03
  8.94035750E+15  9.01801689E-03
  9.07283000E+15  8.62873994E-03
  9.18526237E+15  8.31574191E-03
  9.31196455E+15  7.98089796E-03
  9.39908590E+15  7.76102074E-03
  9.52327510E+15  7.46133793E-03
  9.63161920E+15  7.21236652E-03
  9.76530880E+15  6.92018583E-03
  9.88642088E+15  6.66896464E-03
  1.00089371E+16  6.42705210E-03
  1.01688760E+16  6.12853747E-03
  1.03986475E+16  5.73119428E-03
  1.07692030E+16  5.15970664E-03
  1.10576910E+16  4.76631072E-03
  1.12778638E+16  4.49257322E-03
  1.15792130E+16  4.15086464E-03
  1.17658850E+16  3.95641557E-03
  1.19991190E+16  3.73016136E-03
  1.21531590E+16  3.59011335E-03
  1.23032820E+16  3.46029213E-03
  1.25735930E+16  3.24188425E-03
  1.27371360E+16  3.11860479E-03
  1.29800654E+16  2.94676198E-03
  1.30664770E+16  2.88868493E-03
  1.31782290E+16  2.81581780E-03
  1.33171310E+16  2.72862394E-03
  1.35983015E+16  2.56284123E-03
  1.37942449E+16  2.45517190E-03
   21  105785.727  1456.0     100
  1.00000000E+12  0.00000000E+00
  7.29697188E+12  0.00000000E+00
  1.35939438E+13  0.00000000E+00
  2.61878875E+13  0.00000000E+00
  5.13757870E+13  0.00000000E+00
  1.05593353E+14  0.00000000E+00
  1.62439490E+14  0.00000000E+00
  2.53229154E+14  0.00000000E+00
  3.80746420E+14  0.00000000E+00
  5.26303960E+14  0.00000000E+00
  6.17569991E+14  3.21864929E-01
  7.37290569E+14  2.49709399E+00
  8.22012500E+14  5.42421823E+00
  8.87979812E+14  4.94725892E+00
  1.02572664E+15  3.20980768E+00
  1.16922992E+15  2.16707607E+00
  1.33075635E+15  1.46986780E+00
  1.46607100E+15  1.09928147E+00
  1.66147514E+15  7.55252853E-01
  1.81786621E+15  5.76617960E-01
  2.00717263E+15  4.28370680E-01
  2.05000000E+15  4.02079873E-01
  2.10440727E+15  3.71693132E-01
  2.18000000E+15  3.34352393E-01
  2.27734794E+15  2.93282231E-01
  2.33000000E+15  2.73845844E-01
  2.40864112E+15  2.47889213E-01
  2.46000000E+15  2.32685111E-01
  2.55603004E+15  2.07432144E-01
  2.62000000E+15  1.92606102E-01
  2.70131851E+15  1.75730253E-01
  2.73000000E+15  1.70249551E-01
  2.76000000E+15  1.64758060E-01
  2.83823067E+15  1.51506355E-01
  2.89000000E+15  1.43509413E-01
  2.95411095E+15  1.34367275E-01
  3.07000000E+15  1.19717817E-01
  3.10859251E+15  1.15314130E-01
  3.17000000E+15  1.08741703E-01
  3.28805000E+15  9.74448020E-02
  3.37593314E+15  9.00310689E-02
  3.51928678E+15  7.94712314E-02
  3.73738308E+15  6.63546055E-02
  3.95998844E+15  5.57817535E-02
  4.16925030E+15  4.77969309E-02
  4.42468808E+15  3.99876549E-02
  4.56199970E+15  3.64844799E-02
  4.81290210E+15  3.10708285E-02
  5.00342206E+15  2.76549259E-02
  5.19673984E+15  2.46820365E-02
  5.43236471E+15  2.16076312E-02
  5.62234685E+15  1.94904117E-02
  5.82509112E+15  1.75253115E-02
  6.00358520E+15  1.60081772E-02
  6.20625261E+15  1.44905734E-02
  6.42818299E+15  1.30409498E-02
  6.63699726E+15  1.18483807E-02
  6.72855536E+15  1.13712557E-02
  6.94853230E+15  1.03251097E-02
  7.09320190E+15  9.70614895E-03
  7.20597290E+15  9.25754951E-03
  7.35975680E+15  8.68927468E-03
  7.48916240E+15  8.24658562E-03
  7.67158728E+15  7.67217015E-03
  7.87611415E+15  7.08986411E-03
  8.02431682E+15  6.70424250E-03
  8.15950279E+15  6.37650686E-03
  8.27308545E+15  6.11746350E-03
  8.40050112E+15  5.84330203E-03
  8.52720330E+15  5.58668346E-03
  8.65798695E+15  5.33731870E-03
  8.80814609E+15  5.06897780E-03
  8.94035750E+15  4.84740449E-03
  9.07283000E+15  4.63815861E-03
  9.18526237E+15  4.46991452E-03
  9.31196455E+15  4.28992772E-03
  9.39908590E+15  4.17173834E-03
  9.52327510E+15  4.01065150E-03
  9.63161920E+15  3.87682329E-03
  9.76530880E+15  3.71976902E-03
  9.88642088E+15  3.58473149E-03
  1.00089371E+16  3.45469759E-03
  1.01688760E+16  3.29423868E-03
  1.03986475E+16  3.08065700E-03
  1.07692030E+16  2.77346843E-03
  1.10576910E+16  2.56200851E-03
  1.12778638E+16  2.41486791E-03
  1.15792130E+16  2.23119120E-03
  1.17658850E+16  2.12667007E-03
  1.19991190E+16  2.00505290E-03
  1.21531590E+16  1.92977367E-03
  1.23032820E+16  1.85999159E-03
  1.25735930E+16  1.74259202E-03
  1.27371360E+16  1.67632630E-03
  1.29800654E+16  1.58395659E-03
  1.30664770E+16  1.55273875E-03
  1.31782290E+16  1.51357089E-03
  1.33171310E+16  1.46670206E-03
  1.35983015E+16  1.37758980E-03
  1.37942449E+16  1.31971490E-03
   22  109663.188  2670.0     100
  1.00000000E+12  0.00000000E+00
  7.29697188E+12  0.00000000E+00
  1.35939438E+13  0.00000000E+00
  2.61878875E+13  0.00000000E+00
  5.13757870E+13  0.00000000E+00
  1.05593353E+14  0.00000000E+00
  1.62439490E+14  0.00000000E+00
  2.53229154E+14  0.00000000E+00
  3.80746420E+14  0.00000000E+00
  5.26303960E+14  2.31685124E+00
  6.17569991E+14  3.10629818E+00
  7.37290569E+14  3.56074486E+00
  8.22012500E+14  3.54376660E+00
  8.87979812E+14  3.40186523E+00
  1.02572664E+15  2.22626905E+00
  1.16922992E+15  1.50304780E+00
  1.33075635E+15  1.01947578E+00
  1.46607100E+15  7.62443287E-01
  1.66147514E+15  5.23830778E-01
  1.81786621E+15  3.99932596E-01
  2.00717263E+15  2.97110757E-01
  2.05000000E+15  2.78875891E-01
  2.10440727E+15  2.57800155E-01
  2.18000000E+15  2.31901241E-01
  2.27734794E+15  2.03415662E-01
  2.33000000E+15  1.89934908E-01
  2.40864112E+15  1.71931822E-01
  2.46000000E+15  1.61386511E-01
  2.55603004E+15  1.43871474E-01
  2.62000000E+15  1.33588379E-01
  2.70131851E+15  1.21883571E-01
  2.73000000E+15  1.18082248E-01
  2.76000000E+15  1.14273442E-01
  2.83823067E+15  1.05082280E-01
  2.89000000E+15  9.95357346E-02
  2.95411095E+15  9.31949000E-02
  3.07000000E+15  8.30342807E-02
  3.10859251E+15  7.99799568E-02
  3.17000000E+15  7.54214309E-02
  3.28805000E+15  6.75860889E-02
  3.37593314E+15  6.24440472E-02
  3.51928678E+15  5.51199202E-02
  3.73738308E+15  4.60224473E-02
  3.95998844E+15  3.86892936E-02
  4.16925030E+15  3.31511538E-02
  4.42468808E+15  2.77347703E-02
  4.56199970E+15  2.53050265E-02
  4.81290210E+15  2.15502082E-02
  5.00342206E+15  1.91809952E-02
  5.19673984E+15  1.71190487E-02
  5.43236471E+15  1.49866925E-02
  5.62234685E+15  1.35182244E-02
  5.82509112E+15  1.21552637E-02
  6.00358520E+15  1.11030046E-02
  6.20625261E+15  1.00504199E-02
  6.42818299E+15  9.04498520E-03
  6.63699726E+15  8.21783920E-03
  6.72855536E+15  7.88691326E-03
  6.94853230E+15  7.16132382E-03
  7.09320190E+15  6.73202297E-03
  7.20597290E+15  6.42088188E-03
  7.35975680E+15  6.02673594E-03
  7.48916240E+15  5.71969419E-03
  7.67158728E+15  5.32128921E-03
  7.87611415E+15  4.91741146E-03
  8.02431682E+15  4.64995074E-03
  8.15950279E+15  4.42263877E-03
  8.27308545E+15  4.24297062E-03
  8.40050112E+15  4.05281679E-03
  8.52720330E+15  3.87483044E-03
  8.65798695E+15  3.70187520E-03
  8.80814609E+15  3.51575843E-03
  8.94035750E+15  3.36207888E-03
  9.07283000E+15  3.21694943E-03
  9.18526237E+15  3.10025814E-03
  9.31196455E+15  2.97542229E-03
  9.39908590E+15  2.89344811E-03
  9.52327510E+15  2.78172097E-03
  9.63161920E+15  2.68889995E-03
  9.76530880E+15  2.57996973E-03
  9.88642088E+15  2.48630996E-03
  1.00089371E+16  2.39612061E-03
  1.01688760E+16  2.28482899E-03
  1.03986475E+16  2.13669230E-03
  1.07692030E+16  1.92363143E-03
  1.10576910E+16  1.77696636E-03
  1.12778638E+16  1.67491209E-03
  1.15792130E+16  1.54751699E-03
  1.17658850E+16  1.47502288E-03
  1.19991190E+16  1.39067124E-03
  1.21531590E+16  1.33845882E-03
  1.23032820E+16  1.29005914E-03
  1.25735930E+16  1.20863275E-03
  1.27371360E+16  1.16267195E-03
  1.29800654E+16  1.09860586E-03
  1.30664770E+16  1.07695369E-03
  1.31782290E+16  1.04978752E-03
  1.33171310E+16  1.01728008E-03
  1.35983015E+16  9.55473301E-04
  1.37942449E+16  9.15332237E-04
   23  120379.232  4096.0     100
  1.00000000E+12  0.00000000E+00
  7.29697188E+12  6.14984448E-03
  1.35939438E+13  2.29668193E-01
  2.61878875E+13  3.03751694E-01
  5.13757870E+13  9.20562476E-01
  1.05593353E+14  5.68498029E-01
  1.62439490E+14  1.16259788E+00
  2.53229154E+14  2.24598593E+00
  3.80746420E+14  3.11528633E+00
  5.26303960E+14  3.18522032E+00
  6.17569991E+14  2.26971920E+00
  7.37290569E+14  1.33387352E+00
  8.22012500E+14  9.62488215E-01
  8.87979812E+14  7.63521742E-01
  1.02572664E+15  4.95376933E-01
  1.16922992E+15  3.34449788E-01
  1.33075635E+15  2.26848047E-01
  1.46607100E+15  1.69654614E-01
  1.66147514E+15  1.16559894E-01
  1.81786621E+15  8.89907638E-02
  2.00717263E+15  6.61114233E-02
  2.05000000E+15  6.20539030E-02
  2.10440727E+15  5.73642481E-02
  2.18000000E+15  5.16013668E-02
  2.27734794E+15  4.52629150E-02
  2.33000000E+15  4.22632531E-02
  2.40864112E+15  3.82573071E-02
  2.46000000E+15  3.59108235E-02
  2.55603004E+15  3.20134755E-02
  2.62000000E+15  2.97253387E-02
  2.70131851E+15  2.71208503E-02
  2.73000000E+15  2.62750012E-02
  2.76000000E+15  2.54274869E-02
  2.83823067E+15  2.33823211E-02
  2.89000000E+15  2.21481348E-02
  2.95411095E+15  2.07372077E-02
  3.07000000E+15  1.84763236E-02
  3.10859251E+15  1.77966925E-02
  3.17000000E+15  1.67823548E-02
  3.28805000E+15  1.50388784E-02
  3.37593314E+15  1.38947000E-02
  3.51928678E+15  1.22649762E-02
  3.73738308E+15  1.02406575E-02
  3.95998844E+15  8.60892514E-03
  4.16925030E+15  7.37660926E-03
  4.42468808E+15  6.17138591E-03
  4.56199970E+15  5.63073293E-03
  4.81290210E+15  4.79523177E-03
  5.00342206E+15  4.26804774E-03
  5.19673984E+15  3.80923494E-03
  5.43236471E+15  3.33475497E-03
  5.62234685E+15  3.00799966E-03
  5.82509112E+15  2.70472127E-03
  6.00358520E+15  2.47057846E-03
  6.20625261E+15  2.23636322E-03
  6.42818299E+15  2.01263950E-03
  6.63699726E+15  1.82858760E-03
  6.72855536E+15  1.75495181E-03
  6.94853230E+15  1.59349771E-03
  7.09320190E+15  1.49797209E-03
  7.20597290E+15  1.42873871E-03
  7.35975680E+15  1.34103556E-03
  7.48916240E+15  1.27271435E-03
  7.67158728E+15  1.18406350E-03
  7.87611415E+15  1.09419488E-03
  8.02431682E+15  1.03468102E-03
  8.15950279E+15  9.84100834E-04
  8.27308545E+15  9.44122082E-04
  8.40050112E+15  9.01810118E-04
  8.52720330E+15  8.62205589E-04
  8.65798695E+15  8.23720558E-04
  8.80814609E+15  7.82306895E-04
  8.94035750E+15  7.48110981E-04
  9.07283000E+15  7.15817588E-04
  9.18526237E+15  6.89852095E-04
  9.31196455E+15  6.62074321E-04
  9.39908590E+15  6.43833884E-04
  9.52327510E+15  6.18972986E-04
  9.63161920E+15  5.98318972E-04
  9.76530880E+15  5.74080430E-04
  9.88642088E+15  5.53239781E-04
  1.00089371E+16  5.33171351E-04
  1.01688760E+16  5.08407362E-04
  1.03986475E+16  4.75444816E-04
  1.07692030E+16  4.28035703E-04
  1.10576910E+16  3.95400611E-04
  1.12778638E+16  3.72692068E-04
  1.15792130E+16  3.44344822E-04
  1.17658850E+16  3.28213838E-04
  1.19991190E+16  3.09444383E-04
  1.21531590E+16  2.97826369E-04
  1.23032820E+16  2.87056741E-04
  1.25735930E+16  2.68938198E-04
  1.27371360E+16  2.58711258E-04
  1.29800654E+16  2.44455630E-04
  1.30664770E+16  2.39637710E-04
  1.31782290E+16  2.33592845E-04
  1.33171310E+16  2.26359471E-04
  1.35983015E+16  2.12606573E-04
  1.37942449E+16  2.03674608E-04
   24  123359.205  3206.0     100
  1.00000000E+12  1.51577888E-01
  7.29697188E+12  1.85728095E-01
  1.35939438E+13  6.99686054E-02
  2.61878875E+13  3.96391706E-01
  5.13757870E+13  3.14467466E-01
  1.05593353E+14  2.86508938E+00
  1.62439490E+14  1.26593392E+00
  2.53229154E+14  3.50061178E+00
  3.80746420E+14  3.53938355E+00
  5.26303960E+14  1.60002122E+00
  6.17569991E+14  9.90323539E-01
  7.37290569E+14  5.81995491E-01
  8.22012500E+14  4.19952712E-01
  8.87979812E+14  3.33139691E-01
  1.02572664E+15  2.16142789E-01
  1.16922992E+15  1.45927081E-01
  1.33075635E+15  9.89783054E-02
  1.46607100E+15  7.40236757E-02
  1.66147514E+15  5.08573953E-02
  1.81786621E+15  3.88284366E-02
  2.00717263E+15  2.88457262E-02
  2.05000000E+15  2.70753496E-02
  2.10440727E+15  2.50291600E-02
  2.18000000E+15  2.25147005E-02
  2.27734794E+15  1.97491082E-02
  2.33000000E+15  1.84402962E-02
  2.40864112E+15  1.66924224E-02
  2.46000000E+15  1.56686051E-02
  2.55603004E+15  1.39681148E-02
  2.62000000E+15  1.29697553E-02
  2.70131851E+15  1.18333653E-02
  2.73000000E+15  1.14643046E-02
  2.76000000E+15  1.10945172E-02
  2.83823067E+15  1.02021708E-02
  2.89000000E+15  9.66367081E-03
  2.95411095E+15  9.04805535E-03
  3.07000000E+15  8.06158671E-03
  3.10859251E+15  7.76505019E-03
  3.17000000E+15  7.32247452E-03
  3.28805000E+15  6.56176113E-03
  3.37593314E+15  6.06253341E-03
  3.51928678E+15  5.35145258E-03
  3.73738308E+15  4.46820212E-03
  3.95998844E+15  3.75624491E-03
  4.16925030E+15  3.21856104E-03
  4.42468808E+15  2.69269817E-03
  4.56199970E+15  2.45680054E-03
  4.81290210E+15  2.09225480E-03
  5.00342206E+15  1.86223394E-03
  5.19673984E+15  1.66204481E-03
  5.43236471E+15  1.45501978E-03
  5.62234685E+15  1.31244996E-03
  5.82509112E+15  1.18012357E-03
  6.00358520E+15  1.07796242E-03
  6.20625261E+15  9.75769660E-04
  6.42818299E+15  8.78154562E-04
  6.63699726E+15  7.97849066E-04
  6.72855536E+15  7.65720309E-04
  6.94853230E+15  6.95274680E-04
  7.09320190E+15  6.53594954E-04
  7.20597290E+15  6.23387059E-04
  7.35975680E+15  5.85120434E-04
  7.48916240E+15  5.55310533E-04
  7.67158728E+15  5.16630408E-04
  7.87611415E+15  4.77418947E-04
  8.02431682E+15  4.51451867E-04
  8.15950279E+15  4.29382727E-04
  8.27308545E+15  4.11939204E-04
  8.40050112E+15  3.93477654E-04
  8.52720330E+15  3.76197412E-04
  8.65798695E+15  3.59405629E-04
  8.80814609E+15  3.41336026E-04
  8.94035750E+15  3.26415670E-04
  9.07283000E+15  3.12325422E-04
  9.18526237E+15  3.00996162E-04
  9.31196455E+15  2.88876168E-04
  9.39908590E+15  2.80917503E-04
  9.52327510E+15  2.70070200E-04
  9.63161920E+15  2.61058444E-04
  9.76530880E+15  2.50482686E-04
  9.88642088E+15  2.41389497E-04
  1.00089371E+16  2.32633243E-04
  1.01688760E+16  2.21828223E-04
  1.03986475E+16  2.07446010E-04
  1.07692030E+16  1.86760473E-04
  1.10576910E+16  1.72521135E-04
  1.12778638E+16  1.62612947E-04
  1.15792130E+16  1.50244481E-04
  1.17658850E+16  1.43206212E-04
  1.19991190E+16  1.35016727E-04
  1.21531590E+16  1.29947556E-04
  1.23032820E+16  1.25248554E-04
  1.25735930E+16  1.17343074E-04
  1.27371360E+16  1.12880857E-04
  1.29800654E+16  1.06660843E-04
  1.30664770E+16  1.04558689E-04
  1.31782290E+16  1.01921195E-04
  1.33171310E+16  9.87651301E-05
  1.35983015E+16  9.27644678E-05
  1.37942449E+16  8.88672742E-05
