****** Levels
 3.87275106E+15    58.   2  ' even   1 '  0  0.  0
 3.66473941E+15    20.   2  ' even   2 '  0  0.  0
 3.44453390E+15    36.   2  ' even   3 '  0  0.  0
 3.26538876E+15   122.   2  ' even   4 '  0  0.  0
 3.12772061E+15    78.   2  ' even   5 '  0  0.  0
 2.95137693E+15    96.   2  ' even   6 '  0  0.  0
 2.79906051E+15    22.   2  ' even   7 '  0  0.  0
 2.75368871E+15    30.   2  '  odd   1 '  0  0.  0
 2.60013558E+15   120.   2  '  odd   2 '  0  0.  0
 2.56747507E+15    14.   2  ' even   8 '  0  0.  0
 2.42680383E+15    50.   2  ' even   9 '  0  0.  0
 2.33513048E+15    24.   2  '  odd   3 '  0  0.  0
 2.21660728E+15   106.   2  ' even  10 '  0  0.  0
 2.00156526E+15   552.   3  '  odd   4 '  0  0.  0
 1.76789433E+15    78.   3  ' even  11 '  0  0.  0
 1.70131844E+15   294.   3  '  odd   5 '  0  0.  0
 1.55490013E+15   114.   3  ' even  12 '  0  0.  0
 1.37400895E+15   252.   3  ' even  13 '  0  0.  0
 1.16684150E+15   984.   3  '  odd   6 '  0  0.  0
 9.56438295E+14   138.   4  ' even  14 '  0  0.  0
 7.42804055E+14  1456.   4  ' even  15 '  0  0.  5
 6.26560687E+14  2670.   5  '  odd   7 '  0  0.  5
 3.02043038E+14  4140.   7  ' even  16 '  0  0.  5
 2.13630326E+14  3240.   8  '  odd   8 '  0  0.  5
-3.17856437E+14 13358.  20  ' even  17 '  0  0.  5
-3.32682518E+14  9022.  20  '  odd   9 '  0  0.  5
-8.33913111E+14  7470.  20  ' even  18 '  0  0.  5
-1.15510396E+15  7586.  20  '  odd  10 '  0  0.  5
-1.24668824E+15  8184.  20  ' even  19 '  0  0.  5
-1.76743572E+15  6826.  20  ' even  20 '  0  0.  5
-1.89398155E+15 11618.  20  '  odd  11 '  0  0.  5
-2.37330132E+15  1848.  20  ' even  21 '  0  0.  5
-2.73687754E+15  2838.  20  '  odd  12 '  0  0.  5
-3.02487329E+15  1182.  20  ' even  22 '  0  0.  5
-3.54043362E+15   838.  20  '  odd  13 '  0  0.  5
****** Continuum transitions
  1 36  1  61  0  0  0  7.29E-19  0.
  2 36  1  61  0  0  0  7.49E-19  0.
  3 36  1  61  0  0  0  7.73E-19  0.
  4 36  1  61  0  0  0  7.94E-19  0.
  5 36  1  61  0  0  0  8.11E-19  0.
  6 36  1  61  0  0  0  8.35E-19  0.
  7 36  1  61  0  0  0  8.57E-19  0.
  8 36  1  61  0  0  0  8.64E-19  0.
  9 36  1  61  0  0  0  8.89E-19  0.
 10 36  1  61  0  0  0  8.95E-19  0.
 11 36  1  61  0  0  0  9.21E-19  0.
 12 36  1  61  0  0  0  9.38E-19  0.
 13 36  1  61  0  0  0  9.63E-19  0.
 14 36  1  61  0  0  0  1.01E-18  0.
 15 36  1  61  0  0  0  1.08E-18  0.
 16 36  1  61  0  0  0  1.10E-18  0.
 17 36  1  61  0  0  0  1.15E-18  0.
 18 36  1  61  0  0  0  1.22E-18  0.
 19 36  1  61  0  0  0  1.33E-18  0.
 20 36  1  61  0  0  0  1.47E-18  0.
 21 36  1  61  0  0  0  1.66E-18  0.
 22 36  1  61  0  0  0  1.81E-18  0.
 23 36  1  61  0  0  0  2.61E-18  0.
 24 36  1  61  0  0  0  3.10E-18  0.
 25 36  0   0  0  0  0  1.00E-18  0.
 26 36  0   0  0  0  0  1.00E-18  0.
 27 36  0   0  0  0  0  1.00E-18  0.
 28 36  0   0  0  0  0  1.00E-18  0.
 29 36  0   0  0  0  0  1.00E-18  0.
 30 36  0   0  0  0  0  1.00E-18  0.
 31 36  0   0  0  0  0  1.00E-18  0.
 32 36  0   0  0  0  0  1.00E-18  0.
 33 36  0   0  0  0  0  1.00E-18  0.
 34 36  0   0  0  0  0  1.00E-18  0.
 35 36  0   0  0  0  0  1.00E-18  0.
****** Line transitions
  1  2  0   0  1  0  0  1.  0.7
  1  3  0   0  1  0  0  1.  0.7
  1  4  0   0  1  0  0  1.  0.7
  1  5  0   0  1  0  0  1.  0.7
  1  6  0   0  1  0  0  1.  0.7
  1  7  0   0  1  0  0  1.  0.7
  1  8 -3   0  1  0  0  1.  0.7
  1  9 -3   0  1  0  0  1.  0.7
  1 10  0   0  1  0  0  1.  0.7
  1 11  0   0  1  0  0  1.  0.7
  1 12 -3   0  1  0  0  1.  0.7
  1 13  0   0  1  0  0  1.  0.7
  1 14 -3   0  0  0  0  1.  0.0
  1 15  0   0  0  0  0  1.  0.0
  1 16 -3   0  0  0  0  1.  0.0
  1 17  0   0  0  0  0  1.  0.0
  1 18  0   0  0  0  0  1.  0.0
  1 19 -3   0  0  0  0  1.  0.0
  1 19 -3   0  0  0  0  1.  0.0
  1 20  0   0  0  0  0  1.  0.0
  1 21  0   0  0  0  0  1.  0.0
  1 22 -3   0  0  0  0  1.  0.0
  1 22 -3   0  0  0  0  1.  0.0
  1 23  0   0  0  0  0  1.  0.0
  1 24 -3   0  0  0  0  1.  0.0
  1 25  0   0  0  0  0  1.  0.0
  1 26 -3   0  0  0  0  1.  0.0
  1 27  0   0  0  0  0  1.  0.0
  1 28 -3   0  0  0  0  1.  0.0
  1 29  0   0  0  0  0  1.  0.0
  1 30  0   0  0  0  0  1.  0.0
  1 31 -3   0  0  0  0  1.  0.0
  1 31 -3   0  0  0  0  1.  0.0
  1 32  0   0  0  0  0  1.  0.0
  1 33 -3   0  0  0  0  1.  0.0
  1 34  0   0  0  0  0  1.  0.0
  1 35 -3   0  0  0  0  1.  0.0
  2  3  0   0  1  0  0  1.  0.7
  2  4  0   0  1  0  0  1.  0.7
  2  5  0   0  1  0  0  1.  0.7
  2  6  0   0  1  0  0  1.  0.7
  2  7  0   0  1  0  0  1.  0.7
  2  8 -3   0  1  0  0  1.  0.7
  2  9 -3   0  1  0  0  1.  0.7
  2 10  0   0  1  0  0  1.  0.7
  2 11  0   0  1  0  0  1.  0.7
  2 12 -3   0  1  0  0  1.  0.7
  2 13  0   0  1  0  0  1.  0.7
  2 14 -3   0  0  0  0  1.  0.0
  2 15  0   0  0  0  0  1.  0.0
  2 16 -3   0  0  0  0  1.  0.0
  2 17  0   0  0  0  0  1.  0.0
  2 18  0   0  0  0  0  1.  0.0
  2 19 -3   0  0  0  0  1.  0.0
  2 19 -3   0  0  0  0  1.  0.0
  2 20  0   0  0  0  0  1.  0.0
  2 21  0   0  0  0  0  1.  0.0
  2 22 -3   0  0  0  0  1.  0.0
  2 23  0   0  0  0  0  1.  0.0
  2 24 -3   0  0  0  0  1.  0.0
  2 24 -3   0  0  0  0  1.  0.0
  2 25  0   0  0  0  0  1.  0.0
  2 26 -3   0  0  0  0  1.  0.0
  2 27  0   0  0  0  0  1.  0.0
  2 28 -3   0  0  0  0  1.  0.0
  2 29  0   0  0  0  0  1.  0.0
  2 30  0   0  0  0  0  1.  0.0
  2 31 -3   0  0  0  0  1.  0.0
  2 31 -3   0  0  0  0  1.  0.0
  2 32  0   0  0  0  0  1.  0.0
  2 33 -3   0  0  0  0  1.  0.0
  2 34  0   0  0  0  0  1.  0.0
  2 35 -3   0  0  0  0  1.  0.0
  3  4  0   0  1  0  0  1.  0.7
  3  5  0   0  1  0  0  1.  0.7
  3  6  0   0  1  0  0  1.  0.7
  3  7  0   0  1  0  0  1.  0.7
  3  8 -3   0  1  0  0  1.  0.7
  3  9 -3   0  1  0  0  1.  0.7
  3  9 -3   0  1  0  0  1.  0.7
  3 10  0   0  1  0  0  1.  0.7
  3 11  0   0  1  0  0  1.  0.7
  3 12 -3   0  1  0  0  1.  0.7
  3 13  0   0  1  0  0  1.  0.7
  3 14 -3   0  0  0  0  1.  0.0
  3 14 -3   0  0  0  0  1.  0.0
  3 15  0   0  0  0  0  1.  0.0
  3 16 -3   0  0  0  0  1.  0.0
  3 17  0   0  0  0  0  1.  0.0
  3 18  0   0  0  0  0  1.  0.0
  3 19 -3   0  0  0  0  1.  0.0
  3 20  0   0  0  0  0  1.  0.0
  3 21  0   0  0  0  0  1.  0.0
  3 22 -3   0  0  0  0  1.  0.0
  3 22 -3   0  0  0  0  1.  0.0
  3 23  0   0  0  0  0  1.  0.0
  3 24 -3   0  0  0  0  1.  0.0
  3 24 -3   0  0  0  0  1.  0.0
  3 25  0   0  0  0  0  1.  0.0
  3 26 -3   0  0  0  0  1.  0.0
  3 27  0   0  0  0  0  1.  0.0
  3 28 -3   0  0  0  0  1.  0.0
  3 29  0   0  0  0  0  1.  0.0
  3 30  0   0  0  0  0  1.  0.0
  3 31 -3   0  0  0  0  1.  0.0
  3 32  0   0  0  0  0  1.  0.0
  3 33 -3   0  0  0  0  1.  0.0
  3 33 -3   0  0  0  0  1.  0.0
  3 34  0   0  0  0  0  1.  0.0
  3 35 -3   0  0  0  0  1.  0.0
  4  5  0   0  1  0  0  1.  0.7
  4  6  0   0  1  0  0  1.  0.7
  4  7  0   0  1  0  0  1.  0.7
  4  8 -3   0  1  0  0  1.  0.7
  4  9 -3   0  1  0  0  1.  0.7
  4 10  0   0  1  0  0  1.  0.7
  4 11  0   0  1  0  0  1.  0.7
  4 12 -3   0  1  0  0  1.  0.7
  4 13  0   0  1  0  0  1.  0.7
  4 14 -3   0  0  0  0  1.  0.0
  4 14 -3   0  0  0  0  1.  0.0
  4 15  0   0  0  0  0  1.  0.0
  4 16 -3   0  0  0  0  1.  0.0
  4 16 -3   0  0  0  0  1.  0.0
  4 17  0   0  0  0  0  1.  0.0
  4 18  0   0  0  0  0  1.  0.0
  4 19 -3   0  0  0  0  1.  0.0
  4 20  0   0  0  0  0  1.  0.0
  4 21  0   0  0  0  0  1.  0.0
  4 22 -3   0  0  0  0  1.  0.0
  4 22 -3   0  0  0  0  1.  0.0
  4 23  0   0  0  0  0  1.  0.0
  4 24 -3   0  0  0  0  1.  0.0
  4 24 -3   0  0  0  0  1.  0.0
  4 25  0   0  0  0  0  1.  0.0
  4 26 -3   0  0  0  0  1.  0.0
  4 26 -3   0  0  0  0  1.  0.0
  4 27  0   0  0  0  0  1.  0.0
  4 28 -3   0  0  0  0  1.  0.0
  4 29  0   0  0  0  0  1.  0.0
  4 30  0   0  0  0  0  1.  0.0
  4 31 -3   0  0  0  0  1.  0.0
  4 32  0   0  0  0  0  1.  0.0
  4 33 -3   0  0  0  0  1.  0.0
  4 33 -3   0  0  0  0  1.  0.0
  4 34  0   0  0  0  0  1.  0.0
  4 35 -3   0  0  0  0  1.  0.0
  5  6  0   0  1  0  0  1.  0.7
  5  7  0   0  1  0  0  1.  0.7
  5  8 -3   0  1  0  0  1.  0.7
  5  9 -3   0  1  0  0  1.  0.7
  5 10  0   0  1  0  0  1.  0.7
  5 11  0   0  1  0  0  1.  0.7
  5 12  0   0  1  0  0  1.  0.7
  5 13  0   0  1  0  0  1.  0.7
  5 14 -3   0  0  0  0  1.  0.0
  5 15  0   0  0  0  0  1.  0.0
  5 16 -3   0  0  0  0  1.  0.0
  5 16 -3   0  0  0  0  1.  0.0
  5 17  0   0  0  0  0  1.  0.0
  5 18  0   0  0  0  0  1.  0.0
  5 19 -3   0  0  0  0  1.  0.0
  5 20  0   0  0  0  0  1.  0.0
  5 21  0   0  0  0  0  1.  0.0
  5 22 -3   0  0  0  0  1.  0.0
  5 23  0   0  0  0  0  1.  0.0
  5 24 -3   0  0  0  0  1.  0.0
  5 24 -3   0  0  0  0  1.  0.0
  5 25  0   0  0  0  0  1.  0.0
  5 26 -3   0  0  0  0  1.  0.0
  5 26 -3   0  0  0  0  1.  0.0
  5 27  0   0  0  0  0  1.  0.0
  5 28 -3   0  0  0  0  1.  0.0
  5 29  0   0  0  0  0  1.  0.0
  5 30  0   0  0  0  0  1.  0.0
  5 31 -3   0  0  0  0  1.  0.0
  5 32  0   0  0  0  0  1.  0.0
  5 33 -3   0  0  0  0  1.  0.0
  5 33 -3   0  0  0  0  1.  0.0
  5 34  0   0  0  0  0  1.  0.0
  5 35 -3   0  0  0  0  1.  0.0
  6  7  0   0  1  0  0  1.  0.7
  6  8  0   0  1  0  0  1.  0.7
  6  9 -3   0  1  0  0  1.  0.7
  6 10  0   0  1  0  0  1.  0.7
  6 11  0   0  1  0  0  1.  0.7
  6 12 -3   0  1  0  0  1.  0.7
  6 13  0   0  1  0  0  1.  0.7
  6 14 -3   0  0  0  0  1.  0.0
  6 14 -3   0  0  0  0  1.  0.0
  6 15  0   0  0  0  0  1.  0.0
  6 16 -3   0  0  0  0  1.  0.0
  6 16 -3   0  0  0  0  1.  0.0
  6 17  0   0  0  0  0  1.  0.0
  6 18  0   0  0  0  0  1.  0.0
  6 19 -3   0  0  0  0  1.  0.0
  6 20  0   0  0  0  0  1.  0.0
  6 21  0   0  0  0  0  1.  0.0
  6 22 -3   0  0  0  0  1.  0.0
  6 23  0   0  0  0  0  1.  0.0
  6 24 -3   0  0  0  0  1.  0.0
  6 24 -3   0  0  0  0  1.  0.0
  6 25  0   0  0  0  0  1.  0.0
  6 26 -3   0  0  0  0  1.  0.0
  6 26 -3   0  0  0  0  1.  0.0
  6 27  0   0  0  0  0  1.  0.0
  6 28 -3   0  0  0  0  1.  0.0
  6 29  0   0  0  0  0  1.  0.0
  6 30  0   0  0  0  0  1.  0.0
  6 31 -3   0  0  0  0  1.  0.0
  6 32  0   0  0  0  0  1.  0.0
  6 33 -3   0  0  0  0  1.  0.0
  6 33 -3   0  0  0  0  1.  0.0
  6 34  0   0  0  0  0  1.  0.0
  6 35 -3   0  0  0  0  1.  0.0
  7  8  0   0  1  0  0  1.  0.7
  7  9  0   0  1  0  0  1.  0.7
  7 10  0   0  1  0  0  1.  0.7
  7 11  0   0  1  0  0  1.  0.7
  7 12  0   0  1  0  0  1.  0.7
  7 13  0   0  1  0  0  1.  0.7
  7 14 -3   0  0  0  0  1.  0.0
  7 14 -3   0  0  0  0  1.  0.0
  7 15  0   0  0  0  0  1.  0.0
  7 16 -3   0  0  0  0  1.  0.0
  7 17  0   0  0  0  0  1.  0.0
  7 18  0   0  0  0  0  1.  0.0
  7 19 -3   0  0  0  0  1.  0.0
  7 19 -3   0  0  0  0  1.  0.0
  7 20  0   0  0  0  0  1.  0.0
  7 21  0   0  0  0  0  1.  0.0
  7 22 -3   0  0  0  0  1.  0.0
  7 23  0   0  0  0  0  1.  0.0
  7 24 -3   0  0  0  0  1.  0.0
  7 24 -3   0  0  0  0  1.  0.0
  7 25  0   0  0  0  0  1.  0.0
  7 26 -3   0  0  0  0  1.  0.0
  7 26 -3   0  0  0  0  1.  0.0
  7 27  0   0  0  0  0  1.  0.0
  7 28 -3   0  0  0  0  1.  0.0
  7 29  0   0  0  0  0  1.  0.0
  7 30  0   0  0  0  0  1.  0.0
  7 31 -3   0  0  0  0  1.  0.0
  7 32  0   0  0  0  0  1.  0.0
  7 33 -3   0  0  0  0  1.  0.0
  7 33 -3   0  0  0  0  1.  0.0
  7 34  0   0  0  0  0  1.  0.0
  7 35 -3   0  0  0  0  1.  0.0
  8  9  0   0  1  0  0  1.  0.7
  8 10  0   0  1  0  0  1.  0.7
  8 11  0   0  1  0  0  1.  0.7
  8 12  0   0  1  0  0  1.  0.7
  8 13 -3   0  1  0  0  1.  0.7
  8 14  0   0  0  0  0  1.  0.0
  8 15 -3   0  0  0  0  1.  0.0
  8 16  0   0  0  0  0  1.  0.0
  8 17 -3   0  0  0  0  1.  0.0
  8 18 -3   0  0  0  0  1.  0.0
  8 18 -3   0  0  0  0  1.  0.0
  8 19  0   0  0  0  0  1.  0.0
  8 20  0   0  0  0  0  1.  0.0
  8 21 -3   0  0  0  0  1.  0.0
  8 22  0   0  0  0  0  1.  0.0
  8 23 -3   0  0  0  0  1.  0.0
  8 23 -3   0  0  0  0  1.  0.0
  8 24  0   0  0  0  0  1.  0.0
  8 25 -3   0  0  0  0  1.  0.0
  8 25 -3   0  0  0  0  1.  0.0
  8 26  0   0  0  0  0  1.  0.0
  8 27 -3   0  0  0  0  1.  0.0
  8 28  0   0  0  0  0  1.  0.0
  8 29 -3   0  0  0  0  1.  0.0
  8 30 -3   0  0  0  0  1.  0.0
  8 31  0   0  0  0  0  1.  0.0
  8 32 -3   0  0  0  0  1.  0.0
  8 33  0   0  0  0  0  1.  0.0
  8 34  0   0  0  0  0  1.  0.0
  8 35  0   0  0  0  0  1.  0.0
  9 10  0   0  1  0  0  1.  0.7
  9 11  0   0  1  0  0  1.  0.7
  9 12  0   0  1  0  0  1.  0.7
  9 13 -3   0  1  0  0  1.  0.7
  9 14  0   0  0  0  0  1.  0.0
  9 15 -3   0  0  0  0  1.  0.0
  9 15 -3   0  0  0  0  1.  0.0
  9 16  0   0  0  0  0  1.  0.0
  9 17 -3   0  0  0  0  1.  0.0
  9 18 -3   0  0  0  0  1.  0.0
  9 19  0   0  0  0  0  1.  0.0
  9 20 -3   0  0  0  0  1.  0.0
  9 21 -3   0  0  0  0  1.  0.0
  9 22  0   0  0  0  0  1.  0.0
  9 23 -3   0  0  0  0  1.  0.0
  9 24  0   0  0  0  0  1.  0.0
  9 25 -3   0  0  0  0  1.  0.0
  9 25 -3   0  0  0  0  1.  0.0
  9 26  0   0  0  0  0  1.  0.0
  9 27 -3   0  0  0  0  1.  0.0
  9 27 -3   0  0  0  0  1.  0.0
  9 28  0   0  0  0  0  1.  0.0
  9 29 -3   0  0  0  0  1.  0.0
  9 30 -3   0  0  0  0  1.  0.0
  9 31  0   0  0  0  0  1.  0.0
  9 32 -3   0  0  0  0  1.  0.0
  9 33  0   0  0  0  0  1.  0.0
  9 34 -3   0  0  0  0  1.  0.0
  9 35  0   0  0  0  0  1.  0.0
 10 11  0   0  1  0  0  1.  0.7
 10 12  0   0  1  0  0  1.  0.7
 10 13  0   0  1  0  0  1.  0.7
 10 14 -3   0  0  0  0  1.  0.0
 10 15  0   0  0  0  0  1.  0.0
 10 16 -3   0  0  0  0  1.  0.0
 10 16 -3   0  0  0  0  1.  0.0
 10 17  0   0  0  0  0  1.  0.0
 10 18  0   0  0  0  0  1.  0.0
 10 19 -3   0  0  0  0  1.  0.0
 10 19 -3   0  0  0  0  1.  0.0
 10 20  0   0  0  0  0  1.  0.0
 10 21  0   0  0  0  0  1.  0.0
 10 22 -3   0  0  0  0  1.  0.0
 10 23  0   0  0  0  0  1.  0.0
 10 24 -3   0  0  0  0  1.  0.0
 10 25  0   0  0  0  0  1.  0.0
 10 26 -3   0  0  0  0  1.  0.0
 10 26 -3   0  0  0  0  1.  0.0
 10 26 -3   0  0  0  0  1.  0.0
 10 27  0   0  0  0  0  1.  0.0
 10 28 -3   0  0  0  0  1.  0.0
 10 29  0   0  0  0  0  1.  0.0
 10 30  0   0  0  0  0  1.  0.0
 10 31 -3   0  0  0  0  1.  0.0
 10 32  0   0  0  0  0  1.  0.0
 10 33 -3   0  0  0  0  1.  0.0
 10 34  0   0  0  0  0  1.  0.0
 10 35 -3   0  0  0  0  1.  0.0
 10 35 -3   0  0  0  0  1.  0.0
 11 12  0   0  1  0  0  1.  0.7
 11 13  0   0  1  0  0  1.  0.7
 11 14 -3   0  0  0  0  1.  0.0
 11 15  0   0  0  0  0  1.  0.0
 11 16 -3   0  0  0  0  1.  0.0
 11 16 -3   0  0  0  0  1.  0.0
 11 17  0   0  0  0  0  1.  0.0
 11 18  0   0  0  0  0  1.  0.0
 11 19 -3   0  0  0  0  1.  0.0
 11 19 -3   0  0  0  0  1.  0.0
 11 20  0   0  0  0  0  1.  0.0
 11 21  0   0  0  0  0  1.  0.0
 11 22 -3   0  0  0  0  1.  0.0
 11 23  0   0  0  0  0  1.  0.0
 11 24 -3   0  0  0  0  1.  0.0
 11 25  0   0  0  0  0  1.  0.0
 11 26 -3   0  0  0  0  1.  0.0
 11 26 -3   0  0  0  0  1.  0.0
 11 27  0   0  0  0  0  1.  0.0
 11 28 -3   0  0  0  0  1.  0.0
 11 28 -3   0  0  0  0  1.  0.0
 11 29  0   0  0  0  0  1.  0.0
 11 30  0   0  0  0  0  1.  0.0
 11 31 -3   0  0  0  0  1.  0.0
 11 32  0   0  0  0  0  1.  0.0
 11 33 -3   0  0  0  0  1.  0.0
 11 34  0   0  0  0  0  1.  0.0
 11 35 -3   0  0  0  0  1.  0.0
 11 35 -3   0  0  0  0  1.  0.0
 12 13  0   0  1  0  0  1.  0.7
 12 14  0   0  0  0  0  1.  0.0
 12 15  0   0  0  0  0  1.  0.0
 12 16  0   0  0  0  0  1.  0.0
 12 17 -3   0  0  0  0  1.  0.0
 12 18 -3   0  0  0  0  1.  0.0
 12 19  0   0  0  0  0  1.  0.0
 12 20  0   0  0  0  0  1.  0.0
 12 21 -3   0  0  0  0  1.  0.0
 12 22  0   0  0  0  0  1.  0.0
 12 23 -3   0  0  0  0  1.  0.0
 12 24  0   0  0  0  0  1.  0.0
 12 25 -3   0  0  0  0  1.  0.0
 12 25 -3   0  0  0  0  1.  0.0
 12 26  0   0  0  0  0  1.  0.0
 12 27 -3   0  0  0  0  1.  0.0
 12 28  0   0  0  0  0  1.  0.0
 12 29 -3   0  0  0  0  1.  0.0
 12 30  0   0  0  0  0  1.  0.0
 12 31  0   0  0  0  0  1.  0.0
 12 32  0   0  0  0  0  1.  0.0
 12 33  0   0  0  0  0  1.  0.0
 12 34  0   0  0  0  0  1.  0.0
 12 35  0   0  0  0  0  1.  0.0
 13 14 -3   0  0  0  0  1.  0.0
 13 15  0   0  0  0  0  1.  0.0
 13 16 -3   0  0  0  0  1.  0.0
 13 17  0   0  0  0  0  1.  0.0
 13 18  0   0  0  0  0  1.  0.0
 13 19 -3   0  0  0  0  1.  0.0
 13 19 -3   0  0  0  0  1.  0.0
 13 20  0   0  0  0  0  1.  0.0
 13 21  0   0  0  0  0  1.  0.0
 13 22 -3   0  0  0  0  1.  0.0
 13 22 -3   0  0  0  0  1.  0.0
 13 23  0   0  0  0  0  1.  0.0
 13 24 -3   0  0  0  0  1.  0.0
 13 25  0   0  0  0  0  1.  0.0
 13 26 -3   0  0  0  0  1.  0.0
 13 26 -3   0  0  0  0  1.  0.0
 13 27  0   0  0  0  0  1.  0.0
 13 28 -3   0  0  0  0  1.  0.0
 13 28 -3   0  0  0  0  1.  0.0
 13 29  0   0  0  0  0  1.  0.0
 13 30  0   0  0  0  0  1.  0.0
 13 31 -3   0  0  0  0  1.  0.0
 13 32  0   0  0  0  0  1.  0.0
 13 33 -3   0  0  0  0  1.  0.0
 13 34  0   0  0  0  0  1.  0.0
 13 35 -3   0  0  0  0  1.  0.0
 13 35 -3   0  0  0  0  1.  0.0
 14 15 -3   0  1  0  0  1.  0.7
 14 16  0   0  1  0  0  1.  0.7
 14 17 -3   0  1  0  0  1.  0.7
 14 18 -3   0  1  0  0  1.  0.7
 14 18 -3   0  1  0  0  1.  0.7
 14 19  0   0  1  0  0  1.  0.7
 14 20 -3   0  0  0  0  1.  0.0
 14 20 -3   0  0  0  0  1.  0.0
 14 21 -3   0  0  0  0  1.  0.0
 14 21 -3   0  0  0  0  1.  0.0
 14 22  0   0  0  0  0  1.  0.0
 14 23 -3   0  0  0  0  1.  0.0
 14 23 -3   0  0  0  0  1.  0.0
 14 24  0   0  0  0  0  1.  0.0
 14 25 -3   0  0  0  0  1.  0.0
 14 26  0   0  0  0  0  1.  0.0
 14 27 -3   0  0  0  0  1.  0.0
 14 27 -3   0  0  0  0  1.  0.0
 14 28  0   0  0  0  0  1.  0.0
 14 29 -3   0  0  0  0  1.  0.0
 14 29 -3   0  0  0  0  1.  0.0
 14 30 -3   0  0  0  0  1.  0.0
 14 31  0   0  0  0  0  1.  0.0
 14 32 -3   0  0  0  0  1.  0.0
 14 33  0   0  0  0  0  1.  0.0
 14 34 -3   0  0  0  0  1.  0.0
 14 35  0   0  0  0  0  1.  0.0
 15 16  0   0  1  0  0  1.  0.7
 15 17  0   0  1  0  0  1.  0.7
 15 18  0   0  1  0  0  1.  0.7
 15 19 -3   0  1  0  0  1.  0.7
 15 19 -3   0  1  0  0  1.  0.7
 15 20  0   0  0  0  0  1.  0.0
 15 21  0   0  0  0  0  1.  0.0
 15 22 -3   0  0  0  0  1.  0.0
 15 22 -3   0  0  0  0  1.  0.0
 15 23  0   0  0  0  0  1.  0.0
 15 24 -3   0  0  0  0  1.  0.0
 15 24 -3   0  0  0  0  1.  0.0
 15 25  0   0  0  0  0  1.  0.0
 15 26 -3   0  0  0  0  1.  0.0
 15 27  0   0  0  0  0  1.  0.0
 15 28 -3   0  0  0  0  1.  0.0
 15 28 -3   0  0  0  0  1.  0.0
 15 28 -3   0  0  0  0  1.  0.0
 15 29  0   0  0  0  0  1.  0.0
 15 30  0   0  0  0  0  1.  0.0
 15 31 -3   0  0  0  0  1.  0.0
 15 31 -3   0  0  0  0  1.  0.0
 15 32  0   0  0  0  0  1.  0.0
 15 33 -3   0  0  0  0  1.  0.0
 15 34  0   0  0  0  0  1.  0.0
 15 35 -3   0  0  0  0  1.  0.0
 15 35 -3   0  0  0  0  1.  0.0
 16 17  0   0  1  0  0  1.  0.7
 16 18 -3   0  1  0  0  1.  0.7
 16 19  0   0  1  0  0  1.  0.7
 16 20 -3   0  0  0  0  1.  0.0
 16 20 -3   0  0  0  0  1.  0.0
 16 21 -3   0  0  0  0  1.  0.0
 16 21 -3   0  0  0  0  1.  0.0
 16 22  0   0  0  0  0  1.  0.0
 16 23 -3   0  0  0  0  1.  0.0
 16 23 -3   0  0  0  0  1.  0.0
 16 24  0   0  0  0  0  1.  0.0
 16 25 -3   0  0  0  0  1.  0.0
 16 26  0   0  0  0  0  1.  0.0
 16 27 -3   0  0  0  0  1.  0.0
 16 27 -3   0  0  0  0  1.  0.0
 16 28  0   0  0  0  0  1.  0.0
 16 29 -3   0  0  0  0  1.  0.0
 16 29 -3   0  0  0  0  1.  0.0
 16 30 -3   0  0  0  0  1.  0.0
 16 30 -3   0  0  0  0  1.  0.0
 16 31  0   0  0  0  0  1.  0.0
 16 32 -3   0  0  0  0  1.  0.0
 16 33  0   0  0  0  0  1.  0.0
 16 34 -3   0  0  0  0  1.  0.0
 16 35  0   0  0  0  0  1.  0.0
 17 18  0   0  1  0  0  1.  0.7
 17 19 -3   0  1  0  0  1.  0.7
 17 20  0   0  0  0  0  1.  0.0
 17 21  0   0  0  0  0  1.  0.0
 17 22 -3   0  0  0  0  1.  0.0
 17 22 -3   0  0  0  0  1.  0.0
 17 23  0   0  0  0  0  1.  0.0
 17 24 -3   0  0  0  0  1.  0.0
 17 24 -3   0  0  0  0  1.  0.0
 17 25  0   0  0  0  0  1.  0.0
 17 26 -3   0  0  0  0  1.  0.0
 17 27  0   0  0  0  0  1.  0.0
 17 28 -3   0  0  0  0  1.  0.0
 17 28 -3   0  0  0  0  1.  0.0
 17 29  0   0  0  0  0  1.  0.0
 17 30  0   0  0  0  0  1.  0.0
 17 31 -3   0  0  0  0  1.  0.0
 17 31 -3   0  0  0  0  1.  0.0
 17 32  0   0  0  0  0  1.  0.0
 17 33 -3   0  0  0  0  1.  0.0
 17 34  0   0  0  0  0  1.  0.0
 17 35 -3   0  0  0  0  1.  0.0
 17 35 -3   0  0  0  0  1.  0.0
 18 19 -3   0  1  0  0  1.  0.7
 18 20  0   0  0  0  0  1.  0.0
 18 21  0   0  0  0  0  1.  0.0
 18 22 -3   0  0  0  0  1.  0.0
 18 22 -3   0  0  0  0  1.  0.0
 18 23  0   0  0  0  0  1.  0.0
 18 24 -3   0  0  0  0  1.  0.0
 18 25  0   0  0  0  0  1.  0.0
 18 26 -3   0  0  0  0  1.  0.0
 18 26 -3   0  0  0  0  1.  0.0
 18 27  0   0  0  0  0  1.  0.0
 18 28 -3   0  0  0  0  1.  0.0
 18 28 -3   0  0  0  0  1.  0.0
 18 29  0   0  0  0  0  1.  0.0
 18 30  0   0  0  0  0  1.  0.0
 18 31 -3   0  0  0  0  1.  0.0
 18 31 -3   0  0  0  0  1.  0.0
 18 32  0   0  0  0  0  1.  0.0
 18 33 -3   0  0  0  0  1.  0.0
 18 34  0   0  0  0  0  1.  0.0
 18 35 -3   0  0  0  0  1.  0.0
 19 20 -3   0  0  0  0  1.  0.0
 19 21 -3   0  0  0  0  1.  0.0
 19 22  0   0  0  0  0  1.  0.0
 19 23 -3   0  0  0  0  1.  0.0
 19 23 -3   0  0  0  0  1.  0.0
 19 24  0   0  0  0  0  1.  0.0
 19 25 -3   0  0  0  0  1.  0.0
 19 25 -3   0  0  0  0  1.  0.0
 19 26  0   0  0  0  0  1.  0.0
 19 27 -3   0  0  0  0  1.  0.0
 19 28  0   0  0  0  0  1.  0.0
 19 29 -3   0  0  0  0  1.  0.0
 19 29 -3   0  0  0  0  1.  0.0
 19 30 -3   0  0  0  0  1.  0.0
 19 30 -3   0  0  0  0  1.  0.0
 19 30 -3   0  0  0  0  1.  0.0
 19 31  0   0  0  0  0  1.  0.0
 19 32 -3   0  0  0  0  1.  0.0
 19 32 -3   0  0  0  0  1.  0.0
 19 33  0   0  0  0  0  1.  0.0
 19 34 -3   0  0  0  0  1.  0.0
 19 35  0   0  0  0  0  1.  0.0
 20 21  0   0  1  0  0  1.  0.7
 20 22 -3   0  0  0  0  1.  0.0
 20 23  0   0  0  0  0  1.  0.0
 20 24 -3   0  0  0  0  1.  0.0
 20 24 -3   0  0  0  0  1.  0.0
 20 25  0   0  0  0  0  1.  0.0
 20 26 -3   0  0  0  0  1.  0.0
 20 26 -3   0  0  0  0  1.  0.0
 20 27  0   0  0  0  0  1.  0.0
 20 28 -3   0  0  0  0  1.  0.0
 20 29  0   0  0  0  0  1.  0.0
 20 30  0   0  0  0  0  1.  0.0
 20 31 -3   0  0  0  0  1.  0.0
 20 31 -3   0  0  0  0  1.  0.0
 20 31 -3   0  0  0  0  1.  0.0
 20 32  0   0  0  0  0  1.  0.0
 20 33 -3   0  0  0  0  1.  0.0
 20 34  0   0  0  0  0  1.  0.0
 20 35 -3   0  0  0  0  1.  0.0
 21 22 -3   0  0  0  0  1.  0.0
 21 23  0   0  0  0  0  1.  0.0
 21 24 -3   0  0  0  0  1.  0.0
 21 24 -3   0  0  0  0  1.  0.0
 21 25  0   0  0  0  0  1.  0.0
 21 26 -3   0  0  0  0  1.  0.0
 21 26 -3   0  0  0  0  1.  0.0
 21 26 -3   0  0  0  0  1.  0.0
 21 27  0   0  0  0  0  1.  0.0
 21 28 -3   0  0  0  0  1.  0.0
 21 28 -3   0  0  0  0  1.  0.0
 21 29  0   0  0  0  0  1.  0.0
 21 30  0   0  0  0  0  1.  0.0
 21 31 -3   0  0  0  0  1.  0.0
 21 31 -3   0  0  0  0  1.  0.0
 21 32  0   0  0  0  0  1.  0.0
 21 33 -3   0  0  0  0  1.  0.0
 21 33 -3   0  0  0  0  1.  0.0
 21 34  0   0  0  0  0  1.  0.0
 21 35 -3   0  0  0  0  1.  0.0
 22 23 -3   0  0  0  0  1.  0.0
 22 23 -3   0  0  0  0  1.  0.0
 22 24  0   0  0  0  0  1.  0.0
 22 25 -3   0  0  0  0  1.  0.0
 22 25 -3   0  0  0  0  1.  0.0
 22 25 -3   0  0  0  0  1.  0.0
 22 26  0   0  0  0  0  1.  0.0
 22 27 -3   0  0  0  0  1.  0.0
 22 27 -3   0  0  0  0  1.  0.0
 22 28  0   0  0  0  0  1.  0.0
 22 29 -3   0  0  0  0  1.  0.0
 22 30 -3   0  0  0  0  1.  0.0
 22 30 -3   0  0  0  0  1.  0.0
 22 31  0   0  0  0  0  1.  0.0
 22 32 -3   0  0  0  0  1.  0.0
 22 32 -3   0  0  0  0  1.  0.0
 22 32 -3   0  0  0  0  1.  0.0
 22 33  0   0  0  0  0  1.  0.0
 22 34 -3   0  0  0  0  1.  0.0
 22 34 -3   0  0  0  0  1.  0.0
 22 35  0   0  0  0  0  1.  0.0
 23 24 -3   0  0  0  0  1.  0.0
 23 25  0   0  0  0  0  1.  0.0
 23 26 -3   0  0  0  0  1.  0.0
 23 26 -3   0  0  0  0  1.  0.0
 23 27  0   0  0  0  0  1.  0.0
 23 28 -3   0  0  0  0  1.  0.0
 23 28 -3   0  0  0  0  1.  0.0
 23 28 -3   0  0  0  0  1.  0.0
 23 29  0   0  0  0  0  1.  0.0
 23 30  0   0  0  0  0  1.  0.0
 23 31 -3   0  0  0  0  1.  0.0
 23 31 -3   0  0  0  0  1.  0.0
 23 32  0   0  0  0  0  1.  0.0
 23 33 -3   0  0  0  0  1.  0.0
 23 33 -3   0  0  0  0  1.  0.0
 23 33 -3   0  0  0  0  1.  0.0
 23 34  0   0  0  0  0  1.  0.0
 23 35 -3   0  0  0  0  1.  0.0
 24 25 -3   0  0  0  0  1.  0.0
 24 25 -3   0  0  0  0  1.  0.0
 24 26  0   0  0  0  0  1.  0.0
 24 27 -3   0  0  0  0  1.  0.0
 24 27 -3   0  0  0  0  1.  0.0
 24 27 -3   0  0  0  0  1.  0.0
 24 28  0   0  0  0  0  1.  0.0
 24 29 -3   0  0  0  0  1.  0.0
 24 29 -3   0  0  0  0  1.  0.0
 24 30 -3   0  0  0  0  1.  0.0
 24 31  0   0  0  0  0  1.  0.0
 24 32 -3   0  0  0  0  1.  0.0
 24 32 -3   0  0  0  0  1.  0.0
 24 33  0   0  0  0  0  1.  0.0
 24 34 -3   0  0  0  0  1.  0.0
 24 34 -3   0  0  0  0  1.  0.0
 24 34 -3   0  0  0  0  1.  0.0
 24 35  0   0  0  0  0  1.  0.0
 25 26  0   0  0  0  0  1.  0.0
 25 27  0   0  0  0  0  1.  0.0
 25 28  0   0  0  0  0  1.  0.0
 25 29  0   0  0  0  0  1.  0.0
 25 30  0   0  0  0  0  1.  0.0
 25 31  0   0  0  0  0  1.  0.0
 25 32  0   0  0  0  0  1.  0.0
 25 33  0   0  0  0  0  1.  0.0
 25 34  0   0  0  0  0  1.  0.0
 25 35  0   0  0  0  0  1.  0.0
 26 27  0   0  0  0  0  1.  0.0
 26 28  0   0  0  0  0  1.  0.0
 26 29  0   0  0  0  0  1.  0.0
 26 30  0   0  0  0  0  1.  0.0
 26 31  0   0  0  0  0  1.  0.0
 26 32  0   0  0  0  0  1.  0.0
 26 33  0   0  0  0  0  1.  0.0
 26 34  0   0  0  0  0  1.  0.0
 26 35  0   0  0  0  0  1.  0.0
 27 28  0   0  0  0  0  1.  0.0
 27 29  0   0  0  0  0  1.  0.0
 27 30  0   0  0  0  0  1.  0.0
 27 31  0   0  0  0  0  1.  0.0
 27 32  0   0  0  0  0  1.  0.0
 27 33  0   0  0  0  0  1.  0.0
 27 34  0   0  0  0  0  1.  0.0
 27 35  0   0  0  0  0  1.  0.0
 28 29  0   0  0  0  0  1.  0.0
 28 30  0   0  0  0  0  1.  0.0
 28 31  0   0  0  0  0  1.  0.0
 28 32  0   0  0  0  0  1.  0.0
 28 33  0   0  0  0  0  1.  0.0
 28 34  0   0  0  0  0  1.  0.0
 28 35  0   0  0  0  0  1.  0.0
 29 30  0   0  0  0  0  1.  0.0
 29 31  0   0  0  0  0  1.  0.0
 29 32  0   0  0  0  0  1.  0.0
 29 33  0   0  0  0  0  1.  0.0
 29 34  0   0  0  0  0  1.  0.0
 29 35  0   0  0  0  0  1.  0.0
 30 31  0   0  0  0  0  1.  0.0
 30 32  0   0  0  0  0  1.  0.0
 30 33  0   0  0  0  0  1.  0.0
 30 34  0   0  0  0  0  1.  0.0
 30 35  0   0  0  0  0  1.  0.0
 31 32  0   0  0  0  0  1.  0.0
 31 33  0   0  0  0  0  1.  0.0
 31 34  0   0  0  0  0  1.  0.0
 31 35  0   0  0  0  0  1.  0.0
 32 33  0   0  0  0  0  1.  0.0
 32 34  0   0  0  0  0  1.  0.0
 32 35  0   0  0  0  0  1.  0.0
 33 34  0   0  0  0  0  1.  0.0
 33 35  0   0  0  0  0  1.  0.0
 34 35  0   0  0  0  0  1.  0.0
