    26     3    29
  1     422.896     25.      13
  9.99999996e+11  0.000e+00
  7.01455079e+15  0.000e+00
  7.01455777e+15  1.995e+00
  7.76699577e+15  2.132e+00
  8.00808893e+15  3.928e+00
  8.03533352e+15  6.888e+00
  8.25666499e+15  9.121e+00
  8.80706881e+15  8.824e+00
  9.88517647e+15  8.398e+00
  1.05800141e+16  7.992e+00
  1.12852982e+16  7.237e+00
  1.19967778e+16  6.035e+00
  1.47191811e+17  3.336e-03
  2   21928.580     90.      13
  9.99999996e+11  0.000e+00
  7.15896692e+15  0.000e+00
  7.15897443e+15  3.640e-01
  7.30636536e+15  2.167e+00
  7.43150621e+15  3.275e+00
  7.55878972e+15  4.557e+00
  7.92690385e+15  8.398e+00
  8.39808162e+15  9.272e+00
  8.86709850e+15  9.427e+00
  1.00203949e+16  9.272e+00
  1.11708889e+16  8.971e+00
  1.22437696e+16  8.680e+00
  1.32041726e+17  7.126e-03
  3   31176.588     50.      16
  9.99999996e+11  0.000e+00
  6.33500697e+15  0.000e+00
  6.33501341e+15  3.979e-02
  7.03842383e+15  4.251e-02
  7.11050895e+15  1.101e+00
  7.38119443e+15  1.434e+00
  7.45678908e+15  3.499e+00
  7.55878972e+15  5.376e+00
  7.92690385e+15  7.481e+00
  8.36960706e+15  8.260e+00
  9.81825551e+15  8.125e+00
  9.98641744e+15  8.971e+00
  1.20785486e+16  8.260e+00
  1.34196919e+16  6.035e+00
  1.48088121e+16  9.584e+00
  1.30837743e+17  1.388e-02
  4   42106.586     12.      14
  9.99999996e+11  0.000e+00
  6.02033673e+15  0.000e+00
  6.02034263e+15  9.393e-02
  6.87305416e+15  1.542e-01
  7.13469981e+15  2.218e-01
  7.23229436e+15  2.686e+00
  7.35616712e+15  4.710e+00
  7.58450798e+15  4.633e+00
  7.63620489e+15  5.557e+00
  9.81825551e+15  5.743e+00
  9.91881036e+15  7.861e+00
  1.18751562e+16  7.605e+00
  1.25383625e+16  6.664e+00
  1.33753614e+17  5.523e-03
  5   50180.734     30.      13
  9.99999996e+11  0.000e+00
  6.39988835e+15  0.000e+00
  6.39989480e+15  6.819e-01
  6.94344546e+15  1.868e+00
  6.96706939e+15  3.117e+00
  7.11050895e+15  5.116e+00
  7.66218569e+15  5.936e+00
  7.71441141e+15  7.002e+00
  8.45532495e+15  8.260e+00
  8.51295750e+15  9.427e+00
  1.13236931e+16  8.824e+00
  1.16751878e+16  8.260e+00
  1.25045628e+17  6.724e-03
  6   57221.957      9.      12
  9.99999996e+11  0.000e+00
  6.59854616e+15  0.000e+00
  6.59855260e+15  8.043e-01
  6.75731768e+15  8.736e-01
  6.78030703e+15  2.599e+00
  6.91990152e+15  3.928e+00
  7.43150621e+15  4.950e+00
  7.45678908e+15  8.398e+00
  8.22866825e+15  9.584e+00
  1.17149109e+16  8.680e+00
  1.19561002e+16  7.861e+00
  1.28822356e+17  6.375e-03
  7   67029.711    112.      20
  9.99999996e+11  0.000e+00
  5.08002934e+15  0.000e+00
  5.08003470e+15  1.536e-03
  5.16704376e+15  3.075e-03
  5.91896476e+15  3.627e-03
  5.95930900e+15  1.819e-01
  6.55387958e+15  4.294e-01
  6.73440457e+15  3.522e-01
  7.76699577e+15  4.982e-01
  7.87323769e+15  7.529e-01
  8.71778396e+15  8.736e-01
  8.92753942e+15  1.837e+00
  9.55506206e+15  2.686e+00
  9.71871857e+15  4.409e+00
  1.00886946e+16  6.888e+00
  1.07612242e+16  7.237e+00
  1.14396647e+16  7.002e+00
  1.37425789e+16  3.993e+00
  1.59577695e+16  2.433e+00
  1.16165448e+17  6.396e-03
  8   78218.328     68.      13
  9.99999996e+11  0.000e+00
  5.60588044e+15  0.000e+00
  5.60588634e+15  6.360e-03
  5.79956252e+15  8.284e-03
  5.83909286e+15  1.880e-01
  5.89889438e+15  3.242e-01
  6.73440457e+15  6.383e-01
  6.80337584e+15  8.736e-01
  8.92753942e+15  1.868e+00
  9.04965608e+15  2.918e+00
  9.62019309e+15  4.483e+00
  1.06521299e+16  7.992e+00
  1.15655661e+17  6.455e-03
  9   85297.664     36.      18
  9.99999996e+11  0.000e+00
  4.74640111e+15  0.000e+00
  4.74640594e+15  2.616e-01
  5.27342366e+15  3.580e-01
  5.29136589e+15  2.277e+00
  5.45561349e+15  7.912e-01
  5.74076710e+15  3.825e-01
  6.20721881e+15  6.278e-01
  6.68881188e+15  2.749e-01
  7.25690130e+15  1.620e-01
  8.39808162e+15  2.616e-01
  8.57098198e+15  1.299e+00
  8.95791289e+15  7.165e-01
  1.02964024e+16  8.882e-01
  1.04018546e+16  3.800e+00
  1.06521299e+16  6.135e+00
  1.22022533e+16  5.465e+00
  1.08237909e+17  7.244e-03
 10   87755.820    218.      14
  9.99999996e+11  0.000e+00
  4.65065233e+15  0.000e+00
  4.65065716e+15  1.068e-03
  5.34555764e+15  1.614e-03
  5.41867892e+15  1.658e-02
  5.60588634e+15  5.818e-02
  6.08200118e+15  3.762e-01
  6.44351771e+15  4.154e-01
  6.68881188e+15  6.489e-01
  8.74744393e+15  2.062e+00
  9.14233933e+15  3.993e+00
  1.01574613e+16  7.605e+00
  1.16751878e+16  6.447e+00
  1.09272987e+17  8.286e-03
 11  102554.539     26.      12
  9.99999996e+11  0.000e+00
  4.84412074e+15  0.000e+00
  4.84412557e+15  3.075e-03
  5.11466127e+15  8.096e-02
  5.79956252e+15  8.507e-02
  5.97958500e+15  3.189e-01
  6.20721881e+15  4.512e-01
  8.65876359e+15  1.692e+00
  9.49037556e+15  6.775e+00
  1.02614897e+16  7.605e+00
  1.19155611e+16  6.238e+00
  1.06094780e+17  8.724e-03
 12  114549.461     41.      14
  9.99999996e+11  0.000e+00
  4.57233843e+15  0.000e+00
  4.57234326e+15  1.453e-02
  4.74640594e+15  3.055e-02
  4.86060697e+15  1.373e-01
  5.68256815e+15  5.818e-02
  5.76029954e+15  4.512e-01
  8.00808893e+15  9.807e-01
  8.39808162e+15  1.868e+00
  8.48409210e+15  3.169e+00
  9.04965608e+15  4.060e+00
  9.55506206e+15  7.237e+00
  1.00203949e+16  7.237e+00
  1.05212903e+17  6.422e-03
 13  117485.852    305.      16
  9.99999996e+11  0.000e+00
  3.54410554e+15  0.000e+00
  3.54410903e+15  1.873e-03
  3.66655265e+15  3.157e-02
  4.31580997e+15  4.541e-02
  4.38972984e+15  3.701e-01
  4.89373728e+15  9.029e-01
  5.13206233e+15  7.002e+00
  5.68256815e+15  8.043e-01
  5.91896476e+15  2.167e+00
  6.57617797e+15  4.587e-01
  7.50761733e+15  7.912e-01
  9.81825551e+15  2.240e+00
  9.88517647e+15  3.330e+00
  1.02266972e+16  3.385e+00
  1.05895090e+17  3.066e-03
 14  128722.320    272.      20
  9.99999996e+11  0.000e+00
  3.47261018e+15  0.000e+00
  3.47261367e+15  4.251e-02
  4.10143607e+15  6.683e-03
  4.21440901e+15  6.013e-02
  4.36001135e+15  1.164e-01
  4.44977590e+15  5.501e-01
  4.71427207e+15  1.434e+00
  4.89373728e+15  5.376e+00
  5.11466127e+15  9.272e+00
  5.36374521e+15  3.066e+00
  6.42166921e+15  7.655e-01
  7.23229436e+15  6.819e-01
  7.63620489e+15  1.048e+00
  7.87323769e+15  1.837e+00
  8.22866825e+15  1.119e+00
  9.39416292e+15  1.583e+00
  9.49037556e+15  3.169e+00
  9.75178338e+15  2.393e+00
  1.00201372e+17  2.267e-03
 15  138512.797    501.      19
  9.99999996e+11  0.000e+00
  3.06251140e+15  0.000e+00
  3.06251462e+15  7.833e-02
  3.28893348e+15  2.739e-03
  3.81908277e+15  1.801e-02
  3.96446929e+15  1.517e-01
  4.18587727e+15  5.322e-01
  4.37484510e+15  1.365e+00
  4.71427207e+15  4.789e+00
  5.09731873e+15  5.936e+00
  5.58687896e+15  5.743e+00
  5.83909286e+15  2.556e+00
  6.22833716e+15  1.196e+00
  6.84974860e+15  7.655e-01
  7.40630818e+15  9.333e-01
  9.20465608e+15  1.365e+00
  9.26739589e+15  1.837e+00
  9.62019309e+15  1.507e+00
  9.84746064e+16  1.438e-03
 16  145432.750    104.      20
  9.99999996e+11  0.000e+00
  2.84201073e+15  0.000e+00
  2.84201368e+15  6.683e-03
  2.90052563e+15  7.023e-03
  2.95020498e+15  1.420e-01
  3.27778106e+15  6.863e-02
  3.97795764e+15  7.454e-02
  4.46491513e+15  3.762e-01
  4.61917183e+15  1.265e-01
  4.96067810e+15  1.164e-01
  5.43711453e+15  3.522e-01
  6.35656717e+15  3.464e-01
  6.64352896e+15  1.299e+00
  6.91990152e+15  6.278e-01
  7.50761733e+15  4.741e-01
  8.34122646e+15  6.175e-01
  8.42665389e+15  1.557e+00
  8.77720537e+15  2.240e+00
  9.39416292e+15  2.277e+00
  9.17725505e+16  2.720e-03
 17  146787.016    125.      15
  9.99999996e+11  0.000e+00
  3.69154103e+15  0.000e+00
  3.69154479e+15  3.452e-03
  3.85819623e+15  4.019e-01
  4.33049365e+15  1.065e+00
  4.48010616e+15  4.483e+00
  4.86060697e+15  7.732e+00
  5.40030505e+15  6.035e+00
  5.66330039e+15  3.557e+00
  6.10269380e+15  1.664e+00
  6.87305416e+15  7.529e-01
  8.86709850e+15  3.762e-01
  9.01897176e+15  6.707e-01
  9.17344455e+15  6.707e-01
  9.47838723e+16  6.478e-04
 18  159160.562     60.      19
  9.99999996e+11  0.000e+00
  3.34526117e+15  0.000e+00
  3.34526466e+15  9.147e-03
  3.49628404e+15  4.394e-02
  3.60481088e+15  5.149e-01
  3.89771074e+15  6.819e-01
  3.96446929e+15  1.196e+00
  4.46491513e+15  2.315e+00
  4.61917183e+15  6.447e+00
  5.30936824e+15  3.117e+00
  5.47417473e+15  5.743e+00
  5.74076710e+15  1.930e+00
  6.02034263e+15  1.216e+00
  6.24952799e+15  1.807e+00
  6.44351771e+15  8.452e-01
  8.60014373e+15  2.704e-01
  8.68822331e+15  4.154e-01
  1.13236931e+16  2.369e-01
  9.23429479e+16  4.485e-04
 19  167215.062    144.      18
  9.99999996e+11  0.000e+00
  2.33383664e+15  0.000e+00
  2.33383906e+15  2.985e-01
  2.54931354e+15  2.489e-01
  2.78468204e+15  1.789e-01
  3.16832006e+15  1.975e-01
  3.50817922e+15  2.841e-01
  3.54410903e+15  8.736e-01
  3.84511403e+15  1.176e+00
  3.91097172e+15  2.167e+00
  5.45561349e+15  1.963e+00
  6.08200118e+15  1.664e+00
  6.64352896e+15  8.593e-01
  6.91990152e+15  5.322e-01
  8.34122646e+15  4.086e-01
  8.39808162e+15  6.819e-01
  1.14785879e+16  3.296e-01
  8.78634087e+16  8.426e-04
 20  181952.625    452.      16
  9.99999996e+11  0.000e+00
  1.87786614e+15  0.000e+00
  1.87786802e+15  1.086e-03
  2.54931354e+15  1.281e-03
  2.57542265e+15  6.215e-02
  4.38972984e+15  1.703e-01
  5.64409705e+15  2.330e-01
  5.76029954e+15  5.149e-01
  6.12345621e+15  2.449e-01
  6.35656717e+15  9.180e-01
  6.62100186e+15  8.314e-01
  6.84974860e+15  3.296e-01
  8.00808893e+15  4.512e-01
  8.31294249e+15  6.278e-01
  1.43629752e+16  1.731e-01
  8.35343565e+16  8.578e-04
 21  184361.953    137.      23
  9.99999996e+11  0.000e+00
  1.84624444e+15  0.000e+00
  1.84624632e+15  2.767e-02
  1.90355514e+15  9.646e-01
  2.10774554e+15  8.314e-01
  2.19542823e+15  1.065e+00
  2.27127749e+15  1.887e+01
  2.34177965e+15  2.015e+01
  2.40628308e+15  1.532e+00
  2.61065131e+15  3.522e-01
  2.80366311e+15  4.223e-01
  2.88088904e+15  2.393e+00
  2.96024205e+15  4.512e-01
  3.79322734e+15  4.086e-01
  3.89771074e+15  6.489e-01
  4.58790017e+15  7.285e-01
  5.30936824e+15  8.043e-01
  5.68256815e+15  8.260e+00
  5.99992919e+15  7.285e-01
  7.98093454e+15  2.937e-01
  9.20465608e+15  1.849e-01
  1.51651204e+16  7.212e-02
  8.40856671e+16  2.065e-03
 22  190305.062    139.      21
  9.99999996e+11  0.000e+00
  1.67875239e+15  0.000e+00
  1.67875414e+15  1.141e-03
  1.69019687e+15  1.703e-01
  1.76649938e+15  1.420e-01
  1.81515693e+15  1.880e-01
  2.43919810e+15  5.183e-02
  2.73779013e+15  5.269e-02
  2.85168300e+15  1.164e-01
  4.40466479e+15  1.703e-01
  4.76255394e+15  2.659e-01
  5.21996259e+15  3.464e-01
  5.32743234e+15  6.819e-01
  5.40030505e+15  3.677e+00
  5.56793440e+15  1.963e+00
  5.81929414e+15  3.762e-01
  7.23229436e+15  3.296e-01
  7.84654286e+15  4.154e-01
  7.95387248e+15  5.411e-01
  8.34122646e+15  5.411e-01
  7.52696025e+16  9.157e-04
   23  198935.124   863.0     150
  1.00000000E+12  0.00000000E+00
  7.29697188E+12  0.00000000E+00
  1.35939438E+13  0.00000000E+00
  2.61878875E+13  0.00000000E+00
  5.13757870E+13  0.00000000E+00
  1.05593353E+14  0.00000000E+00
  1.62439490E+14  0.00000000E+00
  2.53229154E+14  0.00000000E+00
  3.80746420E+14  0.00000000E+00
  5.26303960E+14  0.00000000E+00
  6.17569991E+14  0.00000000E+00
  7.37290569E+14  0.00000000E+00
  8.22012500E+14  0.00000000E+00
  8.87979812E+14  0.00000000E+00
  1.02572664E+15  0.00000000E+00
  1.16922992E+15  0.00000000E+00
  1.33075635E+15  5.26237491E-02
  1.46607100E+15  2.20778748E+00
  1.66147514E+15  2.64105362E+00
  1.81786621E+15  2.01638292E+00
  2.00717263E+15  1.49797506E+00
  2.10440727E+15  1.29977860E+00
  2.27734794E+15  1.02558249E+00
  2.40864112E+15  8.66847044E-01
  2.55603004E+15  7.25372189E-01
  2.70131851E+15  6.14513429E-01
  2.83823067E+15  5.29804564E-01
  2.95411095E+15  4.69870689E-01
  3.10859251E+15  4.03243497E-01
  3.28805000E+15  3.40756009E-01
  3.37593314E+15  3.14830828E-01
  3.51928678E+15  2.77903993E-01
  3.73738308E+15  2.32036292E-01
  3.95998844E+15  1.95063947E-01
  4.16925030E+15  1.67141716E-01
  4.42468808E+15  1.39833356E-01
  4.56199970E+15  1.27583057E-01
  4.81290210E+15  1.08651988E-01
  5.00342206E+15  9.67068739E-02
  5.19673984E+15  8.63109376E-02
  5.43236471E+15  7.55600095E-02
  5.62234685E+15  6.81562769E-02
  5.82509112E+15  6.12844922E-02
  6.00358520E+15  5.59792050E-02
  6.20625261E+15  5.06722765E-02
  6.42818299E+15  4.56030687E-02
  6.63699726E+15  4.14327583E-02
  6.72855536E+15  3.97642936E-02
  6.94853230E+15  3.61060118E-02
  7.09320190E+15  3.39415598E-02
  7.20597290E+15  3.23728465E-02
  7.35975680E+15  3.03856388E-02
  7.48916240E+15  2.88375936E-02
  7.67158728E+15  2.68289126E-02
  7.87611415E+15  2.47926390E-02
  8.02431682E+15  2.34441537E-02
  8.15950279E+15  2.22980906E-02
  8.27308545E+15  2.13922385E-02
  8.40050112E+15  2.04335196E-02
  8.52720330E+15  1.95361468E-02
  8.65798695E+15  1.86641399E-02
  8.80814609E+15  1.77257751E-02
  8.94035750E+15  1.69509524E-02
  9.07283000E+15  1.62192378E-02
  9.18526237E+15  1.56309028E-02
  9.31196455E+15  1.50015046E-02
  9.39908590E+15  1.45882066E-02
  9.52327510E+15  1.40248999E-02
  9.63161920E+15  1.35569143E-02
  9.76530880E+15  1.30077092E-02
  9.88642088E+15  1.25354947E-02
  1.00089371E+16  1.20807774E-02
  1.01688760E+16  1.15196665E-02
  1.03986475E+16  1.07727900E-02
  1.07692030E+16  9.69857818E-03
  1.10576910E+16  8.95912121E-03
  1.12778638E+16  8.44458332E-03
  1.15792130E+16  7.80228182E-03
  1.17658850E+16  7.43678051E-03
  1.19991190E+16  7.01149583E-03
  1.21531590E+16  6.74825091E-03
  1.23032820E+16  6.50422904E-03
  1.25735930E+16  6.09369294E-03
  1.27371360E+16  5.86196746E-03
  1.29800654E+16  5.53895861E-03
  1.30664770E+16  5.42979254E-03
  1.31782290E+16  5.29282593E-03
  1.33171310E+16  5.12892969E-03
  1.35983015E+16  4.81731187E-03
  1.37942449E+16  4.61492838E-03
  1.41578701E+16  4.26839882E-03
  1.45060550E+16  3.96835761E-03
  1.48103960E+16  3.72871122E-03
  1.50021861E+16  3.58752649E-03
  1.53244260E+16  3.36593800E-03
  1.56616670E+16  3.15315126E-03
  1.60005150E+16  2.95703781E-03
  1.62532080E+16  2.82124941E-03
  1.63349220E+16  2.77912171E-03
  1.65579990E+16  2.66830337E-03
  1.66557510E+16  2.62159803E-03
  1.67979064E+16  2.55560242E-03
  1.69396040E+16  2.49200553E-03
  1.71421930E+16  2.40469290E-03
  1.73517849E+16  2.31860248E-03
  1.75641798E+16  2.23550239E-03
  1.77086117E+16  2.18124885E-03
  1.81138480E+16  2.03810523E-03
  1.83666710E+16  1.95509300E-03
  1.86296788E+16  1.87345239E-03
  1.87273080E+16  1.84430482E-03
  1.89049400E+16  1.79280416E-03
  1.91154310E+16  1.73422913E-03
  1.93259220E+16  1.67817827E-03
  1.95364130E+16  1.62451707E-03
  1.97469040E+16  1.57311951E-03
  1.99573950E+16  1.52386748E-03
  2.01678860E+16  1.47665020E-03
  2.03783770E+16  1.43136365E-03
  2.05888730E+16  1.38790915E-03
  2.11221310E+16  1.28542152E-03
  2.12456890E+16  1.26312492E-03
  2.17995900E+16  1.16926725E-03
  2.25628980E+16  1.05456686E-03
  2.27744140E+16  1.02545623E-03
  2.31006350E+16  9.82623185E-04
  2.33448540E+16  9.52105941E-04
  2.36623950E+16  9.14287247E-04
  2.39185400E+16  8.85227225E-04
  2.44911075E+16  8.24581312E-04
  2.50636800E+16  7.69350518E-04
  2.56811605E+16  7.15179120E-04
  2.62986410E+16  6.65976403E-04
  2.69161215E+16  6.21185517E-04
  2.75336020E+16  5.80322849E-04
  2.75336070E+16  5.80322533E-04
  2.87019208E+16  5.12301794E-04
  2.98702346E+16  4.54509391E-04
  3.10385484E+16  4.05092829E-04
  3.22068621E+16  3.62588078E-04
  3.33751759E+16  3.25827752E-04
  3.45434897E+16  2.93873303E-04
  3.57118035E+16  2.65964340E-04
  3.68801173E+16  2.41480397E-04
  3.80484311E+16  2.19911783E-04
  3.92167449E+16  2.00837188E-04
  4.03850586E+16  1.83906301E-04
  4.15533724E+16  1.68826234E-04
  4.27216862E+16  1.55350839E-04
  4.38900000E+16  1.43272229E-04
   24  200457.721   743.0     150
  1.00000000E+12  0.00000000E+00
  7.29697188E+12  0.00000000E+00
  1.35939438E+13  0.00000000E+00
  2.61878875E+13  0.00000000E+00
  5.13757870E+13  0.00000000E+00
  1.05593353E+14  0.00000000E+00
  1.62439490E+14  0.00000000E+00
  2.53229154E+14  0.00000000E+00
  3.80746420E+14  0.00000000E+00
  5.26303960E+14  0.00000000E+00
  6.17569991E+14  0.00000000E+00
  7.37290569E+14  0.00000000E+00
  8.22012500E+14  0.00000000E+00
  8.87979812E+14  0.00000000E+00
  1.02572664E+15  0.00000000E+00
  1.16922992E+15  0.00000000E+00
  1.33075635E+15  1.09039108E+00
  1.46607100E+15  2.59196588E+00
  1.66147514E+15  2.17679616E+00
  1.81786621E+15  1.88980170E+00
  2.00717263E+15  1.40393761E+00
  2.10440727E+15  1.21818320E+00
  2.27734794E+15  9.61200133E-01
  2.40864112E+15  8.12429526E-01
  2.55603004E+15  6.79835950E-01
  2.70131851E+15  5.75936502E-01
  2.83823067E+15  4.96545352E-01
  2.95411095E+15  4.40373909E-01
  3.10859251E+15  3.77929331E-01
  3.28805000E+15  3.19364580E-01
  3.37593314E+15  2.95066888E-01
  3.51928678E+15  2.60458187E-01
  3.73738308E+15  2.17469894E-01
  3.95998844E+15  1.82818539E-01
  4.16925030E+15  1.56649164E-01
  4.42468808E+15  1.31055124E-01
  4.56199970E+15  1.19573855E-01
  4.81290210E+15  1.01831210E-01
  5.00342206E+15  9.06359665E-02
  5.19673984E+15  8.08926496E-02
  5.43236471E+15  7.08166257E-02
  5.62234685E+15  6.38776727E-02
  5.82509112E+15  5.74372737E-02
  6.00358520E+15  5.24650333E-02
  6.20625261E+15  4.74912545E-02
  6.42818299E+15  4.27402732E-02
  6.63699726E+15  3.88317598E-02
  6.72855536E+15  3.72680352E-02
  6.94853230E+15  3.38394071E-02
  7.09320190E+15  3.18108316E-02
  7.20597290E+15  3.03405964E-02
  7.35975680E+15  2.84781384E-02
  7.48916240E+15  2.70272739E-02
  7.67158728E+15  2.51446906E-02
  7.87611415E+15  2.32362469E-02
  8.02431682E+15  2.19724146E-02
  8.15950279E+15  2.08982972E-02
  8.27308545E+15  2.00493112E-02
  8.40050112E+15  1.91507773E-02
  8.52720330E+15  1.83097382E-02
  8.65798695E+15  1.74924728E-02
  8.80814609E+15  1.66130151E-02
  8.94035750E+15  1.58868330E-02
  9.07283000E+15  1.52010528E-02
  9.18526237E+15  1.46496514E-02
  9.31196455E+15  1.40597645E-02
  9.39908590E+15  1.36724118E-02
  9.52327510E+15  1.31444675E-02
  9.63161920E+15  1.27058603E-02
  9.76530880E+15  1.21911323E-02
  9.88642088E+15  1.17485617E-02
  1.00089371E+16  1.13223899E-02
  1.01688760E+16  1.07965036E-02
  1.03986475E+16  1.00965132E-02
  1.07692030E+16  9.08973657E-03
  1.10576910E+16  8.39670003E-03
  1.12778638E+16  7.91446297E-03
  1.15792130E+16  7.31248282E-03
  1.17658850E+16  6.96992636E-03
  1.19991190E+16  6.57133952E-03
  1.21531590E+16  6.32462016E-03
  1.23032820E+16  6.09591710E-03
  1.25735930E+16  5.71115297E-03
  1.27371360E+16  5.49397438E-03
  1.29800654E+16  5.19124284E-03
  1.30664770E+16  5.08892983E-03
  1.31782290E+16  4.96056149E-03
  1.33171310E+16  4.80695406E-03
  1.35983015E+16  4.51489848E-03
  1.37942449E+16  4.32521989E-03
  1.41578701E+16  4.00044420E-03
  1.45060550E+16  3.71923849E-03
  1.48103960E+16  3.49463623E-03
  1.50021861E+16  3.36231457E-03
  1.53244260E+16  3.15463661E-03
  1.56616670E+16  2.95520784E-03
  1.60005150E+16  2.77140569E-03
  1.62532080E+16  2.64414159E-03
  1.63349220E+16  2.60465851E-03
  1.65579990E+16  2.50079695E-03
  1.66557510E+16  2.45702360E-03
  1.67979064E+16  2.39517095E-03
  1.69396040E+16  2.33556644E-03
  1.71421930E+16  2.25373498E-03
  1.73517849E+16  2.17304901E-03
  1.75641798E+16  2.09516565E-03
  1.77086117E+16  2.04431795E-03
  1.81138480E+16  1.91016037E-03
  1.83666710E+16  1.83235935E-03
  1.86296788E+16  1.75584383E-03
  1.87273080E+16  1.72852605E-03
  1.89049400E+16  1.68025841E-03
  1.91154310E+16  1.62536051E-03
  1.93259220E+16  1.57282832E-03
  1.95364130E+16  1.52253577E-03
  1.97469040E+16  1.47436476E-03
  1.99573950E+16  1.42820460E-03
  2.01678860E+16  1.38395145E-03
  2.03783770E+16  1.34150782E-03
  2.05888730E+16  1.30078124E-03
  2.11221310E+16  1.20472741E-03
  2.12456890E+16  1.18383051E-03
  2.17995900E+16  1.09586488E-03
  2.25628980E+16  9.88364976E-04
  2.27744140E+16  9.61081802E-04
  2.31006350E+16  9.20937660E-04
  2.33448540E+16  8.92336178E-04
  2.36623950E+16  8.56891605E-04
  2.39185400E+16  8.29655865E-04
  2.44911075E+16  7.72817083E-04
  2.50636800E+16  7.21053478E-04
  2.56811605E+16  6.70282765E-04
  2.62986410E+16  6.24168817E-04
  2.69161215E+16  5.82189740E-04
  2.75336020E+16  5.43892282E-04
  2.75336070E+16  5.43891986E-04
  2.87019208E+16  4.80141342E-04
  2.98702346E+16  4.25976937E-04
  3.10385484E+16  3.79662568E-04
  3.22068621E+16  3.39826112E-04
  3.33751759E+16  3.05373465E-04
  3.45434897E+16  2.75425001E-04
  3.57118035E+16  2.49268062E-04
  3.68801173E+16  2.26321132E-04
  3.80484311E+16  2.06106518E-04
  3.92167449E+16  1.88229357E-04
  4.03850586E+16  1.72361329E-04
  4.15533724E+16  1.58227935E-04
  4.27216862E+16  1.45598476E-04
  4.38900000E+16  1.34278118E-04
   25  206883.559   731.0     150
  1.00000000E+12  0.00000000E+00
  7.29697188E+12  0.00000000E+00
  1.35939438E+13  0.00000000E+00
  2.61878875E+13  0.00000000E+00
  5.13757870E+13  0.00000000E+00
  1.05593353E+14  0.00000000E+00
  1.62439490E+14  0.00000000E+00
  2.53229154E+14  0.00000000E+00
  3.80746420E+14  0.00000000E+00
  5.26303960E+14  0.00000000E+00
  6.17569991E+14  0.00000000E+00
  7.37290569E+14  0.00000000E+00
  8.22012500E+14  0.00000000E+00
  8.87979812E+14  0.00000000E+00
  1.02572664E+15  0.00000000E+00
  1.16922992E+15  1.00971331E+00
  1.33075635E+15  3.27740835E+00
  1.46607100E+15  2.45110089E+00
  1.66147514E+15  1.68400996E+00
  1.81786621E+15  1.28570238E+00
  2.00717263E+15  9.55150965E-01
  2.10440727E+15  8.28775335E-01
  2.27734794E+15  6.53940195E-01
  2.40864112E+15  5.52726019E-01
  2.55603004E+15  4.62517678E-01
  2.70131851E+15  3.91831020E-01
  2.83823067E+15  3.37818268E-01
  2.95411095E+15  2.99602747E-01
  3.10859251E+15  2.57119378E-01
  3.28805000E+15  2.17275600E-01
  3.37593314E+15  2.00744977E-01
  3.51928678E+15  1.77199390E-01
  3.73738308E+15  1.47952856E-01
  3.95998844E+15  1.24378250E-01
  4.16925030E+15  1.06574252E-01
  4.42468808E+15  8.91616746E-02
  4.56199970E+15  8.13505401E-02
  4.81290210E+15  6.92795590E-02
  5.00342206E+15  6.16630186E-02
  5.19673984E+15  5.50342777E-02
  5.43236471E+15  4.81791840E-02
  5.62234685E+15  4.34583562E-02
  5.82509112E+15  3.90767132E-02
  6.00358520E+15  3.56939132E-02
  6.20625261E+15  3.23100665E-02
  6.42818299E+15  2.90777972E-02
  6.63699726E+15  2.64186902E-02
  6.72855536E+15  2.53548303E-02
  6.94853230E+15  2.30222071E-02
  7.09320190E+15  2.16420917E-02
  7.20597290E+15  2.06418360E-02
  7.35975680E+15  1.93747366E-02
  7.48916240E+15  1.83876595E-02
  7.67158728E+15  1.71068681E-02
  7.87611415E+15  1.58084828E-02
  8.02431682E+15  1.49486508E-02
  8.15950279E+15  1.42178888E-02
  8.27308545E+15  1.36402920E-02
  8.40050112E+15  1.30289859E-02
  8.52720330E+15  1.24567958E-02
  8.65798695E+15  1.19007797E-02
  8.80814609E+15  1.13024520E-02
  8.94035750E+15  1.08084033E-02
  9.07283000E+15  1.03418415E-02
  9.18526237E+15  9.96670260E-03
  9.31196455E+15  9.56538062E-03
  9.39908590E+15  9.30185021E-03
  9.52327510E+15  8.94267006E-03
  9.63161920E+15  8.64426926E-03
  9.76530880E+15  8.29408065E-03
  9.88642088E+15  7.99298343E-03
  1.00089371E+16  7.70304292E-03
  1.01688760E+16  7.34526288E-03
  1.03986475E+16  6.86903340E-03
  1.07692030E+16  6.18408581E-03
  1.10576910E+16  5.71258728E-03
  1.12778638E+16  5.38450347E-03
  1.15792130E+16  4.97495400E-03
  1.17658850E+16  4.74190010E-03
  1.19991190E+16  4.47072665E-03
  1.21531590E+16  4.30287429E-03
  1.23032820E+16  4.14727909E-03
  1.25735930E+16  3.88550975E-03
  1.27371360E+16  3.73775507E-03
  1.29800654E+16  3.53179556E-03
  1.30664770E+16  3.46218821E-03
  1.31782290E+16  3.37485445E-03
  1.33171310E+16  3.27034961E-03
  1.35983015E+16  3.07165333E-03
  1.37942449E+16  2.94260793E-03
  1.41578701E+16  2.72165096E-03
  1.45060550E+16  2.53033626E-03
  1.48103960E+16  2.37753098E-03
  1.50021861E+16  2.28750763E-03
  1.53244260E+16  2.14621660E-03
  1.56616670E+16  2.01053779E-03
  1.60005150E+16  1.88549035E-03
  1.62532080E+16  1.79890785E-03
  1.63349220E+16  1.77204605E-03
  1.65579990E+16  1.70138516E-03
  1.66557510E+16  1.67160453E-03
  1.67979064E+16  1.62952387E-03
  1.69396040E+16  1.58897271E-03
  1.71421930E+16  1.53329972E-03
  1.73517849E+16  1.47840605E-03
  1.75641798E+16  1.42541910E-03
  1.77086117E+16  1.39082552E-03
  1.81138480E+16  1.29955313E-03
  1.83666710E+16  1.24662220E-03
  1.86296788E+16  1.19456585E-03
  1.87273080E+16  1.17598055E-03
  1.89049400E+16  1.14314228E-03
  1.91154310E+16  1.10579320E-03
  1.93259220E+16  1.07005360E-03
  1.95364130E+16  1.03583770E-03
  1.97469040E+16  1.00306518E-03
  1.99573950E+16  9.71660703E-04
  2.01678860E+16  9.41553635E-04
  2.03783770E+16  9.12677661E-04
  2.05888730E+16  8.84969847E-04
  2.11221310E+16  8.19620859E-04
  2.12456890E+16  8.05403918E-04
  2.17995900E+16  7.45557633E-04
  2.25628980E+16  6.72421448E-04
  2.27744140E+16  6.53859690E-04
  2.31006350E+16  6.26548138E-04
  2.33448540E+16  6.07089486E-04
  2.36623950E+16  5.82975224E-04
  2.39185400E+16  5.64445738E-04
  2.44911075E+16  5.25776201E-04
  2.50636800E+16  4.90559496E-04
  2.56811605E+16  4.56018291E-04
  2.62986410E+16  4.24645257E-04
  2.69161215E+16  3.96085330E-04
  2.75336020E+16  3.70030146E-04
  2.75336070E+16  3.70029944E-04
  2.87019208E+16  3.26658010E-04
  2.98702346E+16  2.89807952E-04
  3.10385484E+16  2.58298564E-04
  3.22068621E+16  2.31196341E-04
  3.33751759E+16  2.07756925E-04
  3.45434897E+16  1.87381870E-04
  3.57118035E+16  1.69586332E-04
  3.68801173E+16  1.53974682E-04
  3.80484311E+16  1.40221929E-04
  3.92167449E+16  1.28059431E-04
  4.03850586E+16  1.17263822E-04
  4.15533724E+16  1.07648348E-04
  4.27216862E+16  9.90560579E-05
  4.38900000E+16  9.13543970E-05
   26  220126.192  3262.0     150
  1.00000000E+12  0.00000000E+00
  7.29697188E+12  0.00000000E+00
  1.35939438E+13  0.00000000E+00
  2.61878875E+13  0.00000000E+00
  5.13757870E+13  0.00000000E+00
  1.05593353E+14  0.00000000E+00
  1.62439490E+14  0.00000000E+00
  2.53229154E+14  0.00000000E+00
  3.80746420E+14  0.00000000E+00
  5.26303960E+14  0.00000000E+00
  6.17569991E+14  6.32757409E-01
  7.37290569E+14  1.40696922E+00
  8.22012500E+14  1.66805653E+00
  8.87979812E+14  2.22577535E+00
  1.02572664E+15  2.58899919E+00
  1.16922992E+15  1.86105084E+00
  1.33075635E+15  1.26229935E+00
  1.46607100E+15  9.44045636E-01
  1.66147514E+15  6.48599271E-01
  1.81786621E+15  4.95190435E-01
  2.00717263E+15  3.67878003E-01
  2.10440727E+15  3.19204216E-01
  2.27734794E+15  2.51866167E-01
  2.40864112E+15  2.12883357E-01
  2.55603004E+15  1.78139463E-01
  2.70131851E+15  1.50914377E-01
  2.83823067E+15  1.30111275E-01
  2.95411095E+15  1.15392502E-01
  3.10859251E+15  9.90299614E-02
  3.28805000E+15  8.36840633E-02
  3.37593314E+15  7.73172659E-02
  3.51928678E+15  6.82486436E-02
  3.73738308E+15  5.69842916E-02
  3.95998844E+15  4.79044926E-02
  4.16925030E+15  4.10472525E-02
  4.42468808E+15  3.43407691E-02
  4.56199970E+15  3.13322975E-02
  4.81290210E+15  2.66831388E-02
  5.00342206E+15  2.37496154E-02
  5.19673984E+15  2.11965447E-02
  5.43236471E+15  1.85562938E-02
  5.62234685E+15  1.67380591E-02
  5.82509112E+15  1.50504619E-02
  6.00358520E+15  1.37475708E-02
  6.20625261E+15  1.24442765E-02
  6.42818299E+15  1.11993626E-02
  6.63699726E+15  1.01752030E-02
  6.72855536E+15  9.76545558E-03
  6.94853230E+15  8.86704182E-03
  7.09320190E+15  8.33548806E-03
  7.20597290E+15  7.95023791E-03
  7.35975680E+15  7.46221243E-03
  7.48916240E+15  7.08203802E-03
  7.67158728E+15  6.58873905E-03
  7.87611415E+15  6.08866379E-03
  8.02431682E+15  5.75749801E-03
  8.15950279E+15  5.47604380E-03
  8.27308545E+15  5.25358143E-03
  8.40050112E+15  5.01813588E-03
  8.52720330E+15  4.79775589E-03
  8.65798695E+15  4.58360535E-03
  8.80814609E+15  4.35315841E-03
  8.94035750E+15  4.16287473E-03
  9.07283000E+15  3.98317767E-03
  9.18526237E+15  3.83869229E-03
  9.31196455E+15  3.68412245E-03
  9.39908590E+15  3.58262327E-03
  9.52327510E+15  3.44428443E-03
  9.63161920E+15  3.32935486E-03
  9.76530880E+15  3.19447913E-03
  9.88642088E+15  3.07851103E-03
  1.00089371E+16  2.96683995E-03
  1.01688760E+16  2.82904036E-03
  1.03986475E+16  2.64561978E-03
  1.07692030E+16  2.38181106E-03
  1.10576910E+16  2.20021261E-03
  1.12778638E+16  2.07385058E-03
  1.15792130E+16  1.91611191E-03
  1.17658850E+16  1.82635081E-03
  1.19991190E+16  1.72190790E-03
  1.21531590E+16  1.65725928E-03
  1.23032820E+16  1.59733153E-03
  1.25735930E+16  1.49651062E-03
  1.27371360E+16  1.43960266E-03
  1.29800654E+16  1.36027701E-03
  1.30664770E+16  1.33346762E-03
  1.31782290E+16  1.29983087E-03
  1.33171310E+16  1.25958066E-03
  1.35983015E+16  1.18305245E-03
  1.37942449E+16  1.13335040E-03
  1.41578701E+16  1.04824845E-03
  1.45060550E+16  9.74563270E-04
  1.48103960E+16  9.15710062E-04
  1.50021861E+16  8.81037417E-04
  1.53244260E+16  8.26618936E-04
  1.56616670E+16  7.74362016E-04
  1.60005150E+16  7.26199783E-04
  1.62532080E+16  6.92852389E-04
  1.63349220E+16  6.82506518E-04
  1.65579990E+16  6.55291361E-04
  1.66557510E+16  6.43821299E-04
  1.67979064E+16  6.27613863E-04
  1.69396040E+16  6.11995513E-04
  1.71421930E+16  5.90552969E-04
  1.73517849E+16  5.69410580E-04
  1.75641798E+16  5.49002568E-04
  1.77086117E+16  5.35678793E-04
  1.81138480E+16  5.00525077E-04
  1.83666710E+16  4.80138641E-04
  1.86296788E+16  4.60089050E-04
  1.87273080E+16  4.52930888E-04
  1.89049400E+16  4.40283174E-04
  1.91154310E+16  4.25898112E-04
  1.93259220E+16  4.12132944E-04
  1.95364130E+16  3.98954636E-04
  1.97469040E+16  3.86332242E-04
  1.99573950E+16  3.74236756E-04
  2.01678860E+16  3.62640968E-04
  2.03783770E+16  3.51519338E-04
  2.05888730E+16  3.40847627E-04
  2.11221310E+16  3.15678354E-04
  2.12456890E+16  3.10202675E-04
  2.17995900E+16  2.87152778E-04
  2.25628980E+16  2.58984253E-04
  2.27744140E+16  2.51835161E-04
  2.31006350E+16  2.41316070E-04
  2.33448540E+16  2.33821538E-04
  2.36623950E+16  2.24533889E-04
  2.39185400E+16  2.17397226E-04
  2.44911075E+16  2.02503589E-04
  2.50636800E+16  1.88939816E-04
  2.56811605E+16  1.75636213E-04
  2.62986410E+16  1.63552836E-04
  2.69161215E+16  1.52552932E-04
  2.75336020E+16  1.42517734E-04
  2.75336070E+16  1.42517656E-04
  2.87019208E+16  1.25812883E-04
  2.98702346E+16  1.11620021E-04
  3.10385484E+16  9.94841268E-05
  3.22068621E+16  8.90456600E-05
  3.33751759E+16  8.00179294E-05
  3.45434897E+16  7.21704429E-05
  3.57118035E+16  6.53164615E-05
  3.68801173E+16  5.93036082E-05
  3.80484311E+16  5.40067120E-05
  3.92167449E+16  4.93223055E-05
  4.03850586E+16  4.51643585E-05
  4.15533724E+16  4.14609425E-05
  4.27216862E+16  3.81516075E-05
  4.38900000E+16  3.51852998E-05
   27  222190.614  1281.0     150
  1.00000000E+12  0.00000000E+00
  7.29697188E+12  0.00000000E+00
  1.35939438E+13  0.00000000E+00
  2.61878875E+13  0.00000000E+00
  5.13757870E+13  0.00000000E+00
  1.05593353E+14  0.00000000E+00
  1.62439490E+14  0.00000000E+00
  2.53229154E+14  0.00000000E+00
  3.80746420E+14  0.00000000E+00
  5.26303960E+14  0.00000000E+00
  6.17569991E+14  6.14840362E-01
  7.37290569E+14  2.60195505E+00
  8.22012500E+14  2.42976032E+00
  8.87979812E+14  2.33711139E+00
  1.02572664E+15  1.76973519E+00
  1.16922992E+15  1.55631344E+00
  1.33075635E+15  1.05560439E+00
  1.46607100E+15  7.89463071E-01
  1.66147514E+15  5.42394512E-01
  1.81786621E+15  4.14105575E-01
  2.00717263E+15  3.07639892E-01
  2.10440727E+15  2.66936184E-01
  2.27734794E+15  2.10624391E-01
  2.40864112E+15  1.78024814E-01
  2.55603004E+15  1.48970052E-01
  2.70131851E+15  1.26202932E-01
  2.83823067E+15  1.08806230E-01
  2.95411095E+15  9.64975799E-02
  3.10859251E+15  8.28143200E-02
  3.28805000E+15  6.99812329E-02
  3.37593314E+15  6.46569655E-02
  3.51928678E+15  5.70732829E-02
  3.73738308E+15  4.76534100E-02
  3.95998844E+15  4.00603809E-02
  4.16925030E+15  3.43259782E-02
  4.42468808E+15  2.87176467E-02
  4.56199970E+15  2.62017966E-02
  4.81290210E+15  2.23139135E-02
  5.00342206E+15  1.98607394E-02
  5.19673984E+15  1.77257207E-02
  5.43236471E+15  1.55177972E-02
  5.62234685E+15  1.39972889E-02
  5.82509112E+15  1.25860270E-02
  6.00358520E+15  1.14964775E-02
  6.20625261E+15  1.04065909E-02
  6.42818299E+15  9.36552516E-03
  6.63699726E+15  8.50906642E-03
  6.72855536E+15  8.16641299E-03
  6.94853230E+15  7.41510981E-03
  7.09320190E+15  6.97059521E-03
  7.20597290E+15  6.64842778E-03
  7.35975680E+15  6.24031393E-03
  7.48916240E+15  5.92239111E-03
  7.67158728E+15  5.50986728E-03
  7.87611415E+15  5.09167674E-03
  8.02431682E+15  4.81473764E-03
  8.15950279E+15  4.57937009E-03
  8.27308545E+15  4.39333478E-03
  8.40050112E+15  4.19644221E-03
  8.52720330E+15  4.01214830E-03
  8.65798695E+15  3.83306380E-03
  8.80814609E+15  3.64035135E-03
  8.94035750E+15  3.48122563E-03
  9.07283000E+15  3.33095303E-03
  9.18526237E+15  3.21012638E-03
  9.31196455E+15  3.08086655E-03
  9.39908590E+15  2.99598733E-03
  9.52327510E+15  2.88030076E-03
  9.63161920E+15  2.78419031E-03
  9.76530880E+15  2.67139978E-03
  9.88642088E+15  2.57442085E-03
  1.00089371E+16  2.48103533E-03
  1.01688760E+16  2.36579971E-03
  1.03986475E+16  2.21241329E-03
  1.07692030E+16  1.99180188E-03
  1.10576910E+16  1.83993923E-03
  1.12778638E+16  1.73426833E-03
  1.15792130E+16  1.60235854E-03
  1.17658850E+16  1.52729536E-03
  1.19991190E+16  1.43995443E-03
  1.21531590E+16  1.38589169E-03
  1.23032820E+16  1.33577679E-03
  1.25735930E+16  1.25146479E-03
  1.27371360E+16  1.20387521E-03
  1.29800654E+16  1.13753872E-03
  1.30664770E+16  1.11511923E-03
  1.31782290E+16  1.08699033E-03
  1.33171310E+16  1.05333087E-03
  1.35983015E+16  9.89333763E-04
  1.37942449E+16  9.47770163E-04
  1.41578701E+16  8.76603215E-04
  1.45060550E+16  8.14983600E-04
  1.48103960E+16  7.65767299E-04
  1.50021861E+16  7.36772120E-04
  1.53244260E+16  6.91264382E-04
  1.56616670E+16  6.47564260E-04
  1.60005150E+16  6.07288343E-04
  1.62532080E+16  5.79401412E-04
  1.63349220E+16  5.70749624E-04
  1.65579990E+16  5.47990807E-04
  1.66557510E+16  5.38398908E-04
  1.67979064E+16  5.24845355E-04
  1.69396040E+16  5.11784429E-04
  1.71421930E+16  4.93852990E-04
  1.73517849E+16  4.76172558E-04
  1.75641798E+16  4.59106251E-04
  1.77086117E+16  4.47964175E-04
  1.81138480E+16  4.18566698E-04
  1.83666710E+16  4.01518434E-04
  1.86296788E+16  3.84751859E-04
  1.87273080E+16  3.78765810E-04
  1.89049400E+16  3.68189093E-04
  1.91154310E+16  3.56159510E-04
  1.93259220E+16  3.44648317E-04
  1.95364130E+16  3.33627888E-04
  1.97469040E+16  3.23072345E-04
  1.99573950E+16  3.12957432E-04
  2.01678860E+16  3.03260394E-04
  2.03783770E+16  2.93959873E-04
  2.05888730E+16  2.85035600E-04
  2.11221310E+16  2.63987664E-04
  2.12456890E+16  2.59408600E-04
  2.17995900E+16  2.40133003E-04
  2.25628980E+16  2.16576928E-04
  2.27744140E+16  2.10598462E-04
  2.31006350E+16  2.01801818E-04
  2.33448540E+16  1.95534476E-04
  2.36623950E+16  1.87767632E-04
  2.39185400E+16  1.81799561E-04
  2.44911075E+16  1.69344679E-04
  2.50636800E+16  1.58001903E-04
  2.56811605E+16  1.46876696E-04
  2.62986410E+16  1.36771909E-04
  2.69161215E+16  1.27573182E-04
  2.75336020E+16  1.19181196E-04
  2.75336070E+16  1.19181131E-04
  2.87019208E+16  1.05211677E-04
  2.98702346E+16  9.33428223E-05
  3.10385484E+16  8.31941181E-05
  3.22068621E+16  7.44648960E-05
  3.33751759E+16  6.69154093E-05
  3.45434897E+16  6.03529080E-05
  3.57118035E+16  5.46212304E-05
  3.68801173E+16  4.95929506E-05
  3.80484311E+16  4.51633936E-05
  3.92167449E+16  4.12460344E-05
  4.03850586E+16  3.77689296E-05
  4.15533724E+16  3.46719287E-05
  4.27216862E+16  3.19044801E-05
  4.38900000E+16  2.94238899E-05
   28  238353.803  4567.0     150
  1.00000000E+12  0.00000000E+00
  7.29697188E+12  1.30140688E-01
  1.35939438E+13  3.20650149E-01
  2.61878875E+13  5.06600381E-01
  5.13757870E+13  1.46304056E+00
  1.05593353E+14  4.40251186E-01
  1.62439490E+14  8.64046644E-01
  2.53229154E+14  1.65255390E+00
  3.80746420E+14  1.55297135E+00
  5.26303960E+14  1.80443596E+00
  6.17569991E+14  1.22920622E+00
  7.37290569E+14  7.22382586E-01
  8.22012500E+14  5.21252366E-01
  8.87979812E+14  4.13498585E-01
  1.02572664E+15  2.68280063E-01
  1.16922992E+15  1.81127146E-01
  1.33075635E+15  1.22853537E-01
  1.46607100E+15  9.18794306E-02
  1.66147514E+15  6.31250539E-02
  1.81786621E+15  4.81945082E-02
  2.00717263E+15  3.58038003E-02
  2.10440727E+15  3.10666142E-02
  2.27734794E+15  2.45129251E-02
  2.40864112E+15  2.07189153E-02
  2.55603004E+15  1.73374589E-02
  2.70131851E+15  1.46877720E-02
  2.83823067E+15  1.26631059E-02
  2.95411095E+15  1.12305984E-02
  3.10859251E+15  9.63811082E-03
  3.28805000E+15  8.14456822E-03
  3.37593314E+15  7.52491838E-03
  3.51928678E+15  6.64231290E-03
  3.73738308E+15  5.54600758E-03
  3.95998844E+15  4.66231433E-03
  4.16925030E+15  3.99493206E-03
  4.42468808E+15  3.34222223E-03
  4.56199970E+15  3.04942213E-03
  4.81290210E+15  2.59694183E-03
  5.00342206E+15  2.31143608E-03
  5.19673984E+15  2.06295796E-03
  5.43236471E+15  1.80599501E-03
  5.62234685E+15  1.62903495E-03
  5.82509112E+15  1.46478922E-03
  6.00358520E+15  1.33798508E-03
  6.20625261E+15  1.21114170E-03
  6.42818299E+15  1.08998020E-03
  6.63699726E+15  9.90303672E-04
  6.72855536E+15  9.50424919E-04
  6.94853230E+15  8.62986620E-04
  7.09320190E+15  8.11253044E-04
  7.20597290E+15  7.73758496E-04
  7.35975680E+15  7.26261319E-04
  7.48916240E+15  6.89260768E-04
  7.67158728E+15  6.41250347E-04
  7.87611415E+15  5.92580422E-04
  8.02431682E+15  5.60349646E-04
  8.15950279E+15  5.32957059E-04
  8.27308545E+15  5.11305865E-04
  8.40050112E+15  4.88391079E-04
  8.52720330E+15  4.66942552E-04
  8.65798695E+15  4.46100309E-04
  8.80814609E+15  4.23672014E-04
  8.94035750E+15  4.05152617E-04
  9.07283000E+15  3.87663564E-04
  9.18526237E+15  3.73601496E-04
  9.31196455E+15  3.58557955E-04
  9.39908590E+15  3.48679527E-04
  9.52327510E+15  3.35215672E-04
  9.63161920E+15  3.24030128E-04
  9.76530880E+15  3.10903321E-04
  9.88642088E+15  2.99616702E-04
  1.00089371E+16  2.88748292E-04
  1.01688760E+16  2.75336920E-04
  1.03986475E+16  2.57485475E-04
  1.07692030E+16  2.31810239E-04
  1.10576910E+16  2.14136133E-04
  1.12778638E+16  2.01837923E-04
  1.15792130E+16  1.86485975E-04
  1.17658850E+16  1.77749958E-04
  1.19991190E+16  1.67585031E-04
  1.21531590E+16  1.61293091E-04
  1.23032820E+16  1.55460611E-04
  1.25735930E+16  1.45648196E-04
  1.27371360E+16  1.40109617E-04
  1.29800654E+16  1.32389232E-04
  1.30664770E+16  1.29780003E-04
  1.31782290E+16  1.26506300E-04
  1.33171310E+16  1.22588940E-04
  1.35983015E+16  1.15140817E-04
  1.37942449E+16  1.10303555E-04
  1.41578701E+16  1.02020990E-04
  1.45060550E+16  9.48495654E-05
  1.48103960E+16  8.91216651E-05
  1.50021861E+16  8.57471430E-05
  1.53244260E+16  8.04508534E-05
  1.56616670E+16  7.53649382E-05
  1.60005150E+16  7.06775393E-05
  1.62532080E+16  6.74319975E-05
  1.63349220E+16  6.64250835E-05
  1.65579990E+16  6.37763629E-05
  1.66557510E+16  6.26600368E-05
  1.67979064E+16  6.10826448E-05
  1.69396040E+16  5.95625858E-05
  1.71421930E+16  5.74756860E-05
  1.73517849E+16  5.54179987E-05
  1.75641798E+16  5.34317848E-05
  1.77086117E+16  5.21350457E-05
  1.81138480E+16  4.87137033E-05
  1.83666710E+16  4.67295894E-05
  1.86296788E+16  4.47782589E-05
  1.87273080E+16  4.40815894E-05
  1.89049400E+16  4.28506480E-05
  1.91154310E+16  4.14506190E-05
  1.93259220E+16  4.01109213E-05
  1.95364130E+16  3.88283398E-05
  1.97469040E+16  3.75998628E-05
  1.99573950E+16  3.64226672E-05
  2.01678860E+16  3.52941048E-05
  2.03783770E+16  3.42116899E-05
  2.05888730E+16  3.31730635E-05
  2.11221310E+16  3.07234590E-05
  2.12456890E+16  3.01905375E-05
  2.17995900E+16  2.79472016E-05
  2.25628980E+16  2.52056943E-05
  2.27744140E+16  2.45099074E-05
  2.31006350E+16  2.34861348E-05
  2.33448540E+16  2.27567280E-05
  2.36623950E+16  2.18528057E-05
  2.39185400E+16  2.11582286E-05
  2.44911075E+16  1.97087023E-05
  2.50636800E+16  1.83886054E-05
  2.56811605E+16  1.70938296E-05
  2.62986410E+16  1.59178125E-05
  2.69161215E+16  1.48472446E-05
  2.75336020E+16  1.38705670E-05
  2.75336070E+16  1.38705594E-05
  2.87019208E+16  1.22447640E-05
  2.98702346E+16  1.08634408E-05
  3.10385484E+16  9.68231255E-06
  3.22068621E+16  8.66638669E-06
  3.33751759E+16  7.78776099E-06
  3.45434897E+16  7.02400281E-06
  3.57118035E+16  6.35693769E-06
  3.68801173E+16  5.77173554E-06
  3.80484311E+16  5.25621406E-06
  3.92167449E+16  4.80030326E-06
  4.03850586E+16  4.39563024E-06
  4.15533724E+16  4.03519453E-06
  4.27216862E+16  3.71311284E-06
  4.38900000E+16  3.42441635E-06
   29  240295.408  3547.0     150
  1.00000000E+12  0.00000000E+00
  7.29697188E+12  1.71094390E-01
  1.35939438E+13  1.08772434E-01
  2.61878875E+13  1.58000099E+00
  5.13757870E+13  7.85042044E-01
  1.05593353E+14  5.79516362E-01
  1.62439490E+14  1.90078409E+00
  2.53229154E+14  2.03206368E+00
  3.80746420E+14  1.14383980E+00
  5.26303960E+14  1.09684631E+00
  6.17569991E+14  8.12363615E-01
  7.37290569E+14  4.77411616E-01
  8.22012500E+14  3.44487726E-01
  8.87979812E+14  2.73274898E-01
  1.02572664E+15  1.77302195E-01
  1.16922992E+15  1.19704164E-01
  1.33075635E+15  8.11920255E-02
  1.46607100E+15  6.07217121E-02
  1.66147514E+15  4.17183838E-02
  1.81786621E+15  3.18510142E-02
  2.00717263E+15  2.36621846E-02
  2.10440727E+15  2.05314507E-02
  2.27734794E+15  1.62002178E-02
  2.40864112E+15  1.36928146E-02
  2.55603004E+15  1.14580617E-02
  2.70131851E+15  9.70692411E-03
  2.83823067E+15  8.36885323E-03
  2.95411095E+15  7.42213091E-03
  3.10859251E+15  6.36968020E-03
  3.28805000E+15  5.38262071E-03
  3.37593314E+15  4.97310360E-03
  3.51928678E+15  4.38980312E-03
  3.73738308E+15  3.66527169E-03
  3.95998844E+15  3.08125232E-03
  4.16925030E+15  2.64018957E-03
  4.42468808E+15  2.20882361E-03
  4.56199970E+15  2.01531650E-03
  4.81290210E+15  1.71627918E-03
  5.00342206E+15  1.52759279E-03
  5.19673984E+15  1.36337740E-03
  5.43236471E+15  1.19355451E-03
  5.62234685E+15  1.07660431E-03
  5.82509112E+15  9.68056817E-04
  6.00358520E+15  8.84253897E-04
  6.20625261E+15  8.00425050E-04
  6.42818299E+15  7.20351266E-04
  6.63699726E+15  6.54476568E-04
  6.72855536E+15  6.28121310E-04
  6.94853230E+15  5.70334674E-04
  7.09320190E+15  5.36144743E-04
  7.20597290E+15  5.11365170E-04
  7.35975680E+15  4.79975011E-04
  7.48916240E+15  4.55521912E-04
  7.67158728E+15  4.23792558E-04
  7.87611415E+15  3.91627348E-04
  8.02431682E+15  3.70326521E-04
  8.15950279E+15  3.52223178E-04
  8.27308545E+15  3.37914235E-04
  8.40050112E+15  3.22770203E-04
  8.52720330E+15  3.08595199E-04
  8.65798695E+15  2.94820879E-04
  8.80814609E+15  2.79998362E-04
  8.94035750E+15  2.67759175E-04
  9.07283000E+15  2.56200927E-04
  9.18526237E+15  2.46907521E-04
  9.31196455E+15  2.36965475E-04
  9.39908590E+15  2.30436973E-04
  9.52327510E+15  2.21538917E-04
  9.63161920E+15  2.14146562E-04
  9.76530880E+15  2.05471255E-04
  9.88642088E+15  1.98012101E-04
  1.00089371E+16  1.90829335E-04
  1.01688760E+16  1.81965964E-04
  1.03986475E+16  1.70168217E-04
  1.07692030E+16  1.53199845E-04
  1.10576910E+16  1.41519299E-04
  1.12778638E+16  1.33391600E-04
  1.15792130E+16  1.23245732E-04
  1.17658850E+16  1.17472232E-04
  1.19991190E+16  1.10754387E-04
  1.21531590E+16  1.06596140E-04
  1.23032820E+16  1.02741543E-04
  1.25735930E+16  9.62566676E-05
  1.27371360E+16  9.25963056E-05
  1.29800654E+16  8.74940209E-05
  1.30664770E+16  8.57696213E-05
  1.31782290E+16  8.36060811E-05
  1.33171310E+16  8.10171575E-05
  1.35983015E+16  7.60948069E-05
  1.37942449E+16  7.28979342E-05
  1.41578701E+16  6.74241139E-05
  1.45060550E+16  6.26846288E-05
  1.48103960E+16  5.88991470E-05
  1.50021861E+16  5.66689769E-05
  1.53244260E+16  5.31687400E-05
  1.56616670E+16  4.98075363E-05
  1.60005150E+16  4.67097060E-05
  1.62532080E+16  4.45647770E-05
  1.63349220E+16  4.38993230E-05
  1.65579990E+16  4.21488240E-05
  1.66557510E+16  4.14110611E-05
  1.67979064E+16  4.03685868E-05
  1.69396040E+16  3.93640031E-05
  1.71421930E+16  3.79848028E-05
  1.73517849E+16  3.66249088E-05
  1.75641798E+16  3.53122504E-05
  1.77086117E+16  3.44552553E-05
  1.81138480E+16  3.21941424E-05
  1.83666710E+16  3.08828717E-05
  1.86296788E+16  2.95932672E-05
  1.87273080E+16  2.91328490E-05
  1.89049400E+16  2.83193387E-05
  1.91154310E+16  2.73940809E-05
  1.93259220E+16  2.65086951E-05
  1.95364130E+16  2.56610566E-05
  1.97469040E+16  2.48491749E-05
  1.99573950E+16  2.40711843E-05
  2.01678860E+16  2.33253347E-05
  2.03783770E+16  2.26099832E-05
  2.05888730E+16  2.19235709E-05
  2.11221310E+16  2.03046647E-05
  2.12456890E+16  1.99524650E-05
  2.17995900E+16  1.84698786E-05
  2.25628980E+16  1.66580583E-05
  2.27744140E+16  1.61982234E-05
  2.31006350E+16  1.55216277E-05
  2.33448540E+16  1.50395739E-05
  2.36623950E+16  1.44421855E-05
  2.39185400E+16  1.39831500E-05
  2.44911075E+16  1.30251803E-05
  2.50636800E+16  1.21527484E-05
  2.56811605E+16  1.12970508E-05
  2.62986410E+16  1.05198391E-05
  2.69161215E+16  9.81231716E-06
  2.75336020E+16  9.16684581E-06
  2.75336070E+16  9.16684082E-06
  2.87019208E+16  8.09237747E-06
  2.98702346E+16  7.17948210E-06
  3.10385484E+16  6.39889245E-06
  3.22068621E+16  5.72748257E-06
  3.33751759E+16  5.14681227E-06
  3.45434897E+16  4.64205615E-06
  3.57118035E+16  4.20120301E-06
  3.68801173E+16  3.81445184E-06
  3.80484311E+16  3.47375157E-06
  3.92167449E+16  3.17244709E-06
  4.03850586E+16  2.90500487E-06
  4.15533724E+16  2.66679842E-06
  4.27216862E+16  2.45393955E-06
  4.38900000E+16  2.26314445E-06
