****** Levels
 1.32508285E+16     6.   2  ' even   1 '  0  0.     0
 1.22089667E+16    68.   2  ' even   2 '  0  0.     -102
 1.17434237E+16    78.   2  ' even   3 '  0  0.     -102
 1.15035206E+16    56.   2  ' even   4 '  0  0.     -102
 1.08596488E+16    28.   2  ' even   5 '  0  0.     -102
 1.00969930E+16    16.   2  ' even   6 '  0  0.     -102
 9.39908495E+15    30.   2  ' even   7 '  0  0.     -102
 9.10172428E+15    20.   2  ' even   8 '  0  0.     -102
 8.52720383E+15   162.   2  ' even   9 '  0  0.     -102
 8.23004778E+15    94.   3  ' even  10 '  0  0.     -102
 7.83635575E+15    24.   3  ' even  11 '  0  0.     -102
 7.48941388E+15   130.   3  '  odd   1 '  0  0.     -103
 7.42345886E+15    78.   3  ' even  12 '  0  0.     -102
 7.18450109E+15    20.   3  '  odd   2 '  0  0.     -103
 6.68612617E+15   522.   3  '  odd   3 '  0  0.     -103
 6.43895084E+15    12.   3  ' even  13 '  0  0.     -102
 6.35615196E+15   246.   3  '  odd   4 '  0  0.     -103
 6.00624544E+15    62.   3  '  odd   5 '  0  0.     -103
 5.69667266E+15   130.   3  '  odd   6 '  0  0.     -103
 5.39900942E+15   114.   3  '  odd   7 '  0  0.     -103
 4.97196417E+15   244.   3  ' even  14 '  0  0.     -102
 4.67532803E+15    30.   3  '  odd   8 '  0  0.     -103
 4.03476867E+15  1562.   4  ' even  15 '  0  0.     -102
 3.84046084E+15   156.   4  '  odd   9 '  0  0.     -103
 3.12230311E+15  1072.   4  '  odd  10 '  0  0.  -103
 3.00667705E+15  1052.   4  ' even  16 '  0  0.  -102
 2.31640915E+15  3758.   5  '  odd  11 '  0  0.  -103
 1.95194394E+15  2344.   5  ' even  17 '  0  0.  -102
 1.20087824E+15  7278.   7  '  odd  12 '  0  0.  -103
 1.01852961E+15  9312.   7  ' even  18 '  0  0.  -102
 3.67024893E+14 17134.  12  '  odd  13 '  0  0.  -103
 2.93646958E+14 13826.  13  ' even  19 '  0  0.  -102
-2.40245247E+14 19234.  20  ' even  20 '  0  0.  -102
-2.95376749E+14 19494.  20  '  odd  14 '  0  0.  -103
-1.08259604E+15 10918.  20  ' even  21 '  0  0.  -102
-1.18636592E+15  6998.  20  '  odd  15 '  0  0.  -103
-2.29069778E+15  2158.  20  ' even  22 '  0  0.  -102
-2.49827524E+15  4584.  20  '  odd  16 '  0  0.  -103
-3.52243920E+15  2698.  20  ' even  23 '  0  0.  -102
-3.88048326E+15  3480.  20  '  odd  17 '  0  0.  -103
-4.55396440E+15  1852.  20  ' even  24 '  0  0.  -102
-5.05807981E+15   672.  20  '  odd  18 '  0  0.  -103
-5.78286885E+15   200.  20  ' even  25 '  0  0.  -102
****** Continuum transitions
  1 44  1  63  0  0  0  2.95E-19  0.
  2 44  1  63  0  0  0  3.08E-19  0.
  3 44  1  63  0  0  0  3.14E-19  0.
  4 44  1  63  0  0  0  3.17E-19  0.
  5 44  1  63  0  0  0  3.26E-19  0.
  6 44  1  63  0  0  0  3.38E-19  0.
  7 44  1  63  0  0  0  3.51E-19  0.
  8 44  1  63  0  0  0  3.56E-19  0.
  9 44  1  63  0  0  0  3.68E-19  0.
 10 44  1  63  0  0  0  3.75E-19  0.
 11 44  1  63  0  0  0  3.84E-19  0.
 12 44  1  63  0  0  0  3.93E-19  0.
 13 44  1  63  0  0  0  3.95E-19  0.
 14 44  1  63  0  0  0  4.01E-19  0.
 15 44  1  63  0  0  0  4.16E-19  0.
 16 44  1  63  0  0  0  4.24E-19  0.
 17 44  1  63  0  0  0  4.27E-19  0.
 18 44  1  63  0  0  0  4.39E-19  0.
 19 44  1  63  0  0  0  4.51E-19  0.
 20 44  1  63  0  0  0  4.63E-19  0.
 21 44  1  63  0  0  0  4.82E-19  0.
 22 44  1  63  0  0  0  4.97E-19  0.
 23 44  1  63  0  0  0  5.35E-19  0.
 24 44  1  63  0  0  0  5.49E-19  0.
 25 44  1  63  0  0  0  6.09E-19  0.
 26 44  1  63  0  0  0  6.20E-19  0.
 27 44  1  63  0  0  0  7.07E-19  0.
 28 44  1  63  0  0  0  7.70E-19  0.
 29 44  1  63  0  0  0  9.81E-19  0.
 30 44  1  63  0  0  0  1.07E-18  0.
 31 44  1  63  0  0  0  1.78E-18  0.
 32 44  1  63  0  0  0  1.98E-18  0.
 33 44  0   0  0  0  0  1.00E-12  0.
 34 44  0   0  0  0  0  1.00E-12  0.
 35 44  0   0  0  0  0  1.00E-12  0.
 36 44  0   0  0  0  0  1.00E-12  0.
 37 44  0   0  0  0  0  1.00E-12  0.
 38 44  0   0  0  0  0  1.00E-12  0.
 39 44  0   0  0  0  0  1.00E-12  0.
 40 44  0   0  0  0  0  1.00E-12  0.
 41 44  0   0  0  0  0  1.00E-12  0.
 42 44  0   0  0  0  0  1.00E-12  0.
 43 44  0   0  0  0  0  1.00E-12  0.
*** Line transitions
  1  2  0   0  1  0  0  1.  0.7
  1  3  0   0  1  0  0  1.  0.7
  1  4  0   0  1  0  0  1.  0.7
  1  5  0   0  1  0  0  1.  0.7
  1  6  0   0  1  0  0  1.  0.7
  1  7  0   0  1  0  0  1.  0.7
  1  8  0   0  1  0  0  1.  0.7
  1  9  0   0  1  0  0  1.  0.7
  1 10  0   0  0  0  0  1.  0.0
  1 11  0   0  0  0  0  1.  0.0
  1 12 -3   0  0  0  0  1.  0.0
  1 13  0   0  0  0  0  1.  0.0
  1 14 -3   0  0  0  0  1.  0.0
  1 15 -3   0  0  0  0  1.  0.0
  1 16  0   0  0  0  0  1.  0.0
  1 17 -3   0  0  0  0  1.  0.0
  1 18 -3   0  0  0  0  1.  0.0
  1 19 -3   0  0  0  0  1.  0.0
  1 20 -3   0  0  0  0  1.  0.0
  1 21  0   0  0  0  0  1.  0.0
  1 22 -3   0  0  0  0  1.  0.0
  1 23  0   0  0  0  0  1.  0.0
  1 24 -3   0  0  0  0  1.  0.0
  1 25 -3   0  0  0  0  1.  0.0
  1 26  0   0  0  0  0  1.  0.0
  1 27 -3   0  0  0  0  1.  0.0
  1 28  0   0  0  0  0  1.  0.0
  1 29 -3   0  0  0  0  1.  0.0
  1 30  0   0  0  0  0  1.  0.0
  1 31 -3   0  0  0  0  1.  0.0
  1 31 -3   0  0  0  0  1.  0.0
  1 32  0   0  0  0  0  1.  0.0
  1 33  0   0  0  0  0  1.  0.0
  1 34 -3   0  0  0  0  1.  0.0
  1 35  0   0  0  0  0  1.  0.0
  1 36 -3   0  0  0  0  1.  0.0
  1 37  0   0  0  0  0  1.  0.0
  1 38 -3   0  0  0  0  1.  0.0
  1 39  0   0  0  0  0  1.  0.0
  1 40 -3   0  0  0  0  1.  0.0
  1 41  0   0  0  0  0  1.  0.0
  1 42 -3   0  0  0  0  1.  0.0
  1 43  0   0  0  0  0  1.  0.0
  2  3  0   0  1  0  0  1.  0.7
  2  4  0   0  1  0  0  1.  0.7
  2  5  0   0  1  0  0  1.  0.7
  2  6  0   0  1  0  0  1.  0.7
  2  7  0   0  1  0  0  1.  0.7
  2  8  0   0  1  0  0  1.  0.7
  2  9  0   0  1  0  0  1.  0.7
  2 10  0   0  0  0  0  1.  0.0
  2 11  0   0  0  0  0  1.  0.0
  2 12 -3   0  0  0  0  1.  0.0
  2 13  0   0  0  0  0  1.  0.0
  2 14 -3   0  0  0  0  1.  0.0
  2 15 -3   0  0  0  0  1.  0.0
  2 16  0   0  0  0  0  1.  0.0
  2 17 -3   0  0  0  0  1.  0.0
  2 17 -3   0  0  0  0  1.  0.0
  2 18 -3   0  0  0  0  1.  0.0
  2 18 -3   0  0  0  0  1.  0.0
  2 19 -3   0  0  0  0  1.  0.0
  2 20 -3   0  0  0  0  1.  0.0
  2 21  0   0  0  0  0  1.  0.0
  2 22 -3   0  0  0  0  1.  0.0
  2 23  0   0  0  0  0  1.  0.0
  2 24 -3   0  0  0  0  1.  0.0
  2 25 -3   0  0  0  0  1.  0.0
  2 26  0   0  0  0  0  1.  0.0
  2 27 -3   0  0  0  0  1.  0.0
  2 28  0   0  0  0  0  1.  0.0
  2 29 -3   0  0  0  0  1.  0.0
  2 30  0   0  0  0  0  1.  0.0
  2 31 -3   0  0  0  0  1.  0.0
  2 32  0   0  0  0  0  1.  0.0
  2 33  0   0  0  0  0  1.  0.0
  2 34 -3   0  0  0  0  1.  0.0
  2 35  0   0  0  0  0  1.  0.0
  2 36 -3   0  0  0  0  1.  0.0
  2 36 -3   0  0  0  0  1.  0.0
  2 37  0   0  0  0  0  1.  0.0
  2 38 -3   0  0  0  0  1.  0.0
  2 39  0   0  0  0  0  1.  0.0
  2 40 -3   0  0  0  0  1.  0.0
  2 41  0   0  0  0  0  1.  0.0
  2 42 -3   0  0  0  0  1.  0.0
  2 43  0   0  0  0  0  1.  0.0
  3  4  0   0  1  0  0  1.  0.7
  3  5  0   0  1  0  0  1.  0.7
  3  6  0   0  1  0  0  1.  0.7
  3  7  0   0  1  0  0  1.  0.7
  3  8  0   0  1  0  0  1.  0.7
  3  9  0   0  1  0  0  1.  0.7
  3 10  0   0  0  0  0  1.  0.0
  3 11  0   0  0  0  0  1.  0.0
  3 12 -3   0  0  0  0  1.  0.0
  3 13  0   0  0  0  0  1.  0.0
  3 14 -3   0  0  0  0  1.  0.0
  3 15 -3   0  0  0  0  1.  0.0
  3 16  0   0  0  0  0  1.  0.0
  3 17 -3   0  0  0  0  1.  0.0
  3 18 -3   0  0  0  0  1.  0.0
  3 18 -3   0  0  0  0  1.  0.0
  3 19 -3   0  0  0  0  1.  0.0
  3 19 -3   0  0  0  0  1.  0.0
  3 20 -3   0  0  0  0  1.  0.0
  3 21  0   0  0  0  0  1.  0.0
  3 22 -3   0  0  0  0  1.  0.0
  3 23  0   0  0  0  0  1.  0.0
  3 24 -3   0  0  0  0  1.  0.0
  3 25 -3   0  0  0  0  1.  0.0
  3 26  0   0  0  0  0  1.  0.0
  3 27 -3   0  0  0  0  1.  0.0
  3 28  0   0  0  0  0  1.  0.0
  3 29 -3   0  0  0  0  1.  0.0
  3 30  0   0  0  0  0  1.  0.0
  3 31 -3   0  0  0  0  1.  0.0
  3 32  0   0  0  0  0  1.  0.0
  3 33  0   0  0  0  0  1.  0.0
  3 34 -3   0  0  0  0  1.  0.0
  3 35  0   0  0  0  0  1.  0.0
  3 36 -3   0  0  0  0  1.  0.0
  3 36 -3   0  0  0  0  1.  0.0
  3 37  0   0  0  0  0  1.  0.0
  3 38 -3   0  0  0  0  1.  0.0
  3 39  0   0  0  0  0  1.  0.0
  3 40 -3   0  0  0  0  1.  0.0
  3 41  0   0  0  0  0  1.  0.0
  3 42 -3   0  0  0  0  1.  0.0
  3 43  0   0  0  0  0  1.  0.0
  4  5  0   0  1  0  0  1.  0.7
  4  6  0   0  1  0  0  1.  0.7
  4  7  0   0  1  0  0  1.  0.7
  4  8  0   0  1  0  0  1.  0.7
  4  9  0   0  1  0  0  1.  0.7
  4 10  0   0  0  0  0  1.  0.0
  4 11  0   0  0  0  0  1.  0.0
  4 12 -3   0  0  0  0  1.  0.0
  4 13  0   0  0  0  0  1.  0.0
  4 14 -3   0  0  0  0  1.  0.0
  4 15 -3   0  0  0  0  1.  0.0
  4 16  0   0  0  0  0  1.  0.0
  4 17 -3   0  0  0  0  1.  0.0
  4 18 -3   0  0  0  0  1.  0.0
  4 19 -3   0  0  0  0  1.  0.0
  4 20 -3   0  0  0  0  1.  0.0
  4 20 -3   0  0  0  0  1.  0.0
  4 21  0   0  0  0  0  1.  0.0
  4 22 -3   0  0  0  0  1.  0.0
  4 23  0   0  0  0  0  1.  0.0
  4 24 -3   0  0  0  0  1.  0.0
  4 25 -3   0  0  0  0  1.  0.0
  4 26  0   0  0  0  0  1.  0.0
  4 27 -3   0  0  0  0  1.  0.0
  4 28  0   0  0  0  0  1.  0.0
  4 29 -3   0  0  0  0  1.  0.0
  4 30  0   0  0  0  0  1.  0.0
  4 31 -3   0  0  0  0  1.  0.0
  4 32  0   0  0  0  0  1.  0.0
  4 33  0   0  0  0  0  1.  0.0
  4 34 -3   0  0  0  0  1.  0.0
  4 35  0   0  0  0  0  1.  0.0
  4 36 -3   0  0  0  0  1.  0.0
  4 36 -3   0  0  0  0  1.  0.0
  4 37  0   0  0  0  0  1.  0.0
  4 38 -3   0  0  0  0  1.  0.0
  4 39  0   0  0  0  0  1.  0.0
  4 40 -3   0  0  0  0  1.  0.0
  4 41  0   0  0  0  0  1.  0.0
  4 42 -3   0  0  0  0  1.  0.0
  4 43  0   0  0  0  0  1.  0.0
  5  6  0   0  1  0  0  1.  0.7
  5  7  0   0  1  0  0  1.  0.7
  5  8  0   0  1  0  0  1.  0.7
  5  9  0   0  1  0  0  1.  0.7
  5 10  0   0  0  0  0  1.  0.0
  5 11  0   0  0  0  0  1.  0.0
  5 12 -3   0  0  0  0  1.  0.0
  5 12 -3   0  0  0  0  1.  0.0
  5 13  0   0  0  0  0  1.  0.0
  5 14 -3   0  0  0  0  1.  0.0
  5 15 -3   0  0  0  0  1.  0.0
  5 16  0   0  0  0  0  1.  0.0
  5 17 -3   0  0  0  0  1.  0.0
  5 18 -3   0  0  0  0  1.  0.0
  5 19 -3   0  0  0  0  1.  0.0
  5 20 -3   0  0  0  0  1.  0.0
  5 21  0   0  0  0  0  1.  0.0
  5 22 -3   0  0  0  0  1.  0.0
  5 23  0   0  0  0  0  1.  0.0
  5 24 -3   0  0  0  0  1.  0.0
  5 25 -3   0  0  0  0  1.  0.0
  5 26  0   0  0  0  0  1.  0.0
  5 27 -3   0  0  0  0  1.  0.0
  5 28  0   0  0  0  0  1.  0.0
  5 29 -3   0  0  0  0  1.  0.0
  5 30  0   0  0  0  0  1.  0.0
  5 31 -3   0  0  0  0  1.  0.0
  5 32  0   0  0  0  0  1.  0.0
  5 33  0   0  0  0  0  1.  0.0
  5 34 -3   0  0  0  0  1.  0.0
  5 35  0   0  0  0  0  1.  0.0
  5 36 -3   0  0  0  0  1.  0.0
  5 37  0   0  0  0  0  1.  0.0
  5 38 -3   0  0  0  0  1.  0.0
  5 38 -3   0  0  0  0  1.  0.0
  5 39  0   0  0  0  0  1.  0.0
  5 40 -3   0  0  0  0  1.  0.0
  5 41  0   0  0  0  0  1.  0.0
  5 42 -3   0  0  0  0  1.  0.0
  5 43  0   0  0  0  0  1.  0.0
  6  7  0   0  1  0  0  1.  0.7
  6  8  0   0  1  0  0  1.  0.7
  6  9  0   0  1  0  0  1.  0.7
  6 10  0   0  0  0  0  1.  0.0
  6 11  0   0  0  0  0  1.  0.0
  6 12 -3   0  0  0  0  1.  0.0
  6 13  0   0  0  0  0  1.  0.0
  6 14 -3   0  0  0  0  1.  0.0
  6 15 -3   0  0  0  0  1.  0.0
  6 15 -3   0  0  0  0  1.  0.0
  6 16  0   0  0  0  0  1.  0.0
  6 17 -3   0  0  0  0  1.  0.0
  6 18 -3   0  0  0  0  1.  0.0
  6 19 -3   0  0  0  0  1.  0.0
  6 20 -3   0  0  0  0  1.  0.0
  6 21  0   0  0  0  0  1.  0.0
  6 22 -3   0  0  0  0  1.  0.0
  6 23  0   0  0  0  0  1.  0.0
  6 24 -3   0  0  0  0  1.  0.0
  6 25 -3   0  0  0  0  1.  0.0
  6 26  0   0  0  0  0  1.  0.0
  6 27 -3   0  0  0  0  1.  0.0
  6 28  0   0  0  0  0  1.  0.0
  6 29 -3   0  0  0  0  1.  0.0
  6 30  0   0  0  0  0  1.  0.0
  6 31 -3   0  0  0  0  1.  0.0
  6 32  0   0  0  0  0  1.  0.0
  6 33  0   0  0  0  0  1.  0.0
  6 34 -3   0  0  0  0  1.  0.0
  6 35  0   0  0  0  0  1.  0.0
  6 36 -3   0  0  0  0  1.  0.0
  6 37  0   0  0  0  0  1.  0.0
  6 38 -3   0  0  0  0  1.  0.0
  6 38 -3   0  0  0  0  1.  0.0
  6 39  0   0  0  0  0  1.  0.0
  6 40 -3   0  0  0  0  1.  0.0
  6 41  0   0  0  0  0  1.  0.0
  6 42 -3   0  0  0  0  1.  0.0
  6 43  0   0  0  0  0  1.  0.0
  7  8  0   0  1  0  0  1.  0.7
  7  9  0   0  1  0  0  1.  0.7
  7 10  0   0  0  0  0  1.  0.0
  7 11  0   0  0  0  0  1.  0.0
  7 12 -3   0  0  0  0  1.  0.0
  7 13  0   0  0  0  0  1.  0.0
  7 14 -3   0  0  0  0  1.  0.0
  7 15 -3   0  0  0  0  1.  0.0
  7 16  0   0  0  0  0  1.  0.0
  7 17 -3   0  0  0  0  1.  0.0
  7 18 -3   0  0  0  0  1.  0.0
  7 18 -3   0  0  0  0  1.  0.0
  7 19 -3   0  0  0  0  1.  0.0
  7 20 -3   0  0  0  0  1.  0.0
  7 21  0   0  0  0  0  1.  0.0
  7 22 -3   0  0  0  0  1.  0.0
  7 23  0   0  0  0  0  1.  0.0
  7 24 -3   0  0  0  0  1.  0.0
  7 25 -3   0  0  0  0  1.  0.0
  7 26  0   0  0  0  0  1.  0.0
  7 27 -3   0  0  0  0  1.  0.0
  7 28  0   0  0  0  0  1.  0.0
  7 29 -3   0  0  0  0  1.  0.0
  7 30  0   0  0  0  0  1.  0.0
  7 31 -3   0  0  0  0  1.  0.0
  7 32  0   0  0  0  0  1.  0.0
  7 33  0   0  0  0  0  1.  0.0
  7 34 -3   0  0  0  0  1.  0.0
  7 35  0   0  0  0  0  1.  0.0
  7 36 -3   0  0  0  0  1.  0.0
  7 37  0   0  0  0  0  1.  0.0
  7 38 -3   0  0  0  0  1.  0.0
  7 39  0   0  0  0  0  1.  0.0
  7 40 -3   0  0  0  0  1.  0.0
  7 40 -3   0  0  0  0  1.  0.0
  7 41  0   0  0  0  0  1.  0.0
  7 42 -3   0  0  0  0  1.  0.0
  7 43  0   0  0  0  0  1.  0.0
  8  9  0   0  1  0  0  1.  0.7
  8 10  0   0  0  0  0  1.  0.0
  8 11  0   0  0  0  0  1.  0.0
  8 12 -3   0  0  0  0  1.  0.0
  8 13  0   0  0  0  0  1.  0.0
  8 14 -3   0  0  0  0  1.  0.0
  8 15 -3   0  0  0  0  1.  0.0
  8 16  0   0  0  0  0  1.  0.0
  8 17 -3   0  0  0  0  1.  0.0
  8 18 -3   0  0  0  0  1.  0.0
  8 19 -3   0  0  0  0  1.  0.0
  8 19 -3   0  0  0  0  1.  0.0
  8 20 -3   0  0  0  0  1.  0.0
  8 21  0   0  0  0  0  1.  0.0
  8 22 -3   0  0  0  0  1.  0.0
  8 23  0   0  0  0  0  1.  0.0
  8 24 -3   0  0  0  0  1.  0.0
  8 25 -3   0  0  0  0  1.  0.0
  8 25 -3   0  0  0  0  1.  0.0
  8 26  0   0  0  0  0  1.  0.0
  8 27 -3   0  0  0  0  1.  0.0
  8 28  0   0  0  0  0  1.  0.0
  8 29 -3   0  0  0  0  1.  0.0
  8 30  0   0  0  0  0  1.  0.0
  8 31 -3   0  0  0  0  1.  0.0
  8 32  0   0  0  0  0  1.  0.0
  8 33  0   0  0  0  0  1.  0.0
  8 34 -3   0  0  0  0  1.  0.0
  8 35  0   0  0  0  0  1.  0.0
  8 36 -3   0  0  0  0  1.  0.0
  8 37  0   0  0  0  0  1.  0.0
  8 38 -3   0  0  0  0  1.  0.0
  8 39  0   0  0  0  0  1.  0.0
  8 40 -3   0  0  0  0  1.  0.0
  8 40 -3   0  0  0  0  1.  0.0
  8 41  0   0  0  0  0  1.  0.0
  8 42 -3   0  0  0  0  1.  0.0
  8 43  0   0  0  0  0  1.  0.0
  9 10  0   0  0  0  0  1.  0.0
  9 11  0   0  0  0  0  1.  0.0
  9 12 -3   0  0  0  0  1.  0.0
  9 12 -3   0  0  0  0  1.  0.0
  9 13  0   0  0  0  0  1.  0.0
  9 14 -3   0  0  0  0  1.  0.0
  9 15 -3   0  0  0  0  1.  0.0
  9 16  0   0  0  0  0  1.  0.0
  9 17 -3   0  0  0  0  1.  0.0
  9 18 -3   0  0  0  0  1.  0.0
  9 19 -3   0  0  0  0  1.  0.0
  9 20 -3   0  0  0  0  1.  0.0
  9 20 -3   0  0  0  0  1.  0.0
  9 21  0   0  0  0  0  1.  0.0
  9 22 -3   0  0  0  0  1.  0.0
  9 23  0   0  0  0  0  1.  0.0
  9 24 -3   0  0  0  0  1.  0.0
  9 25 -3   0  0  0  0  1.  0.0
  9 26  0   0  0  0  0  1.  0.0
  9 27 -3   0  0  0  0  1.  0.0
  9 27 -3   0  0  0  0  1.  0.0
  9 28  0   0  0  0  0  1.  0.0
  9 29 -3   0  0  0  0  1.  0.0
  9 30  0   0  0  0  0  1.  0.0
  9 31 -3   0  0  0  0  1.  0.0
  9 32  0   0  0  0  0  1.  0.0
  9 33  0   0  0  0  0  1.  0.0
  9 34 -3   0  0  0  0  1.  0.0
  9 35  0   0  0  0  0  1.  0.0
  9 36 -3   0  0  0  0  1.  0.0
  9 37  0   0  0  0  0  1.  0.0
  9 38 -3   0  0  0  0  1.  0.0
  9 39  0   0  0  0  0  1.  0.0
  9 40 -3   0  0  0  0  1.  0.0
  9 41  0   0  0  0  0  1.  0.0
  9 42 -3   0  0  0  0  1.  0.0
  9 42 -3   0  0  0  0  1.  0.0
  9 43  0   0  0  0  0  1.  0.0
 10 11  0   0  1  0  0  1.  0.7
 10 12 -3   0  1  0  0  1.  0.7
 10 12 -3   0  1  0  0  1.  0.7
 10 13  0   0  1  0  0  1.  0.7
 10 14 -3   0  1  0  0  1.  0.7
 10 15 -3   0  1  0  0  1.  0.7
 10 15 -3   0  1  0  0  1.  0.7
 10 16  0   0  1  0  0  1.  0.7
 10 17 -3   0  1  0  0  1.  0.7
 10 18 -3   0  1  0  0  1.  0.7
 10 19 -3   0  1  0  0  1.  0.7
 10 20 -3   0  1  0  0  1.  0.7
 10 21  0   0  1  0  0  1.  0.7
 10 22 -3   0  1  0  0  1.  0.7
 10 22 -3   0  1  0  0  1.  0.7
 10 23  0   0  0  0  0  1.  0.0
 10 24 -3   0  0  0  0  1.  0.0
 10 25 -3   0  0  0  0  1.  0.0
 10 26  0   0  0  0  0  1.  0.0
 10 27 -3   0  0  0  0  1.  0.0
 10 27 -3   0  0  0  0  1.  0.0
 10 28  0   0  0  0  0  1.  0.0
 10 29 -3   0  0  0  0  1.  0.0
 10 30  0   0  0  0  0  1.  0.0
 10 31 -3   0  0  0  0  1.  0.0
 10 32  0   0  0  0  0  1.  0.0
 10 33  0   0  0  0  0  1.  0.0
 10 34 -3   0  0  0  0  1.  0.0
 10 35  0   0  0  0  0  1.  0.0
 10 36 -3   0  0  0  0  1.  0.0
 10 37  0   0  0  0  0  1.  0.0
 10 38 -3   0  0  0  0  1.  0.0
 10 39  0   0  0  0  0  1.  0.0
 10 40 -3   0  0  0  0  1.  0.0
 10 41  0   0  0  0  0  1.  0.0
 10 42 -3   0  0  0  0  1.  0.0
 10 42 -3   0  0  0  0  1.  0.0
 10 43  0   0  0  0  0  1.  0.0
 11 12 -3   0  1  0  0  1.  0.7
 11 13  0   0  1  0  0  1.  0.7
 11 14 -3   0  1  0  0  1.  0.7
 11 15 -3   0  1  0  0  1.  0.7
 11 16  0   0  1  0  0  1.  0.7
 11 17 -3   0  1  0  0  1.  0.7
 11 17 -3   0  1  0  0  1.  0.7
 11 18 -3   0  1  0  0  1.  0.7
 11 19 -3   0  1  0  0  1.  0.7
 11 20 -3   0  1  0  0  1.  0.7
 11 21  0   0  1  0  0  1.  0.7
 11 22 -3   0  1  0  0  1.  0.7
 11 22 -3   0  1  0  0  1.  0.7
 11 23  0   0  0  0  0  1.  0.0
 11 24 -3   0  0  0  0  1.  0.0
 11 25 -3   0  0  0  0  1.  0.0
 11 26  0   0  0  0  0  1.  0.0
 11 27 -3   0  0  0  0  1.  0.0
 11 27 -3   0  0  0  0  1.  0.0
 11 28  0   0  0  0  0  1.  0.0
 11 29 -3   0  0  0  0  1.  0.0
 11 30  0   0  0  0  0  1.  0.0
 11 31 -3   0  0  0  0  1.  0.0
 11 32  0   0  0  0  0  1.  0.0
 11 33  0   0  0  0  0  1.  0.0
 11 34 -3   0  0  0  0  1.  0.0
 11 35  0   0  0  0  0  1.  0.0
 11 36 -3   0  0  0  0  1.  0.0
 11 37  0   0  0  0  0  1.  0.0
 11 38 -3   0  0  0  0  1.  0.0
 11 39  0   0  0  0  0  1.  0.0
 11 40 -3   0  0  0  0  1.  0.0
 11 41  0   0  0  0  0  1.  0.0
 11 42 -3   0  0  0  0  1.  0.0
 11 42 -3   0  0  0  0  1.  0.0
 11 43  0   0  0  0  0  1.  0.0
 12 13  0   0  1  0  0  1.  0.7
 12 14  0   0  1  0  0  1.  0.7
 12 15  0   0  1  0  0  1.  0.7
 12 16  0   0  1  0  0  1.  0.7
 12 17  0   0  1  0  0  1.  0.7
 12 18  0   0  1  0  0  1.  0.7
 12 19  0   0  1  0  0  1.  0.7
 12 20  0   0  1  0  0  1.  0.7
 12 21 -3   0  1  0  0  1.  0.7
 12 22  0   0  1  0  0  1.  0.7
 12 23 -3   0  0  0  0  1.  0.0
 12 23 -3   0  0  0  0  1.  0.0
 12 24  0   0  0  0  0  1.  0.0
 12 25  0   0  0  0  0  1.  0.0
 12 26 -3   0  0  0  0  1.  0.0
 12 27  0   0  0  0  0  1.  0.0
 12 28 -3   0  0  0  0  1.  0.0
 12 28 -3   0  0  0  0  1.  0.0
 12 29  0   0  0  0  0  1.  0.0
 12 30 -3   0  0  0  0  1.  0.0
 12 31  0   0  0  0  0  1.  0.0
 12 32 -3   0  0  0  0  1.  0.0
 12 33 -3   0  0  0  0  1.  0.0
 12 34  0   0  0  0  0  1.  0.0
 12 35 -3   0  0  0  0  1.  0.0
 12 36  0   0  0  0  0  1.  0.0
 12 37 -3   0  0  0  0  1.  0.0
 12 38  0   0  0  0  0  1.  0.0
 12 39 -3   0  0  0  0  1.  0.0
 12 40  0   0  0  0  0  1.  0.0
 12 41 -3   0  0  0  0  1.  0.0
 12 42  0   0  0  0  0  1.  0.0
 12 43  0   0  0  0  0  1.  0.0
 13 14 -3   0  1  0  0  1.  0.7
 13 15 -3   0  1  0  0  1.  0.7
 13 15 -3   0  1  0  0  1.  0.7
 13 16  0   0  1  0  0  1.  0.7
 13 17 -3   0  1  0  0  1.  0.7
 13 17 -3   0  1  0  0  1.  0.7
 13 18 -3   0  1  0  0  1.  0.7
 13 18 -3   0  1  0  0  1.  0.7
 13 19 -3   0  1  0  0  1.  0.7
 13 19 -3   0  1  0  0  1.  0.7
 13 20 -3   0  1  0  0  1.  0.7
 13 21  0   0  1  0  0  1.  0.7
 13 22 -3   0  1  0  0  1.  0.7
 13 23  0   0  0  0  0  1.  0.0
 13 24 -3   0  0  0  0  1.  0.0
 13 25 -3   0  0  0  0  1.  0.0
 13 26  0   0  0  0  0  1.  0.0
 13 27 -3   0  0  0  0  1.  0.0
 13 28  0   0  0  0  0  1.  0.0
 13 29 -3   0  0  0  0  1.  0.0
 13 29 -3   0  0  0  0  1.  0.0
 13 30  0   0  0  0  0  1.  0.0
 13 31 -3   0  0  0  0  1.  0.0
 13 32  0   0  0  0  0  1.  0.0
 13 33  0   0  0  0  0  1.  0.0
 13 34 -3   0  0  0  0  1.  0.0
 13 35  0   0  0  0  0  1.  0.0
 13 36 -3   0  0  0  0  1.  0.0
 13 37  0   0  0  0  0  1.  0.0
 13 38 -3   0  0  0  0  1.  0.0
 13 39  0   0  0  0  0  1.  0.0
 13 40 -3   0  0  0  0  1.  0.0
 13 41  0   0  0  0  0  1.  0.0
 13 42 -3   0  0  0  0  1.  0.0
 13 43  0   0  0  0  0  1.  0.0
 14 15  0   0  1  0  0  1.  0.7
 14 16  0   0  1  0  0  1.  0.7
 14 17  0   0  1  0  0  1.  0.7
 14 18  0   0  1  0  0  1.  0.7
 14 19  0   0  1  0  0  1.  0.7
 14 20  0   0  1  0  0  1.  0.7
 14 21 -3   0  1  0  0  1.  0.7
 14 22  0   0  1  0  0  1.  0.7
 14 23 -3   0  0  0  0  1.  0.0
 14 23 -3   0  0  0  0  1.  0.0
 14 24  0   0  0  0  0  1.  0.0
 14 25  0   0  0  0  0  1.  0.0
 14 26 -3   0  0  0  0  1.  0.0
 14 27  0   0  0  0  0  1.  0.0
 14 28 -3   0  0  0  0  1.  0.0
 14 29  0   0  0  0  0  1.  0.0
 14 30 -3   0  0  0  0  1.  0.0
 14 30 -3   0  0  0  0  1.  0.0
 14 31  0   0  0  0  0  1.  0.0
 14 32 -3   0  0  0  0  1.  0.0
 14 33 -3   0  0  0  0  1.  0.0
 14 34  0   0  0  0  0  1.  0.0
 14 35 -3   0  0  0  0  1.  0.0
 14 36  0   0  0  0  0  1.  0.0
 14 37 -3   0  0  0  0  1.  0.0
 14 38  0   0  0  0  0  1.  0.0
 14 39 -3   0  0  0  0  1.  0.0
 14 40  0   0  0  0  0  1.  0.0
 14 41 -3   0  0  0  0  1.  0.0
 14 42  0   0  0  0  0  1.  0.0
 14 43  0   0  0  0  0  1.  0.0
 15 16  0   0  1  0  0  1.  0.7
 15 17  0   0  1  0  0  1.  0.7
 15 18  0   0  1  0  0  1.  0.7
 15 19  0   0  1  0  0  1.  0.7
 15 20  0   0  1  0  0  1.  0.7
 15 21 -3   0  1  0  0  1.  0.7
 15 21 -3   0  1  0  0  1.  0.7
 15 22  0   0  1  0  0  1.  0.7
 15 23 -3   0  0  0  0  1.  0.0
 15 23 -3   0  0  0  0  1.  0.0
 15 24  0   0  0  0  0  1.  0.0
 15 25  0   0  0  0  0  1.  0.0
 15 26 -3   0  0  0  0  1.  0.0
 15 26 -3   0  0  0  0  1.  0.0
 15 27  0   0  0  0  0  1.  0.0
 15 28 -3   0  0  0  0  1.  0.0
 15 29  0   0  0  0  0  1.  0.0
 15 30 -3   0  0  0  0  1.  0.0
 15 30 -3   0  0  0  0  1.  0.0
 15 31  0   0  0  0  0  1.  0.0
 15 32 -3   0  0  0  0  1.  0.0
 15 32 -3   0  0  0  0  1.  0.0
 15 33 -3   0  0  0  0  1.  0.0
 15 34  0   0  0  0  0  1.  0.0
 15 35 -3   0  0  0  0  1.  0.0
 15 36  0   0  0  0  0  1.  0.0
 15 37 -3   0  0  0  0  1.  0.0
 15 38  0   0  0  0  0  1.  0.0
 15 39 -3   0  0  0  0  1.  0.0
 15 40  0   0  0  0  0  1.  0.0
 15 41 -3   0  0  0  0  1.  0.0
 15 42  0   0  0  0  0  1.  0.0
 15 43 -3   0  0  0  0  1.  0.0
 16 17 -3   0  1  0  0  1.  0.7
 16 18 -3   0  1  0  0  1.  0.7
 16 19 -3   0  1  0  0  1.  0.7
 16 19 -3   0  1  0  0  1.  0.7
 16 20 -3   0  1  0  0  1.  0.7
 16 21  0   0  1  0  0  1.  0.7
 16 22 -3   0  1  0  0  1.  0.7
 16 22 -3   0  1  0  0  1.  0.7
 16 23  0   0  0  0  0  1.  0.0
 16 24 -3   0  0  0  0  1.  0.0
 16 25 -3   0  0  0  0  1.  0.0
 16 25 -3   0  0  0  0  1.  0.0
 16 26  0   0  0  0  0  1.  0.0
 16 27 -3   0  0  0  0  1.  0.0
 16 27 -3   0  0  0  0  1.  0.0
 16 28  0   0  0  0  0  1.  0.0
 16 29 -3   0  0  0  0  1.  0.0
 16 30  0   0  0  0  0  1.  0.0
 16 31 -3   0  0  0  0  1.  0.0
 16 31 -3   0  0  0  0  1.  0.0
 16 32  0   0  0  0  0  1.  0.0
 16 33  0   0  0  0  0  1.  0.0
 16 34 -3   0  0  0  0  1.  0.0
 16 34 -3   0  0  0  0  1.  0.0
 16 35  0   0  0  0  0  1.  0.0
 16 36 -3   0  0  0  0  1.  0.0
 16 37  0   0  0  0  0  1.  0.0
 16 38 -3   0  0  0  0  1.  0.0
 16 39  0   0  0  0  0  1.  0.0
 16 40 -3   0  0  0  0  1.  0.0
 16 41  0   0  0  0  0  1.  0.0
 16 42 -3   0  0  0  0  1.  0.0
 16 43  0   0  0  0  0  1.  0.0
 17 18  0   0  1  0  0  1.  0.7
 17 19  0   0  1  0  0  1.  0.7
 17 20  0   0  1  0  0  1.  0.7
 17 21 -3   0  1  0  0  1.  0.7
 17 21 -3   0  1  0  0  1.  0.7
 17 22  0   0  1  0  0  1.  0.7
 17 23 -3   0  0  0  0  1.  0.0
 17 24  0   0  0  0  0  1.  0.0
 17 25  0   0  0  0  0  1.  0.0
 17 26 -3   0  0  0  0  1.  0.0
 17 26 -3   0  0  0  0  1.  0.0
 17 27  0   0  0  0  0  1.  0.0
 17 28 -3   0  0  0  0  1.  0.0
 17 29  0   0  0  0  0  1.  0.0
 17 30 -3   0  0  0  0  1.  0.0
 17 31  0   0  0  0  0  1.  0.0
 17 32 -3   0  0  0  0  1.  0.0
 17 32 -3   0  0  0  0  1.  0.0
 17 33 -3   0  0  0  0  1.  0.0
 17 34  0   0  0  0  0  1.  0.0
 17 35 -3   0  0  0  0  1.  0.0
 17 36  0   0  0  0  0  1.  0.0
 17 37 -3   0  0  0  0  1.  0.0
 17 38  0   0  0  0  0  1.  0.0
 17 39 -3   0  0  0  0  1.  0.0
 17 40  0   0  0  0  0  1.  0.0
 17 41 -3   0  0  0  0  1.  0.0
 17 42  0   0  0  0  0  1.  0.0
 17 43 -3   0  0  0  0  1.  0.0
 18 19  0   0  1  0  0  1.  0.7
 18 20  0   0  1  0  0  1.  0.7
 18 21 -3   0  1  0  0  1.  0.7
 18 22  0   0  1  0  0  1.  0.7
 18 23 -3   0  0  0  0  1.  0.0
 18 24  0   0  0  0  0  1.  0.0
 18 25  0   0  0  0  0  1.  0.0
 18 26 -3   0  0  0  0  1.  0.0
 18 26 -3   0  0  0  0  1.  0.0
 18 27  0   0  0  0  0  1.  0.0
 18 28 -3   0  0  0  0  1.  0.0
 18 29  0   0  0  0  0  1.  0.0
 18 30 -3   0  0  0  0  1.  0.0
 18 31  0   0  0  0  0  1.  0.0
 18 32 -3   0  0  0  0  1.  0.0
 18 32 -3   0  0  0  0  1.  0.0
 18 33 -3   0  0  0  0  1.  0.0
 18 33 -3   0  0  0  0  1.  0.0
 18 34  0   0  0  0  0  1.  0.0
 18 35 -3   0  0  0  0  1.  0.0
 18 36  0   0  0  0  0  1.  0.0
 18 37 -3   0  0  0  0  1.  0.0
 18 38  0   0  0  0  0  1.  0.0
 18 39 -3   0  0  0  0  1.  0.0
 18 40  0   0  0  0  0  1.  0.0
 18 41 -3   0  0  0  0  1.  0.0
 18 42  0   0  0  0  0  1.  0.0
 18 43 -3   0  0  0  0  1.  0.0
 19 20  0   0  1  0  0  1.  0.7
 19 21 -3   0  1  0  0  1.  0.7
 19 21 -3   0  1  0  0  1.  0.7
 19 22  0   0  1  0  0  1.  0.7
 19 23 -3   0  0  0  0  1.  0.0
 19 23 -3   0  0  0  0  1.  0.0
 19 24  0   0  0  0  0  1.  0.0
 19 25  0   0  0  0  0  1.  0.0
 19 26 -3   0  0  0  0  1.  0.0
 19 26 -3   0  0  0  0  1.  0.0
 19 27  0   0  0  0  0  1.  0.0
 19 28 -3   0  0  0  0  1.  0.0
 19 29  0   0  0  0  0  1.  0.0
 19 30 -3   0  0  0  0  1.  0.0
 19 31  0   0  0  0  0  1.  0.0
 19 32 -3   0  0  0  0  1.  0.0
 19 33 -3   0  0  0  0  1.  0.0
 19 33 -3   0  0  0  0  1.  0.0
 19 34  0   0  0  0  0  1.  0.0
 19 35 -3   0  0  0  0  1.  0.0
 19 36  0   0  0  0  0  1.  0.0
 19 37 -3   0  0  0  0  1.  0.0
 19 38  0   0  0  0  0  1.  0.0
 19 39 -3   0  0  0  0  1.  0.0
 19 40  0   0  0  0  0  1.  0.0
 19 41 -3   0  0  0  0  1.  0.0
 19 42  0   0  0  0  0  1.  0.0
 19 43 -3   0  0  0  0  1.  0.0
 20 21 -3   0  1  0  0  1.  0.7
 20 22  0   0  1  0  0  1.  0.7
 20 23 -3   0  0  0  0  1.  0.0
 20 23 -3   0  0  0  0  1.  0.0
 20 24  0   0  0  0  0  1.  0.0
 20 25  0   0  0  0  0  1.  0.0
 20 26 -3   0  0  0  0  1.  0.0
 20 27  0   0  0  0  0  1.  0.0
 20 28 -3   0  0  0  0  1.  0.0
 20 28 -3   0  0  0  0  1.  0.0
 20 29  0   0  0  0  0  1.  0.0
 20 30 -3   0  0  0  0  1.  0.0
 20 31  0   0  0  0  0  1.  0.0
 20 32 -3   0  0  0  0  1.  0.0
 20 33 -3   0  0  0  0  1.  0.0
 20 33 -3   0  0  0  0  1.  0.0
 20 34  0   0  0  0  0  1.  0.0
 20 35 -3   0  0  0  0  1.  0.0
 20 36  0   0  0  0  0  1.  0.0
 20 37 -3   0  0  0  0  1.  0.0
 20 38  0   0  0  0  0  1.  0.0
 20 39 -3   0  0  0  0  1.  0.0
 20 40  0   0  0  0  0  1.  0.0
 20 41 -3   0  0  0  0  1.  0.0
 20 42  0   0  0  0  0  1.  0.0
 20 43 -3   0  0  0  0  1.  0.0
 21 22  0   0  1  0  0  1.  0.7
 21 23  0   0  0  0  0  1.  0.0
 21 24 -3   0  0  0  0  1.  0.0
 21 25 -3   0  0  0  0  1.  0.0
 21 25 -3   0  0  0  0  1.  0.0
 21 26  0   0  0  0  0  1.  0.0
 21 27 -3   0  0  0  0  1.  0.0
 21 28  0   0  0  0  0  1.  0.0
 21 29 -3   0  0  0  0  1.  0.0
 21 29 -3   0  0  0  0  1.  0.0
 21 30  0   0  0  0  0  1.  0.0
 21 31 -3   0  0  0  0  1.  0.0
 21 32  0   0  0  0  0  1.  0.0
 21 33  0   0  0  0  0  1.  0.0
 21 34 -3   0  0  0  0  1.  0.0
 21 35  0   0  0  0  0  1.  0.0
 21 36 -3   0  0  0  0  1.  0.0
 21 36 -3   0  0  0  0  1.  0.0
 21 37  0   0  0  0  0  1.  0.0
 21 38 -3   0  0  0  0  1.  0.0
 21 39  0   0  0  0  0  1.  0.0
 21 40 -3   0  0  0  0  1.  0.0
 21 41  0   0  0  0  0  1.  0.0
 21 42  0   0  0  0  0  1.  0.0
 21 43  0   0  0  0  0  1.  0.0
 22 23 -3   0  0  0  0  1.  0.0
 22 23 -3   0  0  0  0  1.  0.0
 22 24  0   0  0  0  0  1.  0.0
 22 25  0   0  0  0  0  1.  0.0
 22 26 -3   0  0  0  0  1.  0.0
 22 26 -3   0  0  0  0  1.  0.0
 22 27  0   0  0  0  0  1.  0.0
 22 28 -3   0  0  0  0  1.  0.0
 22 29  0   0  0  0  0  1.  0.0
 22 30 -3   0  0  0  0  1.  0.0
 22 30 -3   0  0  0  0  1.  0.0
 22 31  0   0  0  0  0  1.  0.0
 22 32 -3   0  0  0  0  1.  0.0
 22 33 -3   0  0  0  0  1.  0.0
 22 34  0   0  0  0  0  1.  0.0
 22 35 -3   0  0  0  0  1.  0.0
 22 35 -3   0  0  0  0  1.  0.0
 22 36  0   0  0  0  0  1.  0.0
 22 37 -3   0  0  0  0  1.  0.0
 22 38  0   0  0  0  0  1.  0.0
 22 39 -3   0  0  0  0  1.  0.0
 22 40  0   0  0  0  0  1.  0.0
 22 41 -3   0  0  0  0  1.  0.0
 22 42  0   0  0  0  0  1.  0.0
 22 43 -3   0  0  0  0  1.  0.0
 23 24 -3   0  1  0  0  1.  0.7
 23 25 -3   0  1  0  0  1.  0.7
 23 25 -3   0  1  0  0  1.  0.7
 23 25 -3   0  1  0  0  1.  0.7
 23 26  0   0  1  0  0  1.  0.7
 23 27 -3   0  0  0  0  1.  0.0
 23 27 -3   0  0  0  0  1.  0.0
 23 27 -3   0  0  0  0  1.  0.0
 23 28  0   0  0  0  0  1.  0.0
 23 29 -3   0  0  0  0  1.  0.0
 23 29 -3   0  0  0  0  1.  0.0
 23 30  0   0  0  0  0  1.  0.0
 23 31 -3   0  0  0  0  1.  0.0
 23 31 -3   0  0  0  0  1.  0.0
 23 32  0   0  0  0  0  1.  0.0
 23 33  0   0  0  0  0  1.  0.0
 23 34 -3   0  0  0  0  1.  0.0
 23 35  0   0  0  0  0  1.  0.0
 23 36 -3   0  0  0  0  1.  0.0
 23 36 -3   0  0  0  0  1.  0.0
 23 37  0   0  0  0  0  1.  0.0
 23 38 -3   0  0  0  0  1.  0.0
 23 38 -3   0  0  0  0  1.  0.0
 23 39  0   0  0  0  0  1.  0.0
 23 40 -3   0  0  0  0  1.  0.0
 23 41  0   0  0  0  0  1.  0.0
 23 42 -3   0  0  0  0  1.  0.0
 23 43  0   0  0  0  0  1.  0.0
 24 25  0   0  1  0  0  1.  0.7
 24 26 -3   0  1  0  0  1.  0.7
 24 26 -3   0  1  0  0  1.  0.7
 24 27  0   0  0  0  0  1.  0.0
 24 28 -3   0  0  0  0  1.  0.0
 24 29  0   0  0  0  0  1.  0.0
 24 30 -3   0  0  0  0  1.  0.0
 24 31  0   0  0  0  0  1.  0.0
 24 32 -3   0  0  0  0  1.  0.0
 24 32 -3   0  0  0  0  1.  0.0
 24 33 -3   0  0  0  0  1.  0.0
 24 34  0   0  0  0  0  1.  0.0
 24 35 -3   0  0  0  0  1.  0.0
 24 36  0   0  0  0  0  1.  0.0
 24 37 -3   0  0  0  0  1.  0.0
 24 37 -3   0  0  0  0  1.  0.0
 24 38  0   0  0  0  0  1.  0.0
 24 39 -3   0  0  0  0  1.  0.0
 24 40  0   0  0  0  0  1.  0.0
 24 41 -3   0  0  0  0  1.  0.0
 24 42  0   0  0  0  0  1.  0.0
 24 43 -3   0  0  0  0  1.  0.0
 25 26 -3   0  1  0  0  1.  0.7
 25 27  0   0  0  0  0  1.  0.0
 25 28 -3   0  0  0  0  1.  0.0
 25 28 -3   0  0  0  0  1.  0.0
 25 28 -3   0  0  0  0  1.  0.0
 25 29  0   0  0  0  0  1.  0.0
 25 30 -3   0  0  0  0  1.  0.0
 25 30 -3   0  0  0  0  1.  0.0
 25 31  0   0  0  0  0  1.  0.0
 25 32 -3   0  0  0  0  1.  0.0
 25 32 -3   0  0  0  0  1.  0.0
 25 33 -3   0  0  0  0  1.  0.0
 25 33 -3   0  0  0  0  1.  0.0
 25 34  0   0  0  0  0  1.  0.0
 25 35 -3   0  0  0  0  1.  0.0
 25 36  0   0  0  0  0  1.  0.0
 25 37 -3   0  0  0  0  1.  0.0
 25 37 -3   0  0  0  0  1.  0.0
 25 38  0   0  0  0  0  1.  0.0
 25 39 -3   0  0  0  0  1.  0.0
 25 39 -3   0  0  0  0  1.  0.0
 25 40  0   0  0  0  0  1.  0.0
 25 41 -3   0  0  0  0  1.  0.0
 25 42  0   0  0  0  0  1.  0.0
 25 43 -3   0  0  0  0  1.  0.0
 26 27 -3   0  0  0  0  1.  0.0
 26 27 -3   0  0  0  0  1.  0.0
 26 27 -3   0  0  0  0  1.  0.0
 26 28  0   0  0  0  0  1.  0.0
 26 29 -3   0  0  0  0  1.  0.0
 26 29 -3   0  0  0  0  1.  0.0
 26 29 -3   0  0  0  0  1.  0.0
 26 30  0   0  0  0  0  1.  0.0
 26 31 -3   0  0  0  0  1.  0.0
 26 31 -3   0  0  0  0  1.  0.0
 26 32  0   0  0  0  0  1.  0.0
 26 33  0   0  0  0  0  1.  0.0
 26 34 -3   0  0  0  0  1.  0.0
 26 34 -3   0  0  0  0  1.  0.0
 26 35  0   0  0  0  0  1.  0.0
 26 36 -3   0  0  0  0  1.  0.0
 26 37  0   0  0  0  0  1.  0.0
 26 38 -3   0  0  0  0  1.  0.0
 26 38 -3   0  0  0  0  1.  0.0
 26 39  0   0  0  0  0  1.  0.0
 26 40 -3   0  0  0  0  1.  0.0
 26 40 -3   0  0  0  0  1.  0.0
 26 41  0   0  0  0  0  1.  0.0
 26 42 -3   0  0  0  0  1.  0.0
 26 43  0   0  0  0  0  1.  0.0
 27 28 -3   0  1  0  0  1.  0.7
 27 28 -3   0  1  0  0  1.  0.7
 27 29  0   0  0  0  0  1.  0.0
 27 30 -3   0  0  0  0  1.  0.0
 27 30 -3   0  0  0  0  1.  0.0
 27 30 -3   0  0  0  0  1.  0.0
 27 31  0   0  0  0  0  1.  0.0
 27 32 -3   0  0  0  0  1.  0.0
 27 32 -3   0  0  0  0  1.  0.0
 27 33 -3   0  0  0  0  1.  0.0
 27 33 -3   0  0  0  0  1.  0.0
 27 34  0   0  0  0  0  1.  0.0
 27 35 -3   0  0  0  0  1.  0.0
 27 35 -3   0  0  0  0  1.  0.0
 27 36  0   0  0  0  0  1.  0.0
 27 37 -3   0  0  0  0  1.  0.0
 27 38  0   0  0  0  0  1.  0.0
 27 39 -3   0  0  0  0  1.  0.0
 27 39 -3   0  0  0  0  1.  0.0
 27 40  0   0  0  0  0  1.  0.0
 27 41 -3   0  0  0  0  1.  0.0
 27 41 -3   0  0  0  0  1.  0.0
 27 42  0   0  0  0  0  1.  0.0
 27 43 -3   0  0  0  0  1.  0.0
 28 29 -3   0  0  0  0  1.  0.0
 28 29 -3   0  0  0  0  1.  0.0
 28 30  0   0  0  0  0  1.  0.0
 28 31 -3   0  0  0  0  1.  0.0
 28 31 -3   0  0  0  0  1.  0.0
 28 31 -3   0  0  0  0  1.  0.0
 28 32  0   0  0  0  0  1.  0.0
 28 33  0   0  0  0  0  1.  0.0
 28 34 -3   0  0  0  0  1.  0.0
 28 35  0   0  0  0  0  1.  0.0
 28 36 -3   0  0  0  0  1.  0.0
 28 36 -3   0  0  0  0  1.  0.0
 28 37  0   0  0  0  0  1.  0.0
 28 38 -3   0  0  0  0  1.  0.0
 28 39  0   0  0  0  0  1.  0.0
 28 40 -3   0  0  0  0  1.  0.0
 28 40 -3   0  0  0  0  1.  0.0
 28 41  0   0  0  0  0  1.  0.0
 28 42 -3   0  0  0  0  1.  0.0
 28 43  0   0  0  0  0  1.  0.0
 29 30 -3   0  1  0  0  1.  0.7
 29 30 -3   0  1  0  0  1.  0.7
 29 31  0   0  0  0  0  1.  0.0
 29 32 -3   0  0  0  0  1.  0.0
 29 32 -3   0  0  0  0  1.  0.0
 29 32 -3   0  0  0  0  1.  0.0
 29 33 -3   0  0  0  0  1.  0.0
 29 33 -3   0  0  0  0  1.  0.0
 29 33 -3   0  0  0  0  1.  0.0
 29 34  0   0  0  0  0  1.  0.0
 29 35 -3   0  0  0  0  1.  0.0
 29 35 -3   0  0  0  0  1.  0.0
 29 36  0   0  0  0  0  1.  0.0
 29 37 -3   0  0  0  0  1.  0.0
 29 37 -3   0  0  0  0  1.  0.0
 29 38  0   0  0  0  0  1.  0.0
 29 39 -3   0  0  0  0  1.  0.0
 29 40  0   0  0  0  0  1.  0.0
 29 41 -3   0  0  0  0  1.  0.0
 29 41 -3   0  0  0  0  1.  0.0
 29 42  0   0  0  0  0  1.  0.0
 29 43 -3   0  0  0  0  1.  0.0
 30 31 -3   0  0  0  0  1.  0.0
 30 31 -3   0  0  0  0  1.  0.0
 30 31 -3   0  0  0  0  1.  0.0
 30 32  0   0  0  0  0  1.  0.0
 30 33  0   0  0  0  0  1.  0.0
 30 34 -3   0  0  0  0  1.  0.0
 30 34 -3   0  0  0  0  1.  0.0
 30 34 -3   0  0  0  0  1.  0.0
 30 35  0   0  0  0  0  1.  0.0
 30 36 -3   0  0  0  0  1.  0.0
 30 37  0   0  0  0  0  1.  0.0
 30 38 -3   0  0  0  0  1.  0.0
 30 38 -3   0  0  0  0  1.  0.0
 30 39  0   0  0  0  0  1.  0.0
 30 40 -3   0  0  0  0  1.  0.0
 30 41  0   0  0  0  0  1.  0.0
 30 42 -3   0  0  0  0  1.  0.0
 30 42 -3   0  0  0  0  1.  0.0
 30 43  0   0  0  0  0  1.  0.0
 31 32 -3   0  0  0  0  1.  0.0
 31 33 -3   0  0  0  0  1.  0.0
 31 33 -3   0  0  0  0  1.  0.0
 31 34  0   0  0  0  0  1.  0.0
 31 35 -3   0  0  0  0  1.  0.0
 31 35 -3   0  0  0  0  1.  0.0
 31 35 -3   0  0  0  0  1.  0.0
 31 36  0   0  0  0  0  1.  0.0
 31 37 -3   0  0  0  0  1.  0.0
 31 37 -3   0  0  0  0  1.  0.0
 31 38  0   0  0  0  0  1.  0.0
 31 39 -3   0  0  0  0  1.  0.0
 31 39 -3   0  0  0  0  1.  0.0
 31 40  0   0  0  0  0  1.  0.0
 31 41 -3   0  0  0  0  1.  0.0
 31 41 -3   0  0  0  0  1.  0.0
 31 42  0   0  0  0  0  1.  0.0
 31 43 -3   0  0  0  0  1.  0.0
 31 43 -3   0  0  0  0  1.  0.0
 32 33  0   0  0  0  0  1.  0.0
 32 34 -3   0  0  0  0  1.  0.0
 32 34 -3   0  0  0  0  1.  0.0
 32 35  0   0  0  0  0  1.  0.0
 32 36 -3   0  0  0  0  1.  0.0
 32 36 -3   0  0  0  0  1.  0.0
 32 37  0   0  0  0  0  1.  0.0
 32 38 -3   0  0  0  0  1.  0.0
 32 38 -3   0  0  0  0  1.  0.0
 32 39  0   0  0  0  0  1.  0.0
 32 40 -3   0  0  0  0  1.  0.0
 32 41  0   0  0  0  0  1.  0.0
 32 42 -3   0  0  0  0  1.  0.0
 32 42 -3   0  0  0  0  1.  0.0
 32 43  0   0  0  0  0  1.  0.0
 33 34  0   0  0  0  0  1.  0.0
 33 35  0   0  0  0  0  1.  0.0
 33 36  0   0  0  0  0  1.  0.0
 33 37  0   0  0  0  0  1.  0.0
 33 38  0   0  0  0  0  1.  0.0
 33 39  0   0  0  0  0  1.  0.0
 33 40  0   0  0  0  0  1.  0.0
 33 41  0   0  0  0  0  1.  0.0
 33 42  0   0  0  0  0  1.  0.0
 33 43  0   0  0  0  0  1.  0.0
 34 35  0   0  0  0  0  1.  0.0
 34 36  0   0  0  0  0  1.  0.0
 34 37  0   0  0  0  0  1.  0.0
 34 38  0   0  0  0  0  1.  0.0
 34 39  0   0  0  0  0  1.  0.0
 34 40  0   0  0  0  0  1.  0.0
 34 41  0   0  0  0  0  1.  0.0
 34 42  0   0  0  0  0  1.  0.0
 34 43  0   0  0  0  0  1.  0.0
 35 36  0   0  0  0  0  1.  0.0
 35 37  0   0  0  0  0  1.  0.0
 35 38  0   0  0  0  0  1.  0.0
 35 39  0   0  0  0  0  1.  0.0
 35 40  0   0  0  0  0  1.  0.0
 35 41  0   0  0  0  0  1.  0.0
 35 42  0   0  0  0  0  1.  0.0
 35 43  0   0  0  0  0  1.  0.0
 36 37  0   0  0  0  0  1.  0.0
 36 38  0   0  0  0  0  1.  0.0
 36 39  0   0  0  0  0  1.  0.0
 36 40  0   0  0  0  0  1.  0.0
 36 41  0   0  0  0  0  1.  0.0
 36 42  0   0  0  0  0  1.  0.0
 36 43  0   0  0  0  0  1.  0.0
 37 38  0   0  0  0  0  1.  0.0
 37 39  0   0  0  0  0  1.  0.0
 37 40  0   0  0  0  0  1.  0.0
 37 41  0   0  0  0  0  1.  0.0
 37 42  0   0  0  0  0  1.  0.0
 37 43  0   0  0  0  0  1.  0.0
 38 39  0   0  0  0  0  1.  0.0
 38 40  0   0  0  0  0  1.  0.0
 38 41  0   0  0  0  0  1.  0.0
 38 42  0   0  0  0  0  1.  0.0
 38 43  0   0  0  0  0  1.  0.0
 39 40  0   0  0  0  0  1.  0.0
 39 41  0   0  0  0  0  1.  0.0
 39 42  0   0  0  0  0  1.  0.0
 39 43  0   0  0  0  0  1.  0.0
 40 41  0   0  0  0  0  1.  0.0
 40 42  0   0  0  0  0  1.  0.0
 40 43  0   0  0  0  0  1.  0.0
 41 42  0   0  0  0  0  1.  0.0
 41 43  0   0  0  0  0  1.  0.0
 42 43  0   0  0  0  0  1.  0.0
****** Energy bands
25
  1000.
 39000.
 53000.
 67000.
 83000.
109000.
129000.
139000.
163000.
172000.
184000.
202000.
259000.
285000.
325000.
365000.
390000.
420000.
442000.
465000.
500000.
540000.
580000.
620000.
666000.
18
197000.
203000.
225000.
235000.
246000.
255000.
267000.
299000.
320000.
350000.
385000.
415000.
442000.
470000.
505000.
550000.
590000.
650000.
