****** Levels
 0.                  0.    0    ' (N=1)  '   1     0.    0 
 0.                  0.    0    ' (N=2)  '   1     0.    0 
 0.                  0.    0    ' (N=3)  '   1     0.    0  
 0.                  0.    0    ' (N=4)  '   1     0.    0  
 0.                  0.    0    ' (N=5)  '   1     0.    0 
 0.                  0.    0    ' (N=6)  '   1     0.    0  
 0.                  0.    0    ' (N=7)  '   1     0.    0  
 0.                  0.    0    ' (N=8)  '   1     0.    0 
 0.                  0.    0    ' (N=9)  '  -1     0.    0 
****** Continuum transitions
  1 10  5    1  0  1  6  0.  0.  ! Lyman continuum supplemented pseudocontinuum
 2.6D15                         ! Lyman pseudocontinuum extend to nu=2.6D+15
  2 10  5    1  0  0  0  0.  0.  ! Balmer continuum supplemented pseudocontinuum
 5.4D+14
  3 10  1    1  0  0  0  0.  0.  
  4 10  1    1  0  0  0  0.  0.  
  5 10  1    1  0  0  0  0.  0.  
  6 10  1    1  0  0  0  0.  0.  
  7 10  1    1  0  0  0  0.  0.  
  8 10  1    1  0  0  0  0.  0. 
  9 10  1    1  0  0  0  0.  0.  
****** Line transitions
 1  2 -1    0  0  6  8  0.  0.    ! H I Lyman LINES             ! 51 1
  F  1  7  0. 0.
 1  3 -1    0  0  7  7  0.  0.     !                  Ly-beta   ! 2
  F  1  7  0. 0.
 1  4 -1    0  0  0  0  0.  0.     !                            ! 3
  F  1  7  0. 0.
 1  5 -1    0  0  0  0  0.  0.     !                            ! 4
  F  1  7  0. 0.
 1  6 -1    0  0  0  0  0.  0.     !                            ! 5
  F  1  7  0. 0.
 1  7 -1    0  0  0  0  0.  0.     !                            ! 6
  F  1  7  0. 0.
 1  8 -1    0  0  0  0  0.  0.     !                            ! 7
  F  1  7  0. 0.
 1  9 -2    0  0  0  0  0.  0.     !                            ! 8
 3 3 5 1.5 15. 15. 3
 2  3 -1    0  0  7  7  0.  0.     !                 H-alpha   ! 13
  F  1  7  0. 0.
 2  4 -1    0  0  0  0  0.  0.                                 ! 45
  F  1  7  0. 0.
 2  5 -1    0  0  0  0  0.  0.                                 ! 46
  F  1  7  0. 0.
 2  6 -1    0  0  0  0  0.  0.                                 ! 46
  F  1  7  0. 0.
 2  7 -1    0  0  0  0  0.  0.                                 ! 46
  F  1  7  0. 0.
 2  8 -1    0  0  0  0  0.  0.                                 ! 46
  F  1  7  0. 0.
 2  9 -2    0  0  0  0  0.  0.                                 ! 46
 3 3 5 1.5 15. 15. 3
 3  4 -1    0  0  0  0  0.  0.                                 ! 47
  F  1  7  0. 0.
 3  5 -1    0  0  0  0  0.  0.                                 ! 48
  F  1  7  0. 0.
 3  6 -1    0  0  0  0  0.  0.                                 ! 48
  F  1  7  0. 0.
 3  7 -1    0  0  0  0  0.  0.                                 ! 48
  F  1  7  0. 0.
 3  8 -1    0  0  0  0  0.  0.                                 ! 48
  F  1  7  0. 0.
 3  9  0    0  0  0  0  0.  0.                                 ! 48
 4  5 -1    0  0  0  0  0.  0.                                 ! 49
  F  1  7  0. 0.
 4  6 -1    0  0  0  0  0.  0.                                 ! 49
  F  1  7  0. 0.
 4  7 -1    0  0  0  0  0.  0.                                 ! 49
  F  1  7  0. 0.
 4  8 -1    0  0  0  0  0.  0.                                 ! 49
  F  1  7  0. 0.
 4  9  0    0  0  0  0  0.  0.                                 ! 49
 5  6 -1    0  0  0  0  0.  0.                                 ! 49
  F  1  7  0. 0.
 5  7 -1    0  0  0  0  0.  0
  F  1  7  0. 0.
 5  8 -1    0  0  0  0  0.  0
  F  1  7  0. 0.
 5  9  0    0  0  0  0  0.  0
 6  7 -1    0  0  0  0  0.  0.                                 ! 49
  F  1  7  0. 0.
 6  8 -1    0  0  0  0  0.  0.
  F  1  7  0. 0.
 6  9  0    0  0  0  0  0.  0.
 7  8 -1    0  0  0  0  0.  0.                                 ! 49
  F  1  7  0. 0.
 7  9  0    0  0  0  0  0.  0.
 8  9  0    0  0  0  0  0.  0.                                 ! 49
