****** Levels
 1.84979665E+15      1.    1  'mg1  1Se 1'  0   0.  0
 1.19318876E+15      9.    2  'mg1  3Po 1'  0   0.  0
 7.98449587E+14      3.    2  'mg1  1Po 1'  0   0.  0
 6.14097645E+14      3.    2  'mg1  3Se 1'  0   0.  -102
 5.44933539E+14      1.    2  'mg1  1Se 2'  0   0.  -102
 4.57955418E+14      5.    3  'mg1  1De 1'  0   0.  -102
 4.14622520E+14      9.    3  'mg1  3Po 2'  0   0.  -102
 4.11345896E+14     15.    3  'mg1  3De 1'  0   0.  -102
 3.69661258E+14      3.    3  'mg1  1Po 2'  0   0.  -102
 1.20230966E+14    210.    5  'mg1 +3_o 4'  0   0.  -102
 1.17715398E+14     96.    5  'mg1 +1_e 1'  0   0.  -102
 1.17609417E+14     70.    5  'mg1 +1_o 2'  0   0.  -102
 1.08522197E+14    297.    6  'mg1 +3_e 3'  0   0.  -102
****** Continuum transitions
   1  14   1    130      0      0      0  2.5801E-19  0.0000E+00
 -0.0001  0.0444  0.0667  0.0806  0.0854  0.0911  0.0994  0.1062  0.1334  0.1410
  0.1433  0.1439  0.1476  0.1493  0.1558  0.1641  0.1942  0.2228  0.2429  0.2587
  0.2653  0.2686  0.2774  0.2928  0.3011  0.3237  0.4019  0.4991  0.6486  1.2945
  0.4131 -0.1108 -0.7414 -1.5984 -4.6035 -1.2963 -0.1597  0.1425 -0.9311 -1.7855
 -6.2025  0.7324 -4.0731 -1.7135 -0.0302 -1.6128 -0.8220 -0.9121 -0.9138 -0.8821
 -0.7200 -0.4527 -0.8130 -0.8611 -0.7830 -0.7410 -0.6119 -0.5345 -0.6552 -2.5863
   2  14   1    109      0      0      0  1.5097E-18  0.0000E+00
  0.0000  0.1594  0.1918  0.2342  0.2865  0.4235  0.5057  0.5929  1.2605
  1.1788  0.6207  0.2931  0.2845 -0.0173 -0.6466 -0.6466 -0.6035 -2.6121
   3  14   1    119      0      0      0  7.4558E-18  0.0000E+00
 -0.0000  0.0897  0.1008  0.1028  0.1159  0.2237  0.2518  0.2700  0.2851  0.3092
  0.3153  0.3233  0.3616  0.4484  0.5267  0.6050  0.8292  0.9822  1.6050
  1.8725  1.8960  2.1470  2.6490  1.9041  1.2968  0.8757 -0.5252  0.8595  0.6975
 -0.6385  0.7137  0.3817 -0.1449 -0.5483 -0.7138 -0.6311 -0.7035 -2.6276
   4  14   1    119      0      0      0  4.5233E-20  0.0000E+00
 -0.0001  0.0587  0.0987  0.1201  0.1361  0.2162  0.2335  0.2429  0.2562  0.2989
  0.3137  0.3232  0.3289  0.3459  0.3819  0.4331  0.5285  0.7500  1.4519
 -0.3441 -0.8277 -1.7932 -3.9173 -1.6001  0.2344  1.3102  3.0585  0.5965 -0.9966
 -3.4009  0.9348 -0.7920 -1.4864 -2.0683 -1.5427 -1.0932 -0.6346 -2.6863
   5  14   1    116      0      0      0  3.9489E-20  0.0000E+00
  0.0000  0.0299  0.0747  0.2206  0.2811  0.3701  0.4306  0.5535  0.5748  0.5834
  0.5943  0.6085  0.6868  0.7793  0.8648  1.5338
 -0.4035 -0.0725  0.3103  1.3448  2.3965  0.4482 -0.0345 -1.4443 -1.6060 -1.4245
 -0.3621 -0.9828 -1.0863 -0.6380 -0.6552 -2.6380
   6  14   1    137      0      0      0  3.1434E-18  0.0000E+00
  0.0003  0.0341  0.2461  0.2707  0.2896  0.3142  0.3208  0.3284  0.3637  0.3762
  0.3819  0.3869  0.3888  0.3913  0.3944  0.4001  0.4129  0.4137  0.4146  0.4154
  0.4163  0.4228  0.4300  0.4539  0.4595  0.4626  0.4642  0.5876  0.6479  0.6597
  0.6699  0.6818  0.6937  0.7734  0.8515  0.9253  1.5979
  1.4967  1.4102  0.8977  0.8822  0.9167  1.0663  1.0560  0.9532  0.2044 -0.1541
 -0.4701 -0.9329 -1.4069 -2.5109 -1.0286  0.1126  2.0318  3.3269  2.1252  1.9851
  1.8983  1.4281  1.1095  0.6311  0.3649 -0.1415  0.7732  0.2668  0.1026  0.0442
 -0.1812 -0.0421 -0.1144 -0.4705 -0.6430 -0.6570 -2.6621
   7  14   1    113      0      0      0  2.3913E-18  0.0000E+00
  0.0000  0.0395  0.2705  0.3400  0.3622  0.3742  0.3986  0.4164  0.4626  0.5729
  0.7936  0.9288  1.6014
  1.3786  1.2741  0.4689 -0.1465 -0.4518 -0.1223  3.1172  1.0896  0.5103 -0.2621
 -1.2690 -1.0207 -3.0069
   8  14   1    110      0      0      0  2.1316E-18  0.0000E+00
  0.0000  0.0614  0.2242  0.2705  0.3737  0.5196  0.6904  0.8185  0.9359  1.6014
  1.3287  1.0952  0.2206 -0.8138  2.2069  0.4551 -0.5518 -0.8414 -0.7587 -2.7863
   9  14   1    118      0      0      0  1.8949E-18  0.0000E+00
  0.0001  0.0396  0.0996  0.1870  0.1940  0.2003  0.2067  0.2133  0.2954  0.3737
  0.4626  0.5480  0.6975  0.7509  0.7829  0.9253  1.0142  1.6904
  1.2776  1.3195  1.3344  1.2196  1.2512  1.4706  1.3085  1.2433  0.8396 -0.6087
  2.1189  0.6707 -0.4156 -0.3190 -0.6087 -1.2242 -1.1759 -3.1793
  10  14   1    122      0      0      0  8.8381E-20  0.0000E+00
 -0.5508 -0.4629 -0.4555 -0.4115 -0.3553 -0.3480 -0.2649 -0.2355 -0.1231 -0.0962
  0.0382  0.0675  0.2240  0.2829  0.6102  0.8994  0.9555  0.9742  1.0115  1.2046
  1.4413  2.1761
  0.0149  0.1319  0.2724  0.1683  0.2203  0.3088  0.1163  0.2828  0.0227  0.1995
 -0.1542  0.0071 -0.3935 -0.3104 -1.2519 -2.2759  2.4655 -0.5345 -1.7759 -2.8449
 -3.2587 -5.4483
  11  14   1    121      0      0      0  4.4976E-20  0.0000E+00
 -0.5087 -0.5039 -0.4125 -0.4044 -0.3080 -0.3005 -0.1903 -0.1678 -0.0476 -0.0326
  0.1352  0.1428  0.3281  0.3306  0.5735  0.7562  0.8994  0.9555  1.0178  1.3354
  2.2073
 -0.1416 -0.0384 -0.2015 -0.1216 -0.3561 -0.2238 -0.4540 -0.2979 -0.5095 -0.3111
 -0.4963 -0.2529 -0.4381 -0.1471 -0.4275 -0.5001 -0.0863  1.3793 -0.9311 -2.2587
 -4.7242
  12  14   1    123      0      0      0  1.6924E-19  0.0000E+00
 -0.4569 -0.4545 -0.3563 -0.3500 -0.2476 -0.2309 -0.1097 -0.1014  0.0512  0.0575
  0.2455  0.2476  0.5623  0.7117  0.8185  0.8986  0.9252  0.9519  0.9786  1.0267
  1.2188  1.4484  2.1957
  0.1448  0.5215  0.3240  0.5690  0.3130  0.5324  0.2472  0.4593  0.1119  0.3130
 -0.0709  0.1046 -0.3449 -0.9138 -1.7242 -1.5173 -0.7759  3.3448  0.3965 -0.9483
 -2.0518 -2.6725 -4.8966
  13  14   1    133      0      0      0  5.2807E-20  0.0000E+00
 -0.5039 -0.4254 -0.4092 -0.3162 -0.3015 -0.2013 -0.1867 -0.0547 -0.0498  0.1164
  0.1189  0.3046  0.3169  0.4342  0.6868  0.7125  0.7265  0.7280  0.7498  0.8417
  0.8620  0.8729  0.8885  0.9181  0.9632  0.9913  1.0069  1.0284  1.1637  1.4555
  1.6619  1.7900  2.3736
 -0.1649 -0.2814 -0.0683 -0.2322 -0.0658 -0.2530 -0.1022 -0.3831 -0.1698 -0.5288
 -0.3155 -0.7993 -0.5548 -0.8565 -1.8621 -1.3858  0.0959 -1.1578 -1.6137 -1.3984
  0.6151 -1.2845 -1.5757 -1.6264 -0.9552  1.4888 -0.1574 -0.7932 -1.3966 -2.7070
 -2.9656 -3.0345 -4.7932
*** Line transitions
   1   2   0   0   4      0      0   0.000E+00   5.000E-02
   1   3  -1   0   1      0      0   1.750E+00   2.000E-01
  F  1  7  0.  0.
   1   4   0   0   4      0      0   0.000E+00   5.000E-02
   1   5   0   0   4      0      0   0.000E+00   5.000E-02
   1   6   0   0   4      0      0   0.000E+00   5.000E-02
   1   7   0   0   4      0      0   0.000E+00   5.000E-02
   1   8   0   0   4      0      0   0.000E+00   5.000E-02
   1   9  -1   0   1      0      0   1.230E-01   2.000E-01
  F  1  7  0.  0.
   1  10   0   0   4      0      0   0.000E+00   5.000E-02
   1  11   0   0   4      0      0   0.000E+00   5.000E-02
   1  12  -1   0   1      0      0   4.998E-02   2.000E-01
  F  1  7  0.  0.
   1  13   0   0   4      0      0   0.000E+00   5.000E-02
   2   3   0   0   4      0      0   0.000E+00   5.000E-02
   2   4  -1   0   1      0      0   1.356E-01   2.000E-01
  F  1  7  0.  0.
   2   5   0   0   4      0      0   0.000E+00   5.000E-02
   2   6   0   0   4      0      0   0.000E+00   5.000E-02
   2   7   0   0   4      0      0   0.000E+00   5.000E-02
   2   8  -1   0   1      0      0   6.244E-01   2.000E-01
  F  1  7  0.  0.
   2   9   0   0   4      0      0   0.000E+00   5.000E-02
   2  10   0   0   4      0      0   0.000E+00   5.000E-02
   2  11   0   0   4      0      0   0.000E+00   5.000E-02
   2  12   0   0   4      0      0   0.000E+00   5.000E-02
   2  13  -1   0   1      0      0   8.917E-01   2.000E-01
  F  1  7  0.  0.
   3   4   0   0   4      0      0   0.000E+00   5.000E-02
   3   5  -1   0   1      0      0   1.580E-01   7.000E-01
  F  1  7  0.  0.
   3   6  -1   0   1      0      0   2.297E-01   2.000E-01
  F  1  7  0.  0.
   3   7   0   0   4      0      0   0.000E+00   5.000E-02
   3   8   0   0   4      0      0   0.000E+00   5.000E-02
   3   9   0   0   4      0      0   0.000E+00   5.000E-02
   3  10   0   0   4      0      0   0.000E+00   5.000E-02
   3  11  -1   0   1      0      0   5.063E-01   2.000E-01
  F  1  7  0.  0.
   3  12   0   0   4      0      0   0.000E+00   5.000E-02
   3  13   0   0   4      0      0   0.000E+00   5.000E-02
   4   5   0   0   4      0      0   0.000E+00   5.000E-02
   4   6   0   0   4      0      0   0.000E+00   5.000E-02
   4   7  -1   0   1      0      0   1.343E+00   2.000E-01
  F  1  7  0.  0.
   4   8   0   0   4      0      0   0.000E+00   5.000E-02
   4   9   0   0   4      0      0   0.000E+00   5.000E-02
   4  10  -1   0   1      0      0   4.033E-02   2.000E-01
  F  1  7  0.  0.
   4  11   0   0   4      0      0   0.000E+00   5.000E-02
   4  12   0   0   4      0      0   0.000E+00   5.000E-02
   4  13   0   0   4      0      0   0.000E+00   5.000E-02
   5   6   0   0   4      0      0   0.000E+00   5.000E-02
   5   7   0   0   4      0      0   0.000E+00   5.000E-02
   5   8   0   0   4      0      0   0.000E+00   5.000E-02
   5   9  -1   0   1      0      0   1.280E+00   2.000E-01
  F  1  7  0.  0.
   5  10   0   0   4      0      0   0.000E+00   5.000E-02
   5  11   0   0   4      0      0   0.000E+00   5.000E-02
   5  12  -1   0   1      0      0   3.424E-02   2.000E-01
  F  1  7  0.  0.
   5  13   0   0   4      0      0   0.000E+00   5.000E-02
   6   7   0   0   4      0      0   0.000E+00   5.000E-02
   6   8   0   0   4      0      0   0.000E+00   5.000E-02
   6   9  -1   0   1      0      0   1.448E-01   7.000E-01
  F  1  7  0.  0.
   6  10   0   0   4      0      0   0.000E+00   5.000E-02
   6  11   0   0   4      0      0   0.000E+00   5.000E-02
   6  12  -1   0   1      0      0   7.817E-01   2.000E-01
  F  1  7  0.  0.
   6  13   0   0   4      0      0   0.000E+00   5.000E-02
   7   8  -1   0   1      0      0   0.000E+00   7.000E-01
  F  1  7  0.  0.
   7   9   0   0   4      0      0   0.000E+00   5.000E-02
   7  10   0   0   4      0      0   0.000E+00   5.000E-02
   7  11   0   0   4      0      0   0.000E+00   5.000E-02
   7  12   0   0   4      0      0   0.000E+00   5.000E-02
   7  13  -1   0   1      0      0   1.171E+00   2.000E-01
  F  1  7  0.  0.
   8   9   0   0   4      0      0   0.000E+00   5.000E-02
   8  10  -1   0   1      0      0   1.082E+00   2.000E-01
  F  1  7  0.  0.
   8  11   0   0   4      0      0   0.000E+00   5.000E-02
   8  12   0   0   4      0      0   0.000E+00   5.000E-02
   8  13   0   0   4      0      0   0.000E+00   5.000E-02
   9  10   0   0   4      0      0   0.000E+00   5.000E-02
   9  11  -1   0   1      0      0   1.275E+00   2.000E-01
  F  1  7  0.  0.
   9  12   0   0   4      0      0   0.000E+00   5.000E-02
   9  13   0   0   4      0      0   0.000E+00   5.000E-02
  10  11   0   0   4      0      0   0.000E+00   5.000E-02
  10  12   0   0   4      0      0   0.000E+00   5.000E-02
  10  13  -1   0   1      0      0   2.469E+00   7.000E-01
  F  1  7  0.  0.
  11  12  -1   0   1      0      0   2.751E+00   7.000E-01
  F  1  7  0.  0.
  11  13   0   0   4      0      0   0.000E+00   5.000E-02
  12  13   0   0   4      0      0   0.000E+00   5.000E-02
