****** Levels
 3.51607927E+15      4.    1  'n1   4So 1'  0   0.  0
 2.93934301E+15     10.    1  'n1   2Do 1'  0   0.  -102
 2.65106212E+15      6.    1  'n1   2Po 1'  0   0.  -102
 1.01649192E+15     12.    2  'n1   4Pe 1'  0   0.  -102
 9.30795045E+14      6.    2  'n1   2Pe 1'  0   0.  -102
 8.72616357E+14     12.    2  'n1   4Pe 2'  0   0.  -102
 7.09176746E+14      2.    2  'n1   2So 1'  0   0.  -102
 6.71496326E+14     20.    2  'n1   4Do 1'  0   0.  -102
 6.44481250E+14     12.    2  'n1   4Po 1'  0   0.  -102
 6.14117241E+14      4.    2  'n1   4So 2'  0   0.  -102
 6.11636897E+14     10.    2  'n1   2Do 2'  0   0.  -102
 5.82828740E+14      6.    2  'n1   2Po 2'  0   0.  -102
 5.26749016E+14     10.    2  'n1   2De 1'  0   0.  -102
 3.38015101E+14    144.    3  'n1  +4_e 3'  0   0.  -102
 3.33324527E+14     72.    3  'n1  +2_e 1'  0   0.  -102
 2.41536025E+14    156.    4  'n1  +4_o 4'  0   0.  -102
 2.25837450E+14    102.    4  'n1  +2_o 2'  0   0.  -102
 8.05727476E+13    380.    6  'n1  +2_e 5'  0   0.  -102
 7.99820638E+13    780.    6  'n1  +4_e 7'  0   0.  -102
 7.70853181E+13    406.    7  'n1  +2_o 6'  0   0.  -102
 7.63370123E+13    800.    7  'n1  +4_o 8'  0   0.  -102
****** Continuum transitions
   1  22   1    105      0      0      0   1.221E-18   0.000E+00
   0.002   0.080   0.224   0.578   1.216
   1.090   1.179   1.069   0.565  -1.331
   2  22   1    147      0      0      0   5.462E-19   0.000E+00
   0.000   0.004   0.005   0.006   0.007   0.008   0.009   0.010   0.011   0.011
   0.012   0.013   0.016   0.021   0.022   0.023   0.023   0.025   0.032   0.034
   0.034   0.035   0.035   0.036   0.037   0.038   0.039   0.043   0.044   0.045
   0.046   0.046   0.050   0.058   0.059   0.079   0.120   0.139   0.149   0.165
   0.187   0.197   0.219   0.232   0.285   0.638   1.310
   0.736   0.695   0.860   1.740   1.109   0.829   1.336   0.659   0.400   1.791
   1.103   0.928   0.819   0.757   1.347   2.841   1.440   0.948   0.762   0.638
   0.348   1.776   1.062   0.834   1.667   0.984   0.871   0.783   0.695   0.369
   2.417   0.902   0.772   0.819   1.148   1.148   1.144   1.180   1.251   1.513
   1.256   1.182   1.116   1.108   1.049   0.578  -1.448
   3  22   1    131      0      0      0   6.559E-19   0.000E+00
  -0.000   0.005   0.007   0.007   0.015   0.015   0.017   0.021   0.025   0.025
   0.026   0.028   0.037   0.064   0.065   0.080   0.085   0.089   0.092   0.132
   0.133   0.158   0.184   0.258   0.262   0.264   0.277   0.340   0.604   0.674
   1.337
   0.817   0.807   0.423   1.069   0.740   1.602   0.919   0.945   1.214   2.331
   0.318   0.715   0.770   0.753   0.996   0.992   1.120   1.116   0.962   1.010
   1.250   1.136   1.450   1.038   1.258   1.159   1.093   1.040   0.696   0.593
  -1.405
   4  22   1    123      0      0      0   1.298E-20   0.000E+00
   0.004   0.100   0.146   0.176   0.192   0.214   0.260   0.285   0.306   0.312
   0.322   0.369   0.428   0.448   0.456   0.471   0.481   0.515   0.556   0.655
   0.743   0.932   1.591
  -0.871  -0.440   0.069   0.931   0.043  -0.336  -0.431  -0.302   0.655  -0.276
  -0.383   0.435   0.472   0.762   2.277   0.422   0.340   0.315   0.642   0.724
   0.686   0.560  -1.448
   5  22   1    146      0      0      0   6.012E-20   0.000E+00
   0.000   0.016   0.037   0.052   0.058   0.067   0.078   0.083   0.094   0.107
   0.112   0.118   0.123   0.131   0.228   0.236   0.238   0.242   0.267   0.354
   0.421   0.444   0.462   0.483   0.493   0.508   0.533   0.569   0.588   0.607
   0.614   0.634   0.661   0.676   0.680   0.684   0.692   0.705   0.713   0.718
   0.732   0.799   0.866   0.957   0.989   1.665
  -0.223  -0.313  -0.355  -0.287  -0.069   0.845  -0.230  -0.355  -0.430  -0.324
   0.781  -0.148  -0.464  -0.057  -0.133  -0.084   0.270  -0.167  -0.159  -0.204
  -0.201  -0.150  -0.029   0.647   1.604   0.194  -0.067   1.310   0.061  -0.367
   0.724  -0.163  -0.099   0.296   2.031   0.398   0.035   0.494   2.279   0.462
  -0.424  -0.195  -0.073   0.155   0.552  -1.457
   6  22   1    123      0      0      0   1.055E-19   0.000E+00
   0.007   0.125   0.171   0.199   0.216   0.242   0.306   0.325   0.333   0.337
   0.344   0.363   0.370   0.373   0.377   0.382   0.407   0.414   0.552   0.658
   0.744   0.922   1.609
   0.026   0.069   0.336   0.937   0.366   0.017  -0.138  -0.051   0.165   0.690
  -0.046  -0.164  -0.046   0.649   0.032  -0.164   0.165   0.685   0.629   0.897
   0.922   0.767  -1.241
   7  22   1    151      0      0      0   4.408E-19   0.000E+00
  -0.001   0.050   0.053   0.054   0.055   0.057   0.072   0.127   0.129   0.131
   0.132   0.132   0.134   0.140   0.157   0.207   0.288   0.423   0.470   0.520
   0.562   0.587   0.612   0.623   0.629   0.636   0.649   0.655   0.665   0.684
   0.697   0.715   0.717   0.728   0.752   0.790   0.794   0.798   0.807   0.825
   0.836   0.865   0.875   0.964   0.986   0.996   1.028   1.068   1.078   1.178
   1.822
   0.647   0.395   0.296   0.649   0.463   0.421   0.340   0.112   0.104   0.073
  -0.021   0.254   0.139   0.099   0.041  -0.038  -0.083  -0.062  -0.300  -0.031
   0.083   0.321   1.924  -0.486  -0.523  -0.457   0.230  -0.532   0.147   0.122
  -0.528  -0.139  -0.627  -0.300  -0.337  -0.538   0.854   0.122  -0.118   0.705
   0.600  -0.372  -0.346  -0.548   0.072  -0.424  -0.621  -0.155  -0.828  -0.910
  -2.824
   8  22   1    123      0      0      0   3.039E-19   0.000E+00
  -0.000   0.100   0.167   0.601   0.633   0.690   0.733   0.797   0.823   0.836
   0.841   0.843   0.848   0.858   0.985   1.006   1.014   1.017   1.018   1.023
   1.037   1.062   1.730
   0.483   0.083  -0.138  -0.166  -0.303  -0.179  -0.372  -0.386  -0.348  -0.197
   0.350   3.213   0.148  -0.517  -0.736  -0.710  -0.441   0.906  -0.576  -0.761
  -0.870  -0.837  -2.869
   9  22   1    126      0      0      0   2.676E-19   0.000E+00
  -0.000   0.085   0.178   0.491   0.584   0.626   0.637   0.648   0.665   0.691
   0.712   0.717   0.740   0.822   0.839   0.851   0.856   0.859   0.860   0.866
   0.881   1.006   1.042   1.059   1.096   1.740
   0.428   0.028  -0.290  -0.235  -0.248  -0.014   1.145  -0.069  -0.276  -0.246
   0.055  -0.175  -0.400  -0.483  -0.431  -0.179   0.646   3.178   0.601  -0.334
  -0.572  -0.740  -0.678  -0.846  -0.883  -2.869
  10  22   1    153      0      0      0   2.076E-19   0.000E+00
  -0.000   0.068   0.327   0.354   0.364   0.367   0.374   0.398   0.438   0.445
   0.449   0.452   0.460   0.472   0.476   0.478   0.478   0.488   0.514   0.587
   0.622   0.640   0.656   0.664   0.674   0.695   0.708   0.713   0.722   0.725
   0.736   0.750   0.763   0.809   0.855   0.868   0.874   0.876   0.878   0.883
   0.891   0.927   0.931   0.970   0.976   0.980   1.020   1.027   1.029   1.034
   1.058   1.096   1.765
   0.317   0.207   0.207   0.341   0.667   1.507  -0.058   0.061   0.123   0.289
   1.222  -0.152   0.009   0.097   0.377   1.336  -0.157   0.102   0.149   0.092
   0.200   0.498   1.773   0.662   0.091  -0.175  -0.206  -0.097   0.662   2.524
   0.263  -0.042  -0.175  -0.308  -0.277  -0.066   0.396   3.158   0.779  -0.222
  -0.527  -0.621  -0.496  -0.602  -0.230  -0.602  -0.706  -0.642  -0.434  -0.773
  -0.813  -0.841  -2.828
  11  22   1    160      0      0      0   1.728E-19   0.000E+00
   0.001   0.019   0.024   0.026   0.028   0.030   0.032   0.038   0.041   0.043
   0.046   0.048   0.049   0.053   0.056   0.059   0.060   0.063   0.063   0.065
   0.073   0.088   0.137   0.228   0.591   0.630   0.645   0.652   0.656   0.663
   0.670   0.677   0.703   0.722   0.730   0.740   0.750   0.770   0.836   0.846
   0.849   0.860   0.876   0.882   0.909   0.937   1.029   1.051   1.080   1.089
   1.094   1.096   1.107   1.132   1.140   1.143   1.147   1.157   1.251   1.840
   0.236   0.189   0.207   0.346   0.947   0.904   0.299   0.160   0.143   0.441
   0.148   0.156   0.223   1.065   0.274   0.159   0.148   0.773   0.385   0.212
   0.164   0.123   0.062   0.205  -0.069   0.014   0.331   2.547   0.071   1.283
   0.054  -0.232  -0.266   0.063   1.413   0.149  -0.171  -0.275  -0.396  -0.137
   0.919  -0.050   0.409   2.045  -0.284  -0.561  -0.734  -0.301  -0.829  -0.673
  -0.067  -0.673  -0.846  -0.872  -0.647  -0.033  -0.725  -0.968  -1.221  -3.007
  12  22   1    139      0      0      0   1.440E-19   0.000E+00
  -0.000   0.048   0.063   0.063   0.073   0.089   0.101   0.104   0.108   0.117
   0.144   0.233   0.237   0.491   0.528   0.644   0.664   0.670   0.679   0.695
   0.710   0.738   0.747   0.767   0.786   0.790   0.854   0.864   0.866   0.871
   0.881   0.894   0.896   0.916   0.940   0.955   1.032   1.171   1.847
   0.159   0.138  -0.279   1.193   0.289   0.236   0.343   1.177   0.089   0.163
   0.195   0.187   0.289   0.052  -0.144  -0.152  -0.014   0.431   2.138   0.283
   0.068   0.283   1.099  -0.185  -0.556  -0.296  -0.481  -0.059   1.077   0.001
  -0.229   0.320   1.336   0.372  -0.222  -0.430  -0.674  -0.924  -2.966
  13  22   1    147      0      0      0   3.337E-19   0.000E+00
  -0.000   0.091   0.107   0.109   0.120   0.134   0.174   0.360   0.623   0.650
   0.664   0.672   0.677   0.688   0.729   0.739   0.743   0.747   0.760   0.769
   0.772   0.808   0.854   0.878   0.885   0.888   0.893   0.906   0.926   0.928
   0.932   0.934   0.942   0.958   0.966   0.974   0.984   0.988   0.989   0.994
   1.002   1.003   1.005   1.024   1.128   1.235   1.904
   0.524   0.058  -0.202  -1.256   0.617   0.181  -0.010  -0.187  -0.341  -0.273
  -0.116   0.232  -0.244  -0.425  -0.357  -0.273   0.389  -0.445  -0.357   0.154
  -0.278  -0.258  -0.057   0.521   1.489   2.610   0.932   0.046  -0.195   1.052
   0.020  -0.068  -0.113   0.331   1.958   0.293  -0.347  -0.107   1.116   0.019
  -0.374   0.751  -0.059  -0.151  -0.259  -0.197  -2.203
  14  22   1    130      0      0      0   1.860E-20   0.000E+00
  -0.212  -0.206   0.023   0.039   0.610   0.802   0.883   0.901   0.910   0.914
   0.914   0.921   0.944   0.972   0.983   0.985   0.990   0.996   1.018   1.062
   1.109   1.127   1.135   1.140   1.141   1.151   1.176   1.224   1.358   2.057
  -0.607  -0.110  -0.800  -0.262  -2.138  -2.469  -2.444  -2.014  -0.823   1.190
  -0.913  -1.944  -2.354  -1.734  -0.612   1.430  -0.712  -1.593  -2.515  -2.795
  -2.695  -2.244  -1.283   1.550  -0.692  -2.414  -2.775  -2.910  -3.035  -5.103
  15  22   1    127      0      0      0   4.135E-20   0.000E+00
  -0.222  -0.190   0.023   0.055   0.568   0.824   0.882   0.897   0.916   0.918
   0.928   0.951   0.978   0.988   0.993   1.000   1.009   1.103   1.136   1.144
   1.151   1.162   1.206   1.274   1.383   1.411   2.078
  -0.317   0.207  -0.455   0.041  -1.655  -2.276  -2.145  -1.804  -0.593   1.410
  -1.244  -1.784  -1.394  -0.873   1.650  -0.913  -1.934  -2.485  -1.294   1.830
  -1.033  -2.185  -2.625  -2.745  -2.645  -2.365  -4.400
  16  22   1    132      0      0      0   3.701E-20   0.000E+00
  -0.148  -0.121  -0.084  -0.068   0.082   0.114   0.397   0.488   0.600   0.979
   1.024   1.048   1.058   1.079   1.107   1.125   1.134   1.141   1.198   1.260
   1.271   1.280   1.282   1.284   1.285   1.289   1.300   1.359   1.419   1.434
   1.448   2.148
  -1.228  -0.607  -0.786  -0.207  -0.703  -0.552  -1.462  -1.669  -1.697  -2.110
  -1.997  -1.683   0.543  -2.111  -2.168  -1.664   1.275  -2.016  -2.387  -2.416
  -2.346  -1.921  -0.692   1.788  -1.029  -2.046  -2.416  -2.625  -2.730  -2.492
  -2.745  -4.800
  17  22   1    162      0      0      0   1.383E-19   0.000E+00
  -0.164  -0.120  -0.102  -0.089  -0.085  -0.067  -0.055  -0.042  -0.014  -0.003
   0.005   0.021   0.039   0.047   0.054   0.056   0.062   0.068   0.084   0.089
   0.104   0.108   0.111   0.131   0.143   0.146   0.150   0.164   0.173   0.185
   0.195   0.197   0.211   0.400   0.437   0.519   0.660   0.824   1.027   1.075
   1.085   1.096   1.118   1.152   1.168   1.168   1.192   1.224   1.237   1.259
   1.291   1.315   1.329   1.370   1.422   1.466   1.492   1.501   1.515   1.539
   1.571   2.313
  -1.476  -1.433  -0.821  -0.828  -0.424  -0.417   0.404   0.063   0.017   0.195
   0.039   0.837  -0.071   0.146  -0.071   0.028   0.594  -0.020   0.716  -0.317
  -0.354   0.205  -0.339  -0.356  -0.244   0.752  -0.163  -0.347   0.422  -0.247
   0.756  -0.163  -0.475  -1.108  -0.945  -1.100  -1.325  -1.425  -1.669  -1.248
   1.118  -0.833  -1.440  -1.240   1.079  -1.048  -1.555  -1.302   0.910  -1.632
  -1.479   0.849  -1.594  -1.993  -2.085  -1.348  -2.101  -1.287  -2.139  -1.671
  -2.339  -4.579
  18  22   1    130      0      0      0   1.464E-19   0.000E+00
  -0.303  -0.290  -0.199  -0.186  -0.082  -0.067   0.048   0.064   0.213   0.222
   1.470   1.522   1.535   1.544   1.573   1.604   1.606   1.617   1.641   1.681
   1.724   1.752   1.759   1.766   1.777   1.799   1.833   1.975   2.010   2.702
  -0.089   0.279   0.064   0.356   0.106   0.338   0.044   0.241  -0.124   0.082
  -3.397  -2.635   1.879  -2.463  -2.965  -2.027   2.249  -2.133  -3.202  -3.479
  -3.400  -2.437   2.275  -1.552  -2.951  -3.545  -3.759  -3.828  -3.718  -5.772
  19  22   1    130      0      0      0   7.076E-20   0.000E+00
  -0.375  -0.296  -0.290  -0.203  -0.184  -0.092  -0.071   0.051   0.067   0.212
   0.227   1.242   1.491   1.522   1.532   1.534   1.546   1.564   1.598   1.612
   1.622   1.640   1.690   1.730   1.754   1.764   1.773   1.813   1.986   2.680
  -0.420  -0.658  -0.040  -0.242   0.043  -0.183   0.015  -0.270  -0.084  -0.444
  -0.226  -3.076  -3.614  -3.335  -2.278   2.005  -2.715  -3.349  -2.828   1.991
  -2.842  -3.617  -3.955  -3.856  -3.278   2.189  -3.321  -4.053  -4.307  -6.407
  20  22   1    135      0      0      0   1.320E-19   0.000E+00
  -0.314  -0.283  -0.190  -0.172  -0.079  -0.058   0.056   0.076   0.223   0.234
   0.564   0.900   1.491   1.544   1.554   1.568   1.585   1.611   1.629   1.641
   1.659   1.682   1.702   1.708   1.743   1.769   1.782   1.787   1.824   1.893
   1.929   1.977   1.995   2.023   2.701
  -0.476   0.195   0.045   0.288   0.067   0.252  -0.005   0.159  -0.212  -0.055
  -1.032  -1.788  -2.586  -2.166   2.167  -2.049  -2.482  -2.154   2.156  -2.236
  -2.611  -2.354  -0.421  -2.283  -2.658  -1.042   1.804  -1.885  -2.857  -3.056
  -2.740  -3.255  -2.799  -3.396  -5.448
  21  22   1    140      0      0      0   7.358E-20   0.000E+00
  -0.313  -0.300  -0.273  -0.270  -0.209  -0.197  -0.174  -0.167  -0.104  -0.086
  -0.063  -0.054   0.029   0.040   0.077   0.083   0.186   0.195   0.233   0.243
   0.815   1.032   1.054   1.103   1.514   1.551   1.557   1.561   1.600   1.618
   1.632   1.640   1.672   1.745   1.772   1.788   1.790   1.820   1.972   2.637
  -0.711  -0.404  -0.309  -0.066  -0.221  -0.134  -0.193   0.006  -0.169  -0.114
  -0.189   0.018  -0.213  -0.189  -0.281  -0.090  -0.388  -0.345  -0.464  -0.309
  -2.172  -2.577  -2.250  -2.807  -3.170  -2.710   1.634  -2.516  -3.291  -2.867
   1.912  -2.673  -3.399  -3.532  -3.194   2.093  -2.891  -3.641  -3.883  -5.897
*** Line transitions
   1   2   0   0   4      0      0   0.000E+00   5.000E-02
   1   3   0   0   4      0      0   0.000E+00   5.000E-02
   1   4  -1   0   1      0      0   3.300E-01   2.000E-01
  F  1  7  0.  0.
   1   5   0   0   4      0      0   0.000E+00   5.000E-02
   1   6  -1   0   1      0      0   2.315E-02   2.000E-01
  F  1  7  0.  0.
   1   7   0   0   4      0      0   0.000E+00   5.000E-02
   1   8   0   0   4      0      0   0.000E+00   5.000E-02
   1   9   0   0   4      0      0   0.000E+00   5.000E-02
   1  10   0   0   4      0      0   0.000E+00   5.000E-02
   1  11   0   0   4      0      0   0.000E+00   5.000E-02
   1  12   0   0   4      0      0   0.000E+00   5.000E-02
   1  13   0   0   4      0      0   0.000E+00   5.000E-02
   1  14  -1   0   1      0      0   1.493E-01   2.000E-01
  F  1  7  0.  0.
   1  15   0   0   4      0      0   0.000E+00   5.000E-02
   1  16   0   0   4      0      0   0.000E+00   5.000E-02
   1  17   0   0   4      0      0   0.000E+00   5.000E-02
   1  18   0   0   4      0      0   0.000E+00   5.000E-02
   1  19  -1   0   1      0      0   6.233E-02   2.000E-01
  F  1  7  0.  0.
   1  20   0   0   4      0      0   0.000E+00   5.000E-02
   1  21   0   0   4      0      0   0.000E+00   5.000E-02
   2   3   0   0   4      0      0   0.000E+00   5.000E-02
   2   4   0   0   4      0      0   0.000E+00   5.000E-02
   2   5  -1   0   1      0      0   7.060E-02   2.000E-01
  F  1  7  0.  0.
   2   6   0   0   4      0      0   0.000E+00   5.000E-02
   2   7   0   0   4      0      0   0.000E+00   5.000E-02
   2   8   0   0   4      0      0   0.000E+00   5.000E-02
   2   9   0   0   4      0      0   0.000E+00   5.000E-02
   2  10   0   0   4      0      0   0.000E+00   5.000E-02
   2  11   0   0   4      0      0   0.000E+00   5.000E-02
   2  12   0   0   4      0      0   0.000E+00   5.000E-02
   2  13  -1   0   1      0      0   7.760E-02   2.000E-01
  F  1  7  0.  0.
   2  14   0   0   4      0      0   0.000E+00   5.000E-02
   2  15  -1   0   1      0      0   7.659E-02   2.000E-01
  F  1  7  0.  0.
   2  16   0   0   4      0      0   0.000E+00   5.000E-02
   2  17   0   0   4      0      0   0.000E+00   5.000E-02
   2  18  -1   0   1      0      0   2.920E-02   2.000E-01
  F  1  7  0.  0.
   2  19   0   0   4      0      0   0.000E+00   5.000E-02
   2  20   0   0   4      0      0   0.000E+00   5.000E-02
   2  21   0   0   4      0      0   0.000E+00   5.000E-02
   3   4   0   0   4      0      0   0.000E+00   5.000E-02
   3   5  -1   0   1      0      0   6.133E-02   2.000E-01
  F  1  7  0.  0.
   3   6   0   0   4      0      0   0.000E+00   5.000E-02
   3   7   0   0   4      0      0   0.000E+00   5.000E-02
   3   8   0   0   4      0      0   0.000E+00   5.000E-02
   3   9   0   0   4      0      0   0.000E+00   5.000E-02
   3  10   0   0   4      0      0   0.000E+00   5.000E-02
   3  11   0   0   4      0      0   0.000E+00   5.000E-02
   3  12   0   0   4      0      0   0.000E+00   5.000E-02
   3  13  -1   0   1      0      0   2.133E-02   2.000E-01
  F  1  7  0.  0.
   3  14   0   0   4      0      0   0.000E+00   5.000E-02
   3  15  -1   0   1      0      0   8.402E-02   2.000E-01
  F  1  7  0.  0.
   3  16   0   0   4      0      0   0.000E+00   5.000E-02
   3  17   0   0   4      0      0   0.000E+00   5.000E-02
   3  18  -1   0   1      0      0   3.195E-02   2.000E-01
  F  1  7  0.  0.
   3  19   0   0   4      0      0   0.000E+00   5.000E-02
   3  20   0   0   4      0      0   0.000E+00   5.000E-02
   3  21   0   0   4      0      0   0.000E+00   5.000E-02
   4   5   0   0   4      0      0   0.000E+00   5.000E-02
   4   6   0   0   4      0      0   0.000E+00   5.000E-02
   4   7   0   0   4      0      0   0.000E+00   5.000E-02
   4   8  -1   0   1      0      0   3.525E-01   7.000E-01
  F  1  7  0.  0.
   4   9  -1   0   1      0      0   2.450E-01   7.000E-01
  F  1  7  0.  0.
   4  10  -1   0   1      0      0   6.675E-02   2.000E-01
  F  1  7  0.  0.
   4  11   0   0   4      0      0   0.000E+00   5.000E-02
   4  12   0   0   4      0      0   0.000E+00   5.000E-02
   4  13   0   0   4      0      0   0.000E+00   5.000E-02
   4  14   0   0   4      0      0   0.000E+00   5.000E-02
   4  15   0   0   4      0      0   0.000E+00   5.000E-02
   4  16  -1   0   1      0      0   5.120E-03   2.000E-01
  F  1  7  0.  0.
   4  17   0   0   4      0      0   0.000E+00   5.000E-02
   4  18   0   0   4      0      0   0.000E+00   5.000E-02
   4  19   0   0   4      0      0   0.000E+00   5.000E-02
   4  20   0   0   4      0      0   0.000E+00   5.000E-02
   4  21  -1   0   1      0      0   5.411E-04   2.000E-01
  F  1  7  0.  0.
   5   6   0   0   4      0      0   0.000E+00   5.000E-02
   5   7  -1   0   1      0      0   8.550E-02   7.000E-01
  F  1  7  0.  0.
   5   8   0   0   4      0      0   0.000E+00   5.000E-02
   5   9   0   0   4      0      0   0.000E+00   5.000E-02
   5  10   0   0   4      0      0   0.000E+00   5.000E-02
   5  11  -1   0   1      0      0   5.750E-01   7.000E-01
  F  1  7  0.  0.
   5  12  -1   0   1      0      0   3.517E-01   7.000E-01
  F  1  7  0.  0.
   5  13   0   0   4      0      0   0.000E+00   5.000E-02
   5  14   0   0   4      0      0   0.000E+00   5.000E-02
   5  15   0   0   4      0      0   0.000E+00   5.000E-02
   5  16   0   0   4      0      0   0.000E+00   5.000E-02
   5  17  -1   0   1      0      0   2.862E-02   2.000E-01
  F  1  7  0.  0.
   5  18   0   0   4      0      0   0.000E+00   5.000E-02
   5  19   0   0   4      0      0   0.000E+00   5.000E-02
   5  20  -1   0   1      0      0   1.242E-02   2.000E-01
  F  1  7  0.  0.
   5  21   0   0   4      0      0   0.000E+00   5.000E-02
   6   7   0   0   4      0      0   0.000E+00   5.000E-02
   6   8  -1   0   1      0      0   1.650E-01   7.000E-01
  F  1  7  0.  0.
   6   9  -1   0   1      0      0   7.700E-02   7.000E-01
  F  1  7  0.  0.
   6  10  -1   0   1      0      0   6.450E-02   7.000E-01
  F  1  7  0.  0.
   6  11   0   0   4      0      0   0.000E+00   5.000E-02
   6  12   0   0   4      0      0   0.000E+00   5.000E-02
   6  13   0   0   4      0      0   0.000E+00   5.000E-02
   6  14   0   0   4      0      0   0.000E+00   5.000E-02
   6  15   0   0   4      0      0   0.000E+00   5.000E-02
   6  16  -1   0   1      0      0   6.986E-03   2.000E-01
  F  1  7  0.  0.
   6  17   0   0   4      0      0   0.000E+00   5.000E-02
   6  18   0   0   4      0      0   0.000E+00   5.000E-02
   6  19   0   0   4      0      0   0.000E+00   5.000E-02
   6  20   0   0   4      0      0   0.000E+00   5.000E-02
   6  21  -1   0   1      0      0   4.634E-03   2.000E-01
  F  1  7  0.  0.
   7   8   0   0   4      0      0   0.000E+00   5.000E-02
   7   9   0   0   4      0      0   0.000E+00   5.000E-02
   7  10   0   0   4      0      0   0.000E+00   5.000E-02
   7  11   0   0   4      0      0   0.000E+00   5.000E-02
   7  12   0   0   4      0      0   0.000E+00   5.000E-02
   7  13   0   0   4      0      0   0.000E+00   5.000E-02
   7  14   0   0   4      0      0   0.000E+00   5.000E-02
   7  15  -1   0   1      0      0   1.087E+00   2.000E-01
  F  1  7  0.  0.
   7  16   0   0   4      0      0   0.000E+00   5.000E-02
   7  17   0   0   4      0      0   0.000E+00   5.000E-02
   7  18  -1   0   1      0      0   4.474E-02   2.000E-01
  F  1  7  0.  0.
   7  19   0   0   4      0      0   0.000E+00   5.000E-02
   7  20   0   0   4      0      0   0.000E+00   5.000E-02
   7  21   0   0   4      0      0   0.000E+00   5.000E-02
   8   9   0   0   4      0      0   0.000E+00   5.000E-02
   8  10   0   0   4      0      0   0.000E+00   5.000E-02
   8  11   0   0   4      0      0   0.000E+00   5.000E-02
   8  12   0   0   4      0      0   0.000E+00   5.000E-02
   8  13   0   0   4      0      0   0.000E+00   5.000E-02
   8  14  -1   0   1      0      0   1.163E+00   2.000E-01
  F  1  7  0.  0.
   8  15   0   0   4      0      0   0.000E+00   5.000E-02
   8  16   0   0   4      0      0   0.000E+00   5.000E-02
   8  17   0   0   4      0      0   0.000E+00   5.000E-02
   8  18   0   0   4      0      0   0.000E+00   5.000E-02
   8  19  -1   0   1      0      0   3.337E-02   2.000E-01
  F  1  7  0.  0.
   8  20   0   0   4      0      0   0.000E+00   5.000E-02
   8  21   0   0   4      0      0   0.000E+00   5.000E-02
   9  10   0   0   4      0      0   0.000E+00   5.000E-02
   9  11   0   0   4      0      0   0.000E+00   5.000E-02
   9  12   0   0   4      0      0   0.000E+00   5.000E-02
   9  13   0   0   4      0      0   0.000E+00   5.000E-02
   9  14  -1   0   1      0      0   1.192E+00   2.000E-01
  F  1  7  0.  0.
   9  15   0   0   4      0      0   0.000E+00   5.000E-02
   9  16   0   0   4      0      0   0.000E+00   5.000E-02
   9  17   0   0   4      0      0   0.000E+00   5.000E-02
   9  18   0   0   4      0      0   0.000E+00   5.000E-02
   9  19  -1   0   1      0      0   2.931E-02   2.000E-01
  F  1  7  0.  0.
   9  20   0   0   4      0      0   0.000E+00   5.000E-02
   9  21   0   0   4      0      0   0.000E+00   5.000E-02
  10  11   0   0   4      0      0   0.000E+00   5.000E-02
  10  12   0   0   4      0      0   0.000E+00   5.000E-02
  10  13   0   0   4      0      0   0.000E+00   5.000E-02
  10  14  -1   0   1      0      0   1.196E+00   2.000E-01
  F  1  7  0.  0.
  10  15   0   0   4      0      0   0.000E+00   5.000E-02
  10  16   0   0   4      0      0   0.000E+00   5.000E-02
  10  17   0   0   4      0      0   0.000E+00   5.000E-02
  10  18   0   0   4      0      0   0.000E+00   5.000E-02
  10  19  -1   0   1      0      0   1.941E-02   2.000E-01
  F  1  7  0.  0.
  10  20   0   0   4      0      0   0.000E+00   5.000E-02
  10  21   0   0   4      0      0   0.000E+00   5.000E-02
  11  12   0   0   4      0      0   0.000E+00   5.000E-02
  11  13  -1   0   1      0      0   4.690E-03   7.000E-01
  F  1  7  0.  0.
  11  14   0   0   4      0      0   0.000E+00   5.000E-02
  11  15  -1   0   1      0      0   1.169E+00   2.000E-01
  F  1  7  0.  0.
  11  16   0   0   4      0      0   0.000E+00   5.000E-02
  11  17   0   0   4      0      0   0.000E+00   5.000E-02
  11  18  -1   0   1      0      0   1.747E-02   2.000E-01
  F  1  7  0.  0.
  11  19   0   0   4      0      0   0.000E+00   5.000E-02
  11  20   0   0   4      0      0   0.000E+00   5.000E-02
  11  21   0   0   4      0      0   0.000E+00   5.000E-02
  12  13  -1   0   1      0      0   5.317E-03   7.000E-01
  F  1  7  0.  0.
  12  14   0   0   4      0      0   0.000E+00   5.000E-02
  12  15  -1   0   1      0      0   1.172E+00   2.000E-01
  F  1  7  0.  0.
  12  16   0   0   4      0      0   0.000E+00   5.000E-02
  12  17   0   0   4      0      0   0.000E+00   5.000E-02
  12  18  -1   0   1      0      0   1.097E-02   2.000E-01
  F  1  7  0.  0.
  12  19   0   0   4      0      0   0.000E+00   5.000E-02
  12  20   0   0   4      0      0   0.000E+00   5.000E-02
  12  21   0   0   4      0      0   0.000E+00   5.000E-02
  13  14   0   0   4      0      0   0.000E+00   5.000E-02
  13  15   0   0   4      0      0   0.000E+00   5.000E-02
  13  16   0   0   4      0      0   0.000E+00   5.000E-02
  13  17  -1   0   1      0      0   6.604E-01   2.000E-01
  F  1  7  0.  0.
  13  18   0   0   4      0      0   0.000E+00   5.000E-02
  13  19   0   0   4      0      0   0.000E+00   5.000E-02
  13  20  -1   0   1      0      0   1.595E-01   2.000E-01
  F  1  7  0.  0.
  13  21   0   0   4      0      0   0.000E+00   5.000E-02
  14  15   0   0   4      0      0   0.000E+00   5.000E-02
  14  16  -1   0   1      0      0   1.299E+00   2.000E-01
  F  1  7  0.  0.
  14  17   0   0   4      0      0   0.000E+00   5.000E-02
  14  18   0   0   4      0      0   0.000E+00   5.000E-02
  14  19   0   0   4      0      0   0.000E+00   5.000E-02
  14  20   0   0   4      0      0   0.000E+00   5.000E-02
  14  21  -1   0   1      0      0   5.998E-01   2.000E-01
  F  1  7  0.  0.
  15  16   0   0   4      0      0   0.000E+00   5.000E-02
  15  17  -1   0   1      0      0   1.259E+00   2.000E-01
  F  1  7  0.  0.
  15  18   0   0   4      0      0   0.000E+00   5.000E-02
  15  19   0   0   4      0      0   0.000E+00   5.000E-02
  15  20  -1   0   1      0      0   6.449E-01   2.000E-01
  F  1  7  0.  0.
  15  21   0   0   4      0      0   0.000E+00   5.000E-02
  16  17   0   0   4      0      0   0.000E+00   5.000E-02
  16  18   0   0   4      0      0   0.000E+00   5.000E-02
  16  19  -1   0   1      0      0   1.064E+00   2.000E-01
  F  1  7  0.  0.
  16  20   0   0   4      0      0   0.000E+00   5.000E-02
  16  21   0   0   4      0      0   0.000E+00   5.000E-02
  17  18  -1   0   1      0      0   7.791E-01   2.000E-01
  F  1  7  0.  0.
  17  19   0   0   4      0      0   0.000E+00   5.000E-02
  17  20   0   0   4      0      0   0.000E+00   5.000E-02
  17  21   0   0   4      0      0   0.000E+00   5.000E-02
  18  19   0   0   4      0      0   0.000E+00   5.000E-02
  18  20  -1   0   1      0      0   2.517E+00   7.000E-01
  F  1  7  0.  0.
  18  21   0   0   4      0      0   0.000E+00   5.000E-02
  19  20   0   0   4      0      0   0.000E+00   5.000E-02
  19  21  -1   0   1      0      0   2.442E+00   7.000E-01
  F  1  7  0.  0.
  20  21   0   0   4      0      0   0.000E+00   5.000E-02
