****** Levels
 7.15460162E+15      9.    2  'N II 3Pe 1'  0   0.  0
 6.69812068E+15      5.    2  'N II 1De 1'  0   0.  0
 6.17732637E+15      1.    2  'N II 1Se 1'  0   0.  -102
 5.76627653E+15      5.    3  'N II 5So 1'  0   0.  -102
 4.39196591E+15     15.    3  'N II 3Do 1'  0   0.  -102
 3.88314570E+15      9.    3  'N II 3Po 1'  0   0.  -102
 2.83480243E+15      5.    3  'N II 1Do 1'  0   0.  -102
 2.69017693E+15      9.    3  'N II 3Po 2'  0   0.  -102
 2.68491640E+15      3.    3  'N II 1Po 1'  0   0.  -102
 2.50688087E+15      3.    3  'N II 3So 1'  0   0.  -102
 2.22256706E+15      3.    3  'N II 1Pe 1'  0   0.  -102
 2.16247738E+15     15.    3  'N II 3De 1'  0   0.  -102
 2.15796686E+15      3.    3  'N II 1Po 2'  0   0.  -102
 2.09421881E+15      3.    4  'N II 3Se 1'  0   0.  -102
 2.04192892E+15      9.    4  'N II 3Pe 2'  0   0.  -102
 1.93473996E+15      5.    4  'N II 1De 2'  0   0.  -102
 1.81298770E+15      1.    4  'N II 1Se 2'  0   0.  -102
 1.54315477E+15     45.    4  'N II+3_o 1'  0   0.  -102
 1.50337465E+15     15.    4  'N II+1_o 2'  0   0.  -102
 1.14379180E+15     36.    4  'N II+3__ 3'  0   0.  -102
 1.10880741E+15     12.    4  'N II+1__ 4'  0   0.  -102
 1.00302425E+15     15.    5  'N II 5Pe 1'  0   0.  -102
 8.37541104E+14    117.    5  'N II+3__ 5'  0   0.  -102
 8.31240320E+14     36.    5  'N II+1__ 6'  0   0.  -102
 5.62036937E+14    234.    5  'N II+3__ 7'  0   0.  -102
 5.56424254E+14     75.    6  'N II+1__ 8'  0   0.  -102
****** Continuum transitions
   1  27   1    115      0      0      0   1.506E-18   0.000E+00
 -0.0073  0.0315  0.0639  0.1091  0.1867  0.2772  0.3354  1.1631  1.1695  1.1760
  1.2471  1.4088  1.5381  1.7256  1.8381
  0.8891  0.9161  0.8614  0.8027  0.6480  0.4902  0.3843 -1.4679 -0.4460 -0.3816
 -0.3996 -0.8075 -1.1533 -1.6780 -2.0076
   2  27   1    115      0      0      0   1.619E-18   0.000E+00
 -0.0078  0.0310  0.0504  0.0569  0.0633  0.0763  0.0892  0.1086  0.1151  0.1539
  0.1927  0.2832  0.4125  0.5289  1.0533
  0.9252  0.9143  0.9455  0.9432  0.9172  0.8310  0.7842  0.8028  0.7982  0.7184
  0.6505  0.5095  0.2718 -0.0716 -1.6474
   3  27   1    113      0      0      0   1.931E-18   0.000E+00
 -0.0085  0.0755  0.1143  0.1273  0.1402  0.1531  0.1725  0.2178  0.2695  0.3212
  0.4312  0.4700  1.0685
  0.9961  0.8945  0.8712  0.8302  0.7856  0.7674  0.7528  0.6766  0.5871  0.5036
  0.3015  0.1956 -1.6024
   4  27   1    107      0      0      0   3.310E-18   0.000E+00
  0.1009  0.1978  0.2948  0.3660  0.4436  0.5535  1.0394
  1.0603  0.9256  0.7292  0.5848  0.4026  0.0788 -1.3813
   5  27   1    139      0      0      0   7.989E-20   0.000E+00
 -0.0119  0.0010  0.0075  0.0139  0.0204  0.0269  0.0333  0.0398  0.0463  0.0527
  0.0592  0.0657  0.0721  0.0786  0.0851  0.0915  0.0980  0.1045  0.1239  0.1303
  0.1368  0.1497  0.1562  0.1627  0.1756  0.1821  0.2144  0.2273  0.2467  0.2726
  0.2855  0.2985  0.3179  0.3373  0.4019  0.4795  0.5312  1.1002  1.1560
 -0.0755  0.3575  0.5443  0.6898  0.7953  0.8643  0.8914  0.8657  0.7876  0.6915
  0.6498  0.6937  0.7807  0.8851  0.9989  1.0993  1.1633  1.1870  1.2268  1.2108
  1.1521  0.9647  0.9092  0.9267  0.9921  1.0072  1.0221  1.0060  0.9732  0.9563
  0.9237  0.8805  0.8521  0.8267  0.7049  0.5612  0.4491 -1.2550 -1.4233
   6  27   1    141      0      0      0   5.621E-20   0.000E+00
 -0.0136 -0.0007  0.0058  0.0123  0.0187  0.0252  0.0317  0.0381  0.0446  0.0511
  0.0575  0.0640  0.0705  0.0769  0.0834  0.0898  0.1028  0.1092  0.1157  0.1222
  0.1286  0.1351  0.1416  0.1480  0.1610  0.1739  0.1868  0.1933  0.2062  0.2127
  0.2192  0.2256  0.2386  0.2450  0.2709  0.3550  0.3873  0.4196  0.5360  0.5748
  1.1970
 -0.2331  0.3982  0.6783  0.8841  1.0061  1.0556  1.0548  1.0241  0.9701  0.8983
  0.8583  0.9355  1.0992  1.2514  1.3611  1.4536  1.6669  1.7266  1.7141  1.6271
  1.4828  1.3201  1.1939  1.1298  1.0648  0.9595  0.9414  0.9828  1.0939  1.1273
  1.1346  1.1144  1.0421  1.0207  0.9967  0.8952  0.8166  0.7700  0.5562  0.4715
 -1.3937
   7  27   1    164      0      0      0   1.638E-19   0.000E+00
 -0.0190  0.0134  0.0263  0.0328  0.0392  0.0457  0.0522  0.0586  0.0651  0.0715
  0.0780  0.0845  0.0909  0.0974  0.1103  0.1168  0.1233  0.1491  0.1556  0.1621
  0.1685  0.1750  0.1815  0.1879  0.1944  0.2009  0.2073  0.2138  0.2203  0.2267
  0.2332  0.2397  0.2461  0.2526  0.2591  0.2655  0.2720  0.2785  0.2849  0.2914
  0.2979  0.3043  0.3108  0.3173  0.3237  0.3302  0.3367  0.3431  0.3496  0.3561
  0.3625  0.3819  0.3884  0.3949  0.4142  0.4207  0.4272  0.4466  0.4530  0.4854
  0.6147  0.6729  0.7117  1.3050
 -0.0846 -0.0785 -0.0574 -0.0432 -0.0110  0.0588  0.1748  0.3397  0.5147  0.6477
  0.7115  0.6967  0.6050  0.4472  0.0454 -0.0984 -0.1985 -0.2827  0.0248  0.4142
  0.8829  1.2846  1.5822  1.7778  1.8722  1.8688  1.7724  1.5994  1.3707  1.1304
  0.9458  0.8770  0.8928  0.9202  0.9133  0.8784  0.8529  0.8618  0.9137  0.9943
  1.0857  1.1629  1.2023  1.1925  1.1377  1.0595  0.9929  0.9727  0.9960  1.0338
  1.0611  1.1012  1.1017  1.0811  0.9495  0.9260  0.9156  0.9399  0.9396  0.8679
  0.6461  0.5352  0.4301 -1.3522
   8  27   1    154      0      0      0   3.358E-19   0.000E+00
 -0.0197 -0.0003  0.0061  0.0126  0.0190  0.0255  0.0320  0.0449  0.0514  0.0578
  0.0643  0.0708  0.0772  0.0837  0.0902  0.1096  0.1160  0.1225  0.1290  0.1354
  0.1548  0.1613  0.1678  0.1742  0.1807  0.1872  0.1936  0.2001  0.2066  0.2130
  0.2195  0.2260  0.2324  0.2389  0.2454  0.2518  0.2583  0.2648  0.2712  0.2777
  0.2842  0.3100  0.3488  0.3941  0.4070  0.4135  0.4264  0.4393  0.4652  0.4911
  0.6527  0.6915  0.7174  1.3358
  0.2074  0.2458  0.2771  0.3181  0.3775  0.4651  0.6010  0.9490  1.0769  1.1311
  1.1009  0.9838  0.7843  0.5172  0.3656  0.1019  0.0932  0.1141  0.1515  0.2422
  0.6496  0.7750  0.8708  0.9122  0.8865  0.8172  0.8072  0.9709  1.2163  1.4139
  1.5178  1.5199  1.4214  1.2259  0.9416  0.5938  0.2326 -0.0575 -0.2114 -0.2597
 -0.2886 -0.2990 -0.3459 -0.3633 -0.3532 -0.3548 -0.3850 -0.4170 -0.4298 -0.4895
 -0.6805 -0.7295 -0.7937 -2.6509
   9  27   1    156      0      0      0   1.770E-19   0.000E+00
 -0.0198  0.0513  0.0577  0.0642  0.0707  0.0771  0.0836  0.0901  0.0965  0.1095
  0.1159  0.1224  0.1353  0.1418  0.1547  0.1612  0.1677  0.1741  0.1806  0.1871
  0.1935  0.2000  0.2065  0.2129  0.2194  0.2259  0.2323  0.2388  0.2453  0.2517
  0.2582  0.2647  0.2711  0.2776  0.2841  0.2970  0.3035  0.3164  0.3229  0.3293
  0.3358  0.3487  0.3552  0.3616  0.3746  0.3875  0.4134  0.4263  0.4586  0.4651
  0.4845  0.4910  0.5168  0.6849  0.7108  1.3202
 -0.0402  0.0176  0.1270  0.2826  0.4583  0.5916  0.6581  0.6543  0.5904  0.3830
  0.2911  0.2280  0.1633  0.1607  0.1975  0.3261  0.4685  0.6658  0.8412  0.9647
  1.0384  1.0893  1.1626  1.2833  1.4175  1.5134  1.5373  1.4766  1.3302  1.1037
  0.8127  0.4944  0.2279  0.1037  0.1010  0.1608  0.2035  0.3314  0.3685  0.3683
  0.3335  0.2100  0.1692  0.1668  0.2025  0.1999  0.1744  0.1564  0.1577  0.1475
  0.0751  0.0589  0.0491 -0.2244 -0.2855 -2.1147
  10  27   1    175      0      0      0   8.160E-22   0.000E+00
 -0.0217 -0.0153 -0.0088 -0.0023  0.0041  0.0106  0.0170  0.0235  0.0300  0.0364
  0.0429  0.0494  0.0558  0.0623  0.0688  0.0752  0.0817  0.0882  0.0946  0.1011
  0.1076  0.1140  0.1205  0.1270  0.1334  0.1399  0.1464  0.1528  0.1593  0.1658
  0.1787  0.1852  0.1916  0.1981  0.2046  0.2110  0.2240  0.2304  0.2369  0.2434
  0.2498  0.2563  0.2628  0.2757  0.2822  0.2886  0.3016  0.3080  0.3145  0.3210
  0.3274  0.3339  0.3404  0.3468  0.3533  0.3597  0.3662  0.3727  0.3791  0.3856
  0.3921  0.3985  0.4050  0.4179  0.4244  0.4309  0.4438  0.4567  0.4697  0.4891
  0.5085  0.5408  0.6895  0.7348  1.3253
 -2.1286 -1.6943 -1.1217 -0.4544  0.1769  0.6522  1.0096  1.2490  1.3747  1.3905
  1.3014  1.1135  0.8312  0.4662  0.0385 -0.3994 -0.6730 -0.3954  0.1682  0.6664
  1.0493  1.3124  1.4592  1.4940  1.4234  1.2551  1.0055  0.7166  0.4677  0.3035
  0.0496 -0.0302 -0.0089  0.0853  0.2187  0.4102  0.8955  1.0731  1.1634  1.1573
  1.0567  0.8657  0.6179  0.0811 -0.1199 -0.2074 -0.2476  0.0334  0.4839  0.9072
  1.2241  1.4300  1.5271  1.5213  1.4217  1.2463  1.0497  0.9690  1.0664  1.2090
  1.2977  1.3108  1.2635  1.1208  1.0814  1.0674  1.0748  1.0869  1.0695  1.0384
  1.0140  0.9462  0.6618  0.5627 -1.2097
  11  27   1    147      0      0      0   5.162E-19   0.000E+00
 -0.0240  0.0795  0.1053  0.1118  0.1247  0.1312  0.1377  0.1506  0.1571  0.1635
  0.1700  0.1765  0.1829  0.1959  0.2023  0.2088  0.2152  0.2411  0.2476  0.2605
  0.2670  0.2734  0.2799  0.2864  0.2928  0.2993  0.3058  0.3122  0.3187  0.3252
  0.3316  0.3381  0.3446  0.3575  0.3640  0.3704  0.3898  0.4028  0.4222  0.4545
  0.4674  0.4998  0.5321  0.7002  0.7584  0.7907  1.3767
  0.4119  0.4115  0.4349  0.4528  0.5076  0.6056  0.7364  1.0809  1.2005  1.2492
  1.2224  1.1215  0.9516  0.4753  0.2812  0.1552  0.0857  0.2427  0.2956  0.7086
  0.8678  0.9465  0.9342  0.8420  0.7354  0.6726  0.7362  0.8574  0.9496  0.9839
  0.9575  0.8739  0.7424  0.4084  0.2618  0.1561  0.0130 -0.0243 -0.0526 -0.1542
 -0.1781 -0.2053 -0.2836 -0.5795 -0.6738 -0.7597 -2.5201
  12  27   1    149      0      0      0   5.678E-19   0.000E+00
 -0.0247  0.0982  0.1176  0.1369  0.1434  0.1499  0.1563  0.1628  0.1693  0.1757
  0.1951  0.2016  0.2081  0.2210  0.2275  0.2339  0.2469  0.2533  0.2598  0.2663
  0.2727  0.2792  0.2857  0.2921  0.2986  0.3051  0.3115  0.3180  0.3245  0.3309
  0.3374  0.3439  0.3503  0.3568  0.3633  0.3697  0.3762  0.3956  0.4150  0.4279
  0.4409  0.4603  0.4796  0.5055  0.5443  0.5702  0.6930  0.7771  1.3695
  0.4794  0.4001  0.3947  0.4780  0.5320  0.6138  0.6765  0.6967  0.6756  0.6191
  0.3831  0.3342  0.3044  0.2719  0.2629  0.2698  0.3419  0.4305  0.5866  0.7587
  0.8886  0.9556  0.9861  1.0504  1.1904  1.3487  1.4545  1.4748  1.4031  1.2428
  1.0040  0.7081  0.4032  0.1619  0.0306 -0.0246 -0.0477 -0.0804 -0.0848 -0.0875
 -0.1263 -0.1961 -0.2321 -0.2617 -0.3426 -0.3899 -0.6463 -0.8133 -2.5897
  13  27   1    170      0      0      0   1.161E-19   0.000E+00
 -0.0258  0.0453  0.0518  0.0583  0.0647  0.0712  0.0777  0.0841  0.0906  0.0971
  0.1035  0.1100  0.1165  0.1229  0.1359  0.1423  0.1617  0.1747  0.1811  0.1876
  0.1941  0.2005  0.2070  0.2135  0.2199  0.2264  0.2329  0.2393  0.2458  0.2522
  0.2587  0.2652  0.2716  0.2781  0.2846  0.2910  0.2975  0.3040  0.3104  0.3169
  0.3298  0.3363  0.3428  0.3492  0.3622  0.3686  0.3751  0.3816  0.3880  0.3945
  0.4010  0.4139  0.4204  0.4268  0.4398  0.4462  0.4656  0.4980  0.5174  0.5303
  0.5368  0.5432  0.5626  0.5691  0.5820  0.5949  0.6661  0.7825  0.8213  1.3934
 -0.1340 -0.2772 -0.2744 -0.2629 -0.1938 -0.0366  0.2211  0.5152  0.7695  0.9484
  1.0418  1.0513  0.9829  0.8519  0.5250  0.3896  0.0679 -0.0866 -0.1296 -0.1556
 -0.1653 -0.1053 -0.0218  0.2584  0.6398  1.0430  1.3780  1.6153  1.7474  1.7746
  1.7007  1.5340  1.2873  0.9822  0.6569  0.3913  0.3156  0.4317  0.5820  0.6880
  0.8310  0.9317  1.0236  1.0731  1.0937  1.1373  1.2007  1.2459  1.2538  1.2271
  1.1764  1.0423  1.0017  1.0016  1.0576  1.0598  1.0228  1.0023  1.0018  1.0190
  1.0177  0.9984  0.8869  0.8668  0.8642  0.8675  0.7333  0.5229  0.4154 -1.3034
  14  27   1    150      0      0      0   4.246E-19   0.000E+00
 -0.0256  0.0326  0.0973  0.1102  0.1296  0.1361  0.1425  0.1490  0.1555  0.1684
  0.1749  0.1813  0.1878  0.1943  0.2007  0.2137  0.2201  0.2266  0.2331  0.2395
  0.2525  0.2589  0.2654  0.2719  0.2783  0.2848  0.2913  0.2977  0.3042  0.3107
  0.3171  0.3236  0.3301  0.3365  0.3430  0.3495  0.3624  0.3689  0.3753  0.3818
  0.3883  0.4141  0.4594  0.4917  0.5176  0.5564  0.7310  0.7827  0.8279  1.3903
  0.3142  0.3322  0.3135  0.3248  0.3714  0.3945  0.4431  0.5023  0.6277  0.9091
  1.0099  1.0542  1.0329  0.9474  0.8117  0.4955  0.3737  0.2925  0.2426  0.2169
  0.2083  0.2667  0.3403  0.4636  0.5769  0.6496  0.6854  0.7429  0.9037  1.1344
  1.3406  1.4651  1.4941  1.4274  1.2712  1.0385  0.4697  0.2407  0.1079  0.0424
  0.0081 -0.0722 -0.1646 -0.2127 -0.2405 -0.3353 -0.6540 -0.7445 -0.8719 -2.5616
  15  27   1    156      0      0      0   6.128E-19   0.000E+00
 -0.0262  0.0449  0.0902  0.1096  0.1161  0.1225  0.1355  0.1419  0.1484  0.1549
  0.1613  0.1678  0.1743  0.1807  0.1872  0.1937  0.2066  0.2131  0.2195  0.2260
  0.2389  0.2454  0.2648  0.2713  0.2777  0.2842  0.2906  0.3036  0.3100  0.3165
  0.3230  0.3294  0.3359  0.3424  0.3488  0.3553  0.3618  0.3682  0.3747  0.3812
  0.3876  0.3941  0.4006  0.4200  0.4264  0.4329  0.4394  0.4523  0.4652  0.4782
  0.5040  0.5234  0.5558  0.7756  0.8273  1.3814
  0.5086  0.4852  0.4930  0.6200  0.6286  0.5966  0.4731  0.5055  0.5549  0.6817
  0.7983  0.8667  0.8827  0.8540  0.7884  0.6927  0.4656  0.3753  0.3151  0.2798
  0.2443  0.2539  0.3544  0.4773  0.6320  0.7633  0.8351  0.8875  0.9957  1.1620
  1.3180  1.4144  1.4379  1.3870  1.2626  1.0674  0.8181  0.5390  0.2827  0.1129
  0.0307 -0.0001 -0.0101  0.0239  0.0277  0.0205  0.0032 -0.0580 -0.1295 -0.1751
 -0.2205 -0.2443 -0.3331 -0.8395 -0.9844 -2.6490
  16  27   1    150      0      0      0   7.581E-19   0.000E+00
 -0.0278  0.1080  0.1339  0.1403  0.1468  0.1533  0.1597  0.1662  0.1727  0.1791
  0.1856  0.1921  0.1985  0.2050  0.2115  0.2244  0.2373  0.2503  0.2826  0.2891
  0.2955  0.3020  0.3085  0.3149  0.3214  0.3279  0.3408  0.3473  0.3537  0.3602
  0.3666  0.3731  0.3796  0.3860  0.3925  0.3990  0.4054  0.4119  0.4184  0.4248
  0.4442  0.4636  0.4895  0.5154  0.5477  0.5800  0.6318  0.7999  1.0133  1.3849
  0.6250  0.5124  0.5217  0.5413  0.6020  0.6837  0.8475  1.0319  1.1808  1.2571
  1.2465  1.1493  0.9749  0.7431  0.5480  0.2018  0.1679  0.1489  0.3356  0.4342
  0.5824  0.6875  0.7225  0.7028  0.6981  0.8221  1.2271  1.3739  1.4518  1.4631
  1.4113  1.3002  1.1363  0.9319  0.7095  0.5014  0.3365  0.2265  0.1441  0.0886
 -0.0280 -0.1187 -0.2033 -0.2629 -0.3273 -0.4084 -0.5259 -0.9469 -1.5819 -2.6994
  17  27   1    149      0      0      0   8.667E-19   0.000E+00
 -0.0298  0.0607  0.1513  0.1707  0.1771  0.1836  0.1901  0.1965  0.2030  0.2095
  0.2159  0.2224  0.2353  0.2418  0.2547  0.2741  0.2870  0.2935  0.3000  0.3064
  0.3129  0.3194  0.3258  0.3323  0.3388  0.3452  0.3517  0.3582  0.3646  0.3711
  0.3776  0.3840  0.3905  0.3970  0.4034  0.4099  0.4164  0.4228  0.4293  0.4422
  0.4487  0.4552  0.4746  0.4810  0.4940  0.5263  0.5910  0.8431  1.3925
  0.6773  0.5648  0.4085  0.3821  0.3902  0.5165  0.6621  0.8388  0.9592  0.9996
  0.9585  0.8520  0.5710  0.4812  0.3678  0.3407  0.4263  0.5836  0.7782  0.9898
  1.1397  1.2028  1.1705  1.0446  0.8396  0.6213  0.5627  0.7363  0.9708  1.1692
  1.3018  1.3592  1.3390  1.2458  1.0931  0.9082  0.7332  0.6006  0.5030  0.3306
  0.2565  0.1930  0.0354 -0.0065 -0.0647 -0.1797 -0.3566 -0.9971 -2.6469
  18  27   1    112      0      0      0   6.905E-20   0.000E+00
   0.002   0.173   0.276   0.297   0.311   0.372   0.439   0.454   0.479   0.521
   0.746   1.479
  -0.468  -1.092  -1.694  -0.109  -1.155  -1.683  -0.817   0.282  -1.007  -1.715
  -2.423  -4.556
  19  27   1    110      0      0      0   1.714E-19   0.000E+00
  -0.011   0.145   0.265   0.301   0.336   0.399   0.470   0.523   0.897   1.502
  -0.028  -0.592  -1.239  -0.070  -1.324  -1.423   0.746  -1.070  -1.859  -3.690
  20  27   1    109      0      0      0   4.339E-20   0.000E+00
  -0.002   0.390   0.430   0.447   0.532   0.590   0.621   1.008   1.657
  -0.662  -1.021  -0.313  -1.085  -1.148  -0.134  -1.444  -2.025  -3.968
  21  27   1    108      0      0      0   1.958E-19   0.000E+00
  -0.002   0.212   0.296   0.541   0.608   0.648   1.021   1.649
  -0.007  -0.261  -0.430  -0.694   0.753  -0.905  -1.623  -3.504
  22  27   1    106      0      0      0   3.086E-19   0.000E+00
   0.402   0.587   0.627   0.784   1.065   1.668
  -0.042  -0.148  -0.254  -0.401  -0.729  -2.525
  23  27   1    109      0      0      0   8.496E-20   0.000E+00
  -0.002   0.252   0.416   0.643   0.728   0.750   0.972   1.128   1.746
  -0.366  -1.155  -1.704  -1.831  -0.352  -1.747  -1.916  -2.155  -4.028
  24  27   1    109      0      0      0   2.520E-19   0.000E+00
   0.003   0.434   0.536   0.648   0.701   0.732   0.772   1.137   1.720
   0.091  -1.352  -1.986  -2.021  -1.264   0.461  -1.828  -2.866  -4.592
  25  27   1    113      0      0      0   7.730E-20   0.000E+00
  -0.002   0.550   0.581   0.710   0.732   0.746   0.821   0.892   0.906   0.981
   1.124   1.297   1.924
  -0.408  -1.750  -1.570  -1.718  -0.155  -1.803  -1.856  -0.694  -1.518  -1.813
  -1.423  -1.697  -3.577
  26  27   1    112      0      0      0   2.444E-19   0.000E+00
  -0.002   0.425   0.706   0.732   0.763   0.830   0.879   0.906   0.919   0.981
   1.293   1.924
   0.091  -0.947  -1.563  -0.419  -1.616  -1.669  -1.247   0.144  -1.335  -1.986
  -2.690  -4.574
*** Line transitions
   1   2   0   0   4      0      0   0.000E+00   5.000E-02
   1   3   0   0   4      0      0   0.000E+00   5.000E-02
   1   4   0   0   4      0      0   0.000E+00   5.000E-02
   1   5  -1   1   1      0      0   1.086E-01   7.000E-01
  T  3   11  40.  0.
  3.5E+8  3.0E-7   0.  0.  0.
   1   6  -1   1   1      0      0   1.622E-01   7.000E-01
  T  3   11  40.  0.
  1.1E+9  0.  0.  0.       0.
   1   7   0   0   4      0      0   0.000E+00   5.000E-02
   1   8  -1   1   1      0      0   7.700E-02   2.000E-01
  T  3   11  40.  0.
  1.6E+9  2.6E-6   0.  0.  0.
   1   9   0   0   4      0      0   0.000E+00   5.000E-02
   1  10  -1   1   1      0      0   2.278E-01   2.000E-01
  T  3   15  80.  0.
  1.1E+10 0.  0.  0.       0.
   1  11   0   0   4      0      0   0.000E+00   5.000E-02
   1  12   0   0   4      0      0   0.000E+00   5.000E-02
   1  13   0   0   4      0      0   0.000E+00   5.000E-02
   1  14   0   0   4      0      0   0.000E+00   5.000E-02
   1  15   0   0   4      0      0   0.000E+00   5.000E-02
   1  16   0   0   4      0      0   0.000E+00   5.000E-02
   1  17   0   0   4      0      0   0.000E+00   5.000E-02
   1  18  -1   0   1      0      0   4.032E-01   2.000E-01
  F  1  7  0.  0.
   1  19   0   0   4      0      0   0.000E+00   5.000E-02
   1  20  -1   0   1      0      0   1.047E-02   2.000E-01
  F  1  7  0.  0.
   1  21   0   0   4      0      0   0.000E+00   5.000E-02
   1  22   0   0   4      0      0   0.000E+00   5.000E-02
   1  23  -1   0   1      0      0   1.624E-01   2.000E-01
  F  1  7  0.  0.
   1  24   0   0   4      0      0   0.000E+00   5.000E-02
   1  25  -1   0   1      0      0   8.842E-02   2.000E-01
  F  1  7  0.  0.
   1  26   0   0   4      0      0   0.000E+00   5.000E-02
   2   3   0   0   4      0      0   0.000E+00   5.000E-02
   2   4   0   0   4      0      0   0.000E+00   5.000E-02
   2   5   0   0   4      0      0   0.000E+00   5.000E-02
   2   6   0   0   4      0      0   0.000E+00   5.000E-02
   2   7  -1   0   1      0      0   2.740E-01   2.000E-01
  F  1  7  0.  0.
   2   8   0   0   4      0      0   0.000E+00   5.000E-02
   2   9  -1   0   1      0      0   1.950E-01   2.000E-01
  F  1  7  0.  0.
   2  10   0   0   4      0      0   0.000E+00   5.000E-02
   2  11   0   0   4      0      0   0.000E+00   5.000E-02
   2  12   0   0   4      0      0   0.000E+00   5.000E-02
   2  13  -1   0   1      0      0   1.448E-01   2.000E-01
  F  1  7  0.  0.
   2  14   0   0   4      0      0   0.000E+00   5.000E-02
   2  15   0   0   4      0      0   0.000E+00   5.000E-02
   2  16   0   0   4      0      0   0.000E+00   5.000E-02
   2  17   0   0   4      0      0   0.000E+00   5.000E-02
   2  18   0   0   4      0      0   0.000E+00   5.000E-02
   2  19  -1   0   1      0      0   4.033E-01   2.000E-01
  F  1  7  0.  0.
   2  20   0   0   4      0      0   0.000E+00   5.000E-02
   2  21  -1   0   1      0      0   5.620E-03   2.000E-01
  F  1  7  0.  0.
   2  22   0   0   4      0      0   0.000E+00   5.000E-02
   2  23   0   0   4      0      0   0.000E+00   5.000E-02
   2  24  -1   0   1      0      0   1.514E-01   2.000E-01
  F  1  7  0.  0.
   2  25   0   0   4      0      0   0.000E+00   5.000E-02
   2  26  -1   0   1      0      0   7.620E-02   2.000E-01
  F  1  7  0.  0.
   3   4   0   0   4      0      0   0.000E+00   5.000E-02
   3   5   0   0   4      0      0   0.000E+00   5.000E-02
   3   6   0   0   4      0      0   0.000E+00   5.000E-02
   3   7   0   0   4      0      0   0.000E+00   5.000E-02
   3   8   0   0   4      0      0   0.000E+00   5.000E-02
   3   9  -1   0   1      0      0   1.560E-02   2.000E-01
  F  1  7  0.  0.
   3  10   0   0   4      0      0   0.000E+00   5.000E-02
   3  11   0   0   4      0      0   0.000E+00   5.000E-02
   3  12   0   0   4      0      0   0.000E+00   5.000E-02
   3  13  -1   0   1      0      0   2.970E-01   2.000E-01
  F  1  7  0.  0.
   3  14   0   0   4      0      0   0.000E+00   5.000E-02
   3  15   0   0   4      0      0   0.000E+00   5.000E-02
   3  16   0   0   4      0      0   0.000E+00   5.000E-02
   3  17   0   0   4      0      0   0.000E+00   5.000E-02
   3  18   0   0   4      0      0   0.000E+00   5.000E-02
   3  19  -1   0   1      0      0   4.150E-01   2.000E-01
  F  1  7  0.  0.
   3  20   0   0   4      0      0   0.000E+00   5.000E-02
   3  21  -1   0   1      0      0   6.770E-02   2.000E-01
  F  1  7  0.  0.
   3  22   0   0   4      0      0   0.000E+00   5.000E-02
   3  23   0   0   4      0      0   0.000E+00   5.000E-02
   3  24  -1   0   1      0      0   1.590E-01   2.000E-01
  F  1  7  0.  0.
   3  25   0   0   4      0      0   0.000E+00   5.000E-02
   3  26  -1   0   1      0      0   9.860E-02   2.000E-01
  F  1  7  0.  0.
   4   5   0   0   4      0      0   0.000E+00   5.000E-02
   4   6   0   0   4      0      0   0.000E+00   5.000E-02
   4   7   0   0   4      0      0   0.000E+00   5.000E-02
   4   8   0   0   4      0      0   0.000E+00   5.000E-02
   4   9   0   0   4      0      0   0.000E+00   5.000E-02
   4  10   0   0   4      0      0   0.000E+00   5.000E-02
   4  11   0   0   4      0      0   0.000E+00   5.000E-02
   4  12   0   0   4      0      0   0.000E+00   5.000E-02
   4  13   0   0   4      0      0   0.000E+00   5.000E-02
   4  14   0   0   4      0      0   0.000E+00   5.000E-02
   4  15   0   0   4      0      0   0.000E+00   5.000E-02
   4  16   0   0   4      0      0   0.000E+00   5.000E-02
   4  17   0   0   4      0      0   0.000E+00   5.000E-02
   4  18   0   0   4      0      0   0.000E+00   5.000E-02
   4  19   0   0   4      0      0   0.000E+00   5.000E-02
   4  20   0   0   4      0      0   0.000E+00   5.000E-02
   4  21   0   0   4      0      0   0.000E+00   5.000E-02
   4  22  -1   0   1      0      0   1.984E-01   2.000E-01
  F  1  7  0.  0.
   4  23   0   0   4      0      0   0.000E+00   5.000E-02
   4  24   0   0   4      0      0   0.000E+00   5.000E-02
   4  25   0   0   4      0      0   0.000E+00   5.000E-02
   4  26   0   0   4      0      0   0.000E+00   5.000E-02
   5   6   0   0   4      0      0   0.000E+00   5.000E-02
   5   7   0   0   4      0      0   0.000E+00   5.000E-02
   5   8   0   0   4      0      0   0.000E+00   5.000E-02
   5   9   0   0   4      0      0   0.000E+00   5.000E-02
   5  10   0   0   4      0      0   0.000E+00   5.000E-02
   5  11   0   0   4      0      0   0.000E+00   5.000E-02
   5  12  -1   0   1      0      0   2.007E-03   2.000E-01
  F  1  7  0.  0.
   5  13   0   0   4      0      0   0.000E+00   5.000E-02
   5  14   0   0   4      0      0   0.000E+00   5.000E-02
   5  15  -1   0   1      0      0   9.600E-03   2.000E-01
  F  1  7  0.  0.
   5  16   0   0   4      0      0   0.000E+00   5.000E-02
   5  17   0   0   4      0      0   0.000E+00   5.000E-02
   5  18   0   0   4      0      0   0.000E+00   5.000E-02
   5  19   0   0   4      0      0   0.000E+00   5.000E-02
   5  20  -1   0   1      0      0   2.511E-02   2.000E-01
  F  1  7  0.  0.
   5  21   0   0   4      0      0   0.000E+00   5.000E-02
   5  22   0   0   4      0      0   0.000E+00   5.000E-02
   5  23  -1   0   1      0      0   1.049E-01   2.000E-01
  F  1  7  0.  0.
   5  24   0   0   4      0      0   0.000E+00   5.000E-02
   5  25  -1   0   1      0      0   7.090E-02   2.000E-01
  F  1  7  0.  0.
   5  26   0   0   4      0      0   0.000E+00   5.000E-02
   6   7   0   0   4      0      0   0.000E+00   5.000E-02
   6   8   0   0   4      0      0   0.000E+00   5.000E-02
   6   9   0   0   4      0      0   0.000E+00   5.000E-02
   6  10   0   0   4      0      0   0.000E+00   5.000E-02
   6  11   0   0   4      0      0   0.000E+00   5.000E-02
   6  12  -1   0   1      0      0   1.733E-02   2.000E-01
  F  1  7  0.  0.
   6  13   0   0   4      0      0   0.000E+00   5.000E-02
   6  14  -1   0   1      0      0   1.167E-02   2.000E-01
  F  1  7  0.  0.
   6  15  -1   0   1      0      0   9.944E-04   2.000E-01
  F  1  7  0.  0.
   6  16   0   0   4      0      0   0.000E+00   5.000E-02
   6  17   0   0   4      0      0   0.000E+00   5.000E-02
   6  18   0   0   4      0      0   0.000E+00   5.000E-02
   6  19   0   0   4      0      0   0.000E+00   5.000E-02
   6  20  -1   0   1      0      0   7.239E-03   2.000E-01
  F  1  7  0.  0.
   6  21   0   0   4      0      0   0.000E+00   5.000E-02
   6  22   0   0   4      0      0   0.000E+00   5.000E-02
   6  23  -1   0   1      0      0   2.317E-02   2.000E-01
  F  1  7  0.  0.
   6  24   0   0   4      0      0   0.000E+00   5.000E-02
   6  25  -1   0   1      0      0   6.053E-02   2.000E-01
  F  1  7  0.  0.
   6  26   0   0   4      0      0   0.000E+00   5.000E-02
   7   8   0   0   4      0      0   0.000E+00   5.000E-02
   7   9   0   0   4      0      0   0.000E+00   5.000E-02
   7  10   0   0   4      0      0   0.000E+00   5.000E-02
   7  11  -1   0   1      0      0   8.580E-03   7.000E-01
  F  1  7  0.  0.
   7  12   0   0   4      0      0   0.000E+00   5.000E-02
   7  13   0   0   4      0      0   0.000E+00   5.000E-02
   7  14   0   0   4      0      0   0.000E+00   5.000E-02
   7  15   0   0   4      0      0   0.000E+00   5.000E-02
   7  16  -1   0   1      0      0   4.580E-03   7.000E-01
  F  1  7  0.  0.
   7  17   0   0   4      0      0   0.000E+00   5.000E-02
   7  18   0   0   4      0      0   0.000E+00   5.000E-02
   7  19   0   0   4      0      0   0.000E+00   5.000E-02
   7  20   0   0   4      0      0   0.000E+00   5.000E-02
   7  21  -1   0   1      0      0   1.856E-03   2.000E-01
  F  1  7  0.  0.
   7  22   0   0   4      0      0   0.000E+00   5.000E-02
   7  23   0   0   4      0      0   0.000E+00   5.000E-02
   7  24  -1   0   1      0      0   1.174E-02   2.000E-01
  F  1  7  0.  0.
   7  25   0   0   4      0      0   0.000E+00   5.000E-02
   7  26  -1   0   1      0      0   7.130E-03   2.000E-01
  F  1  7  0.  0.
   8   9   0   0   4      0      0   0.000E+00   5.000E-02
   8  10   0   0   4      0      0   0.000E+00   5.000E-02
   8  11   0   0   4      0      0   0.000E+00   5.000E-02
   8  12  -1   0   1      0      0   4.089E-01   7.000E-01
  F  1  7  0.  0.
   8  13   0   0   4      0      0   0.000E+00   5.000E-02
   8  14  -1   0   1      0      0   8.233E-02   7.000E-01
  F  1  7  0.  0.
   8  15  -1   0   1      0      0   3.289E-01   7.000E-01
  F  1  7  0.  0.
   8  16   0   0   4      0      0   0.000E+00   5.000E-02
   8  17   0   0   4      0      0   0.000E+00   5.000E-02
   8  18   0   0   4      0      0   0.000E+00   5.000E-02
   8  19   0   0   4      0      0   0.000E+00   5.000E-02
   8  20  -1   0   1      0      0   3.073E-02   2.000E-01
  F  1  7  0.  0.
   8  21   0   0   4      0      0   0.000E+00   5.000E-02
   8  22   0   0   4      0      0   0.000E+00   5.000E-02
   8  23  -1   0   1      0      0   6.347E-03   2.000E-01
  F  1  7  0.  0.
   8  24   0   0   4      0      0   0.000E+00   5.000E-02
   8  25  -1   0   1      0      0   1.390E-02   2.000E-01
  F  1  7  0.  0.
   8  26   0   0   4      0      0   0.000E+00   5.000E-02
   9  10   0   0   4      0      0   0.000E+00   5.000E-02
   9  11  -1   0   1      0      0   1.940E-01   7.000E-01
  F  1  7  0.  0.
   9  12   0   0   4      0      0   0.000E+00   5.000E-02
   9  13   0   0   4      0      0   0.000E+00   5.000E-02
   9  14   0   0   4      0      0   0.000E+00   5.000E-02
   9  15   0   0   4      0      0   0.000E+00   5.000E-02
   9  16  -1   0   1      0      0   5.633E-01   7.000E-01
  F  1  7  0.  0.
   9  17  -1   0   1      0      0   1.277E-01   7.000E-01
  F  1  7  0.  0.
   9  18   0   0   4      0      0   0.000E+00   5.000E-02
   9  19   0   0   4      0      0   0.000E+00   5.000E-02
   9  20   0   0   4      0      0   0.000E+00   5.000E-02
   9  21  -1   0   1      0      0   2.843E-02   2.000E-01
  F  1  7  0.  0.
   9  22   0   0   4      0      0   0.000E+00   5.000E-02
   9  23   0   0   4      0      0   0.000E+00   5.000E-02
   9  24  -1   0   1      0      0   9.333E-06   2.000E-01
  F  1  7  0.  0.
   9  25   0   0   4      0      0   0.000E+00   5.000E-02
   9  26  -1   0   1      0      0   1.129E-02   2.000E-01
  F  1  7  0.  0.
  10  11   0   0   4      0      0   0.000E+00   5.000E-02
  10  12   0   0   4      0      0   0.000E+00   5.000E-02
  10  13   0   0   4      0      0   0.000E+00   5.000E-02
  10  14  -1   0   1      0      0   8.468E-01   7.000E-01
  F  1  7  0.  0.
  10  15  -1   0   1      0      0   2.580E-04   7.000E-01
  F  1  7  0.  0.
  10  16   0   0   4      0      0   0.000E+00   5.000E-02
  10  17   0   0   4      0      0   0.000E+00   5.000E-02
  10  18   0   0   4      0      0   0.000E+00   5.000E-02
  10  19   0   0   4      0      0   0.000E+00   5.000E-02
  10  20  -1   0   1      0      0   1.542E-01   2.000E-01
  F  1  7  0.  0.
  10  21   0   0   4      0      0   0.000E+00   5.000E-02
  10  22   0   0   4      0      0   0.000E+00   5.000E-02
  10  23  -1   0   1      0      0   7.367E-02   2.000E-01
  F  1  7  0.  0.
  10  24   0   0   4      0      0   0.000E+00   5.000E-02
  10  25  -1   0   1      0      0   1.394E-01   2.000E-01
  F  1  7  0.  0.
  10  26   0   0   4      0      0   0.000E+00   5.000E-02
  11  12   0   0   4      0      0   0.000E+00   5.000E-02
  11  13  -1   0   1      0      0   1.857E-02   7.000E-01
  F  1  7  0.  0.
  11  14   0   0   4      0      0   0.000E+00   5.000E-02
  11  15   0   0   4      0      0   0.000E+00   5.000E-02
  11  16   0   0   4      0      0   0.000E+00   5.000E-02
  11  17   0   0   4      0      0   0.000E+00   5.000E-02
  11  18   0   0   4      0      0   0.000E+00   5.000E-02
  11  19  -1   0   1      0      0   7.243E-01   2.000E-01
  F  1  7  0.  0.
  11  20   0   0   4      0      0   0.000E+00   5.000E-02
  11  21  -1   0   1      0      0   1.290E-01   2.000E-01
  F  1  7  0.  0.
  11  22   0   0   4      0      0   0.000E+00   5.000E-02
  11  23   0   0   4      0      0   0.000E+00   5.000E-02
  11  24  -1   0   1      0      0   8.501E-03   2.000E-01
  F  1  7  0.  0.
  11  25   0   0   4      0      0   0.000E+00   5.000E-02
  11  26  -1   0   1      0      0   3.235E-02   2.000E-01
  F  1  7  0.  0.
  12  13   0   0   4      0      0   0.000E+00   5.000E-02
  12  14   0   0   4      0      0   0.000E+00   5.000E-02
  12  15   0   0   4      0      0   0.000E+00   5.000E-02
  12  16   0   0   4      0      0   0.000E+00   5.000E-02
  12  17   0   0   4      0      0   0.000E+00   5.000E-02
  12  18  -1   0   1      0      0   7.435E-01   7.000E-01
  F  1  7  0.  0.
  12  19   0   0   4      0      0   0.000E+00   5.000E-02
  12  20  -1   0   1      0      0   1.180E-01   2.000E-01
  F  1  7  0.  0.
  12  21   0   0   4      0      0   0.000E+00   5.000E-02
  12  22   0   0   4      0      0   0.000E+00   5.000E-02
  12  23  -1   0   1      0      0   2.392E-02   2.000E-01
  F  1  7  0.  0.
  12  24   0   0   4      0      0   0.000E+00   5.000E-02
  12  25  -1   0   1      0      0   3.840E-02   2.000E-01
  F  1  7  0.  0.
  12  26   0   0   4      0      0   0.000E+00   5.000E-02
  13  14   0   0   4      0      0   0.000E+00   5.000E-02
  13  15   0   0   4      0      0   0.000E+00   5.000E-02
  13  16  -1   0   1      0      0   1.970E-02   7.000E-01
  F  1  7  0.  0.
  13  17  -1   0   1      0      0   2.053E-03   7.000E-01
  F  1  7  0.  0.
  13  18   0   0   4      0      0   0.000E+00   5.000E-02
  13  19   0   0   4      0      0   0.000E+00   5.000E-02
  13  20   0   0   4      0      0   0.000E+00   5.000E-02
  13  21  -1   0   1      0      0   4.210E-02   2.000E-01
  F  1  7  0.  0.
  13  22   0   0   4      0      0   0.000E+00   5.000E-02
  13  23   0   0   4      0      0   0.000E+00   5.000E-02
  13  24  -1   0   1      0      0   1.250E-02   2.000E-01
  F  1  7  0.  0.
  13  25   0   0   4      0      0   0.000E+00   5.000E-02
  13  26  -1   0   1      0      0   1.462E-02   2.000E-01
  F  1  7  0.  0.
  14  15   0   0   4      0      0   0.000E+00   5.000E-02
  14  16   0   0   4      0      0   0.000E+00   5.000E-02
  14  17   0   0   4      0      0   0.000E+00   5.000E-02
  14  18  -1   0   1      0      0   8.833E-01   7.000E-01
  F  1  7  0.  0.
  14  19   0   0   4      0      0   0.000E+00   5.000E-02
  14  20  -1   0   1      0      0   7.500E-02   2.000E-01
  F  1  7  0.  0.
  14  21   0   0   4      0      0   0.000E+00   5.000E-02
  14  22   0   0   4      0      0   0.000E+00   5.000E-02
  14  23  -1   0   1      0      0   8.333E-03   2.000E-01
  F  1  7  0.  0.
  14  24   0   0   4      0      0   0.000E+00   5.000E-02
  14  25  -1   0   1      0      0   2.587E-02   2.000E-01
  F  1  7  0.  0.
  14  26   0   0   4      0      0   0.000E+00   5.000E-02
  15  16   0   0   4      0      0   0.000E+00   5.000E-02
  15  17   0   0   4      0      0   0.000E+00   5.000E-02
  15  18  -1   0   1      0      0   6.267E-01   7.000E-01
  F  1  7  0.  0.
  15  19   0   0   4      0      0   0.000E+00   5.000E-02
  15  20  -1   0   1      0      0   2.056E-01   2.000E-01
  F  1  7  0.  0.
  15  21   0   0   4      0      0   0.000E+00   5.000E-02
  15  22   0   0   4      0      0   0.000E+00   5.000E-02
  15  23  -1   0   1      0      0   4.496E-02   2.000E-01
  F  1  7  0.  0.
  15  24   0   0   4      0      0   0.000E+00   5.000E-02
  15  25  -1   0   1      0      0   5.570E-02   2.000E-01
  F  1  7  0.  0.
  15  26   0   0   4      0      0   0.000E+00   5.000E-02
  16  17   0   0   4      0      0   0.000E+00   5.000E-02
  16  18   0   0   4      0      0   0.000E+00   5.000E-02
  16  19  -1   0   1      0      0   6.844E-01   7.000E-01
  F  1  7  0.  0.
  16  20   0   0   4      0      0   0.000E+00   5.000E-02
  16  21  -1   0   1      0      0   1.636E-01   2.000E-01
  F  1  7  0.  0.
  16  22   0   0   4      0      0   0.000E+00   5.000E-02
  16  23   0   0   4      0      0   0.000E+00   5.000E-02
  16  24  -1   0   1      0      0   5.909E-02   2.000E-01
  F  1  7  0.  0.
  16  25   0   0   4      0      0   0.000E+00   5.000E-02
  16  26  -1   0   1      0      0   5.458E-02   2.000E-01
  F  1  7  0.  0.
  17  18   0   0   4      0      0   0.000E+00   5.000E-02
  17  19  -1   0   1      0      0   7.190E-01   7.000E-01
  F  1  7  0.  0.
  17  20   0   0   4      0      0   0.000E+00   5.000E-02
  17  21  -1   0   1      0      0   9.800E-02   2.000E-01
  F  1  7  0.  0.
  17  22   0   0   4      0      0   0.000E+00   5.000E-02
  17  23   0   0   4      0      0   0.000E+00   5.000E-02
  17  24  -1   0   1      0      0   9.180E-02   2.000E-01
  F  1  7  0.  0.
  17  25   0   0   4      0      0   0.000E+00   5.000E-02
  17  26  -1   0   1      0      0   6.050E-02   2.000E-01
  F  1  7  0.  0.
  18  19   0   0   4      0      0   0.000E+00   5.000E-02
  18  20  -1   0   1      0      0   1.352E-01   7.000E-01
  F  1  7  0.  0.
  18  21   0   0   4      0      0   0.000E+00   5.000E-02
  18  22   0   0   4      0      0   0.000E+00   5.000E-02
  18  23  -1   0   1      0      0   8.984E-01   2.000E-01
  F  1  7  0.  0.
  18  24   0   0   4      0      0   0.000E+00   5.000E-02
  18  25  -1   0   1      0      0   1.746E-01   2.000E-01
  F  1  7  0.  0.
  18  26   0   0   4      0      0   0.000E+00   5.000E-02
  19  20   0   0   4      0      0   0.000E+00   5.000E-02
  19  21  -1   0   1      0      0   1.341E-01   7.000E-01
  F  1  7  0.  0.
  19  22   0   0   4      0      0   0.000E+00   5.000E-02
  19  23   0   0   4      0      0   0.000E+00   5.000E-02
  19  24  -1   0   1      0      0   9.532E-01   2.000E-01
  F  1  7  0.  0.
  19  25   0   0   4      0      0   0.000E+00   5.000E-02
  19  26  -1   0   1      0      0   1.663E-01   2.000E-01
  F  1  7  0.  0.
  20  21   0   0   4      0      0   0.000E+00   5.000E-02
  20  22   0   0   4      0      0   0.000E+00   5.000E-02
  20  23  -1   0   1      0      0   8.426E-01   2.000E-01
  F  1  7  0.  0.
  20  24   0   0   4      0      0   0.000E+00   5.000E-02
  20  25  -1   0   1      0      0   1.637E-01   2.000E-01
  F  1  7  0.  0.
  20  26   0   0   4      0      0   0.000E+00   5.000E-02
  21  22   0   0   4      0      0   0.000E+00   5.000E-02
  21  23   0   0   4      0      0   0.000E+00   5.000E-02
  21  24  -1   0   1      0      0   8.138E-01   2.000E-01
  F  1  7  0.  0.
  21  25   0   0   4      0      0   0.000E+00   5.000E-02
  21  26  -1   0   1      0      0   2.079E-01   2.000E-01
  F  1  7  0.  0.
  22  23   0   0   4      0      0   0.000E+00   5.000E-02
  22  24   0   0   4      0      0   0.000E+00   5.000E-02
  22  25   0   0   4      0      0   0.000E+00   5.000E-02
  22  26   0   0   4      0      0   0.000E+00   5.000E-02
  23  24   0   0   4      0      0   0.000E+00   5.000E-02
  23  25  -1   0   1      0      0   1.113E+00   2.000E-01
  F  1  7  0.  0.
  23  26   0   0   4      0      0   0.000E+00   5.000E-02
  24  25   0   0   4      0      0   0.000E+00   5.000E-02
  24  26  -1   0   1      0      0   1.233E+00   2.000E-01
  F  1  7  0.  0.
  25  26   0   0   4      0      0   0.000E+00   5.000E-02
