****** Levels
 7.15460162E+15      9.    2  'N II 3Pe 1'  0   0.  0
 6.69812068E+15      5.    2  'N II 1De 1'  0   0.  -102
 6.17732637E+15      1.    2  'N II 1Se 1'  0   0.  -102
 5.76627653E+15      5.    3  'N II 5So 1'  0   0.  -102
 4.39196591E+15     15.    3  'N II 3Do 1'  0   0.  -102
 3.88314570E+15      9.    3  'N II 3Po 1'  0   0.  -102
 2.83480243E+15      5.    3  'N II 1Do 1'  0   0.  -102
 2.69017693E+15      9.    3  'N II 3Po 2'  0   0.  -102
 2.68491640E+15      3.    3  'N II 1Po 1'  0   0.  -102
 2.50688087E+15      3.    3  'N II 3So 1'  0   0.  -102
 2.22256706E+15      3.    3  'N II 1Pe 1'  0   0.  -102
 2.16247738E+15     15.    3  'N II 3De 1'  0   0.  -102
 2.15796686E+15      3.    3  'N II 1Po 2'  0   0.  -102
 2.09421881E+15      3.    4  'N II 3Se 1'  0   0.  -102
 2.04192892E+15      9.    4  'N II 3Pe 2'  0   0.  -102
 1.93473996E+15      5.    4  'N II 1De 2'  0   0.  -102
 1.81298770E+15      1.    4  'N II 1Se 2'  0   0.  -102
 1.54315477E+15     45.    4  'N II+3_o 1'  0   0.  -102
 1.50337465E+15     15.    4  'N II+1_o 2'  0   0.  -102
 1.14379180E+15     36.    4  'N II+3__ 3'  0   0.  -102
 1.10880741E+15     12.    4  'N II+1__ 4'  0   0.  -102
 1.00302425E+15     15.    5  'N II 5Pe 1'  0   0.  -102
 8.37541104E+14    117.    5  'N II+3__ 5'  0   0.  -102
 8.31240320E+14     36.    5  'N II+1__ 6'  0   0.  -102
 5.62036937E+14    234.    5  'N II+3__ 7'  0   0.  -102
 5.56424254E+14     75.    6  'N II+1__ 8'  0   0.  -102
****** Continuum transitions
   1  27   1    104      0      0      0   1.506E-18   0.000E+00
  -0.003   0.034   0.395   1.021
   0.873   0.915   0.268  -1.627
   2  27   1    107      0      0      0   1.619E-18   0.000E+00
  -0.001   0.054   0.064   0.101   0.156   0.413   1.053
   0.908   0.901   0.739   0.782   0.704   0.268  -1.655
   3  27   1    104      0      0      0   1.931E-18   0.000E+00
  -0.001   0.218   0.425   1.068
   0.986   0.662   0.303  -1.620
   4  27   1    106      0      0      0   3.310E-18   0.000E+00
   0.105   0.203   0.293   0.380   0.472   1.042
   1.067   0.924   0.729   0.555   0.327  -1.394
   5  27   1    111      0      0      0   7.989E-20   0.000E+00
  -0.001   0.024   0.037   0.054   0.126   0.134   0.218   0.221   0.375   0.535
   1.165
  -0.405  -0.183   1.158  -0.416  -0.151   0.757   0.535   0.979   0.746   0.440
  -1.461
   6  27   1    112      0      0      0   5.621E-20   0.000E+00
  -0.003   0.027   0.039   0.062   0.106   0.141   0.146   0.194   0.228   0.316
   0.557   1.195
  -0.606  -0.099   1.169  -0.500  -0.405   0.144   0.894   0.577   0.852   0.915
   0.493  -1.398
   7  27   1    112      0      0      0   1.638E-19   0.000E+00
  -0.002   0.037   0.073   0.091   0.165   0.176   0.212   0.301   0.308   0.514
   0.667   1.301
  -0.088  -0.056   0.842  -0.183  -0.616   0.778   0.324   0.176   0.852   0.789
   0.525  -1.366
   8  27   1    110      0      0      0   3.358E-19   0.000E+00
  -0.002   0.034   0.055   0.073   0.148   0.169   0.251   0.336   0.689   1.336
   0.211   0.486   1.320  -0.412   0.011   0.560  -0.454  -0.349  -0.729  -2.651
   9  27   1    111      0      0      0   1.770E-19   0.000E+00
  -0.002   0.062   0.080   0.087   0.126   0.176   0.230   0.258   0.415   0.678
   1.322
  -0.053  -0.063   0.982   0.264   0.084   0.253   1.606  -0.338   0.137  -0.232
  -2.134
  10  27   1    112      0      0      0   8.160E-22   0.000E+00
  -0.005   0.020   0.037   0.073   0.194   0.212   0.318   0.329   0.425   0.429
   0.699   1.315
  -3.120   0.282  -0.944  -2.296  -2.169   0.197  -0.648   0.535  -0.458   0.979
   0.620  -1.197
  11  27   1    111      0      0      0   5.162E-19   0.000E+00
  -0.002   0.098   0.148   0.162   0.176   0.269   0.283   0.365   0.475   0.770
   1.372
   0.412   0.401   0.634   1.415  -0.148   0.253  -0.275   0.063  -0.222  -0.687
  -2.525
  12  27   1    107      0      0      0   5.678E-19   0.000E+00
  -0.002   0.141   0.240   0.315   0.340   0.770   1.372
   0.454   0.370   0.211   0.592  -0.032  -0.782  -2.599
  13  27   1    110      0      0      0   1.161E-19   0.000E+00
  -0.005   0.052   0.087   0.112   0.190   0.318   0.343   0.472   0.770   1.375
  -0.225  -0.342   1.338  -0.046  -0.225  -0.278   0.324   0.958   0.514  -1.324
  14  27   1    108      0      0      0   4.246E-19   0.000E+00
  -0.002   0.112   0.173   0.237   0.347   0.390   0.778   1.383
   0.327   0.296   0.496   0.180   0.253  -0.053  -0.739  -2.577
  15  27   1    110      0      0      0   6.128E-19   0.000E+00
   0.002   0.101   0.130   0.265   0.311   0.340   0.347   0.532   0.785   1.379
   0.486   0.465   0.317   0.211   0.285   0.887   0.032  -0.317  -0.866  -2.651
  16  27   1    108      0      0      0   7.581E-19   0.000E+00
   0.002   0.141   0.176   0.201   0.404   0.450   0.785   1.383
   0.577   0.479   0.831   0.113   0.155  -0.127  -0.916  -2.718
  17  27   1    111      0      0      0   8.667E-19   0.000E+00
   0.002   0.155   0.197   0.201   0.222   0.286   0.415   0.422   0.536   0.959
   1.390
   0.634   0.370   0.063   0.761   0.401   0.317  -0.359   0.253  -0.243  -1.352
  -2.662
  18  27   1    112      0      0      0   6.905E-20   0.000E+00
   0.002   0.173   0.276   0.297   0.311   0.372   0.439   0.454   0.479   0.521
   0.746   1.479
  -0.468  -1.092  -1.694  -0.109  -1.155  -1.683  -0.817   0.282  -1.007  -1.715
  -2.423  -4.556
  19  27   1    110      0      0      0   1.714E-19   0.000E+00
  -0.011   0.145   0.265   0.301   0.336   0.399   0.470   0.523   0.897   1.502
  -0.028  -0.592  -1.239  -0.070  -1.324  -1.423   0.746  -1.070  -1.859  -3.690
  20  27   1    109      0      0      0   4.339E-20   0.000E+00
  -0.002   0.390   0.430   0.447   0.532   0.590   0.621   1.008   1.657
  -0.662  -1.021  -0.313  -1.085  -1.148  -0.134  -1.444  -2.025  -3.968
  21  27   1    108      0      0      0   1.958E-19   0.000E+00
  -0.002   0.212   0.296   0.541   0.608   0.648   1.021   1.649
  -0.007  -0.261  -0.430  -0.694   0.753  -0.905  -1.623  -3.504
  22  27   1    106      0      0      0   3.086E-19   0.000E+00
   0.402   0.587   0.627   0.784   1.065   1.668
  -0.042  -0.148  -0.254  -0.401  -0.729  -2.525
  23  27   1    109      0      0      0   8.496E-20   0.000E+00
  -0.002   0.252   0.416   0.643   0.728   0.750   0.972   1.128   1.746
  -0.366  -1.155  -1.704  -1.831  -0.352  -1.747  -1.916  -2.155  -4.028
  24  27   1    109      0      0      0   2.520E-19   0.000E+00
   0.003   0.434   0.536   0.648   0.701   0.732   0.772   1.137   1.720
   0.091  -1.352  -1.986  -2.021  -1.264   0.461  -1.828  -2.866  -4.592
  25  27   1    113      0      0      0   7.730E-20   0.000E+00
  -0.002   0.550   0.581   0.710   0.732   0.746   0.821   0.892   0.906   0.981
   1.124   1.297   1.924
  -0.408  -1.750  -1.570  -1.718  -0.155  -1.803  -1.856  -0.694  -1.518  -1.813
  -1.423  -1.697  -3.577
  26  27   1    112      0      0      0   2.444E-19   0.000E+00
  -0.002   0.425   0.706   0.732   0.763   0.830   0.879   0.906   0.919   0.981
   1.293   1.924
   0.091  -0.947  -1.563  -0.419  -1.616  -1.669  -1.247   0.144  -1.335  -1.986
  -2.690  -4.574
*** Line transitions
   1   2   0   0   4      0      0   0.000E+00   5.000E-02
   1   3   0   0   4      0      0   0.000E+00   5.000E-02
   1   4   0   0   4      0      0   0.000E+00   5.000E-02
   1   5  -1   1   1      0      0   1.086E-01   7.000E-01
  T  3   11  40.  0.
  3.5E+8  3.0E-7   0.  0.  0.
   1   6  -1   1   1      0      0   1.622E-01   7.000E-01
  T  3   11  40.  0.
  1.1E+9  0.  0.  0.       0.
   1   7   0   0   4      0      0   0.000E+00   5.000E-02
   1   8  -1   1   1      0      0   7.700E-02   2.000E-01
  T  3   11  40.  0.
  1.6E+9  2.6E-6   0.  0.  0.
   1   9   0   0   4      0      0   0.000E+00   5.000E-02
   1  10  -1   1   1      0      0   2.278E-01   2.000E-01
  T  3   11  40.  0.
  1.1E+10 0.  0.  0.       0.
   1  11   0   0   4      0      0   0.000E+00   5.000E-02
   1  12   0   0   4      0      0   0.000E+00   5.000E-02
   1  13   0   0   4      0      0   0.000E+00   5.000E-02
   1  14   0   0   4      0      0   0.000E+00   5.000E-02
   1  15   0   0   4      0      0   0.000E+00   5.000E-02
   1  16   0   0   4      0      0   0.000E+00   5.000E-02
   1  17   0   0   4      0      0   0.000E+00   5.000E-02
   1  18  -1   0   1      0      0   4.032E-01   2.000E-01
  F  1  7  0.  0.
   1  19   0   0   4      0      0   0.000E+00   5.000E-02
   1  20  -1   0   1      0      0   1.047E-02   2.000E-01
  F  1  7  0.  0.
   1  21   0   0   4      0      0   0.000E+00   5.000E-02
   1  22   0   0   4      0      0   0.000E+00   5.000E-02
   1  23  -1   0   1      0      0   1.624E-01   2.000E-01
  F  1  7  0.  0.
   1  24   0   0   4      0      0   0.000E+00   5.000E-02
   1  25  -1   0   1      0      0   8.842E-02   2.000E-01
  F  1  7  0.  0.
   1  26   0   0   4      0      0   0.000E+00   5.000E-02
   2   3   0   0   4      0      0   0.000E+00   5.000E-02
   2   4   0   0   4      0      0   0.000E+00   5.000E-02
   2   5   0   0   4      0      0   0.000E+00   5.000E-02
   2   6   0   0   4      0      0   0.000E+00   5.000E-02
   2   7  -1   0   1      0      0   2.740E-01   2.000E-01
  F  1  7  0.  0.
   2   8   0   0   4      0      0   0.000E+00   5.000E-02
   2   9  -1   0   1      0      0   1.950E-01   2.000E-01
  F  1  7  0.  0.
   2  10   0   0   4      0      0   0.000E+00   5.000E-02
   2  11   0   0   4      0      0   0.000E+00   5.000E-02
   2  12   0   0   4      0      0   0.000E+00   5.000E-02
   2  13  -1   0   1      0      0   1.448E-01   2.000E-01
  F  1  7  0.  0.
   2  14   0   0   4      0      0   0.000E+00   5.000E-02
   2  15   0   0   4      0      0   0.000E+00   5.000E-02
   2  16   0   0   4      0      0   0.000E+00   5.000E-02
   2  17   0   0   4      0      0   0.000E+00   5.000E-02
   2  18   0   0   4      0      0   0.000E+00   5.000E-02
   2  19  -1   0   1      0      0   4.033E-01   2.000E-01
  F  1  7  0.  0.
   2  20   0   0   4      0      0   0.000E+00   5.000E-02
   2  21  -1   0   1      0      0   5.620E-03   2.000E-01
  F  1  7  0.  0.
   2  22   0   0   4      0      0   0.000E+00   5.000E-02
   2  23   0   0   4      0      0   0.000E+00   5.000E-02
   2  24  -1   0   1      0      0   1.514E-01   2.000E-01
  F  1  7  0.  0.
   2  25   0   0   4      0      0   0.000E+00   5.000E-02
   2  26  -1   0   1      0      0   7.620E-02   2.000E-01
  F  1  7  0.  0.
   3   4   0   0   4      0      0   0.000E+00   5.000E-02
   3   5   0   0   4      0      0   0.000E+00   5.000E-02
   3   6   0   0   4      0      0   0.000E+00   5.000E-02
   3   7   0   0   4      0      0   0.000E+00   5.000E-02
   3   8   0   0   4      0      0   0.000E+00   5.000E-02
   3   9  -1   0   1      0      0   1.560E-02   2.000E-01
  F  1  7  0.  0.
   3  10   0   0   4      0      0   0.000E+00   5.000E-02
   3  11   0   0   4      0      0   0.000E+00   5.000E-02
   3  12   0   0   4      0      0   0.000E+00   5.000E-02
   3  13  -1   0   1      0      0   2.970E-01   2.000E-01
  F  1  7  0.  0.
   3  14   0   0   4      0      0   0.000E+00   5.000E-02
   3  15   0   0   4      0      0   0.000E+00   5.000E-02
   3  16   0   0   4      0      0   0.000E+00   5.000E-02
   3  17   0   0   4      0      0   0.000E+00   5.000E-02
   3  18   0   0   4      0      0   0.000E+00   5.000E-02
   3  19  -1   0   1      0      0   4.150E-01   2.000E-01
  F  1  7  0.  0.
   3  20   0   0   4      0      0   0.000E+00   5.000E-02
   3  21  -1   0   1      0      0   6.770E-02   2.000E-01
  F  1  7  0.  0.
   3  22   0   0   4      0      0   0.000E+00   5.000E-02
   3  23   0   0   4      0      0   0.000E+00   5.000E-02
   3  24  -1   0   1      0      0   1.590E-01   2.000E-01
  F  1  7  0.  0.
   3  25   0   0   4      0      0   0.000E+00   5.000E-02
   3  26  -1   0   1      0      0   9.860E-02   2.000E-01
  F  1  7  0.  0.
   4   5   0   0   4      0      0   0.000E+00   5.000E-02
   4   6   0   0   4      0      0   0.000E+00   5.000E-02
   4   7   0   0   4      0      0   0.000E+00   5.000E-02
   4   8   0   0   4      0      0   0.000E+00   5.000E-02
   4   9   0   0   4      0      0   0.000E+00   5.000E-02
   4  10   0   0   4      0      0   0.000E+00   5.000E-02
   4  11   0   0   4      0      0   0.000E+00   5.000E-02
   4  12   0   0   4      0      0   0.000E+00   5.000E-02
   4  13   0   0   4      0      0   0.000E+00   5.000E-02
   4  14   0   0   4      0      0   0.000E+00   5.000E-02
   4  15   0   0   4      0      0   0.000E+00   5.000E-02
   4  16   0   0   4      0      0   0.000E+00   5.000E-02
   4  17   0   0   4      0      0   0.000E+00   5.000E-02
   4  18   0   0   4      0      0   0.000E+00   5.000E-02
   4  19   0   0   4      0      0   0.000E+00   5.000E-02
   4  20   0   0   4      0      0   0.000E+00   5.000E-02
   4  21   0   0   4      0      0   0.000E+00   5.000E-02
   4  22  -1   0   1      0      0   1.984E-01   2.000E-01
  F  1  7  0.  0.
   4  23   0   0   4      0      0   0.000E+00   5.000E-02
   4  24   0   0   4      0      0   0.000E+00   5.000E-02
   4  25   0   0   4      0      0   0.000E+00   5.000E-02
   4  26   0   0   4      0      0   0.000E+00   5.000E-02
   5   6   0   0   4      0      0   0.000E+00   5.000E-02
   5   7   0   0   4      0      0   0.000E+00   5.000E-02
   5   8   0   0   4      0      0   0.000E+00   5.000E-02
   5   9   0   0   4      0      0   0.000E+00   5.000E-02
   5  10   0   0   4      0      0   0.000E+00   5.000E-02
   5  11   0   0   4      0      0   0.000E+00   5.000E-02
   5  12  -1   0   1      0      0   2.007E-03   2.000E-01
  F  1  7  0.  0.
   5  13   0   0   4      0      0   0.000E+00   5.000E-02
   5  14   0   0   4      0      0   0.000E+00   5.000E-02
   5  15  -1   0   1      0      0   9.600E-03   2.000E-01
  F  1  7  0.  0.
   5  16   0   0   4      0      0   0.000E+00   5.000E-02
   5  17   0   0   4      0      0   0.000E+00   5.000E-02
   5  18   0   0   4      0      0   0.000E+00   5.000E-02
   5  19   0   0   4      0      0   0.000E+00   5.000E-02
   5  20  -1   0   1      0      0   2.511E-02   2.000E-01
  F  1  7  0.  0.
   5  21   0   0   4      0      0   0.000E+00   5.000E-02
   5  22   0   0   4      0      0   0.000E+00   5.000E-02
   5  23  -1   0   1      0      0   1.049E-01   2.000E-01
  F  1  7  0.  0.
   5  24   0   0   4      0      0   0.000E+00   5.000E-02
   5  25  -1   0   1      0      0   7.090E-02   2.000E-01
  F  1  7  0.  0.
   5  26   0   0   4      0      0   0.000E+00   5.000E-02
   6   7   0   0   4      0      0   0.000E+00   5.000E-02
   6   8   0   0   4      0      0   0.000E+00   5.000E-02
   6   9   0   0   4      0      0   0.000E+00   5.000E-02
   6  10   0   0   4      0      0   0.000E+00   5.000E-02
   6  11   0   0   4      0      0   0.000E+00   5.000E-02
   6  12  -1   0   1      0      0   1.733E-02   2.000E-01
  F  1  7  0.  0.
   6  13   0   0   4      0      0   0.000E+00   5.000E-02
   6  14  -1   0   1      0      0   1.167E-02   2.000E-01
  F  1  7  0.  0.
   6  15  -1   0   1      0      0   9.944E-04   2.000E-01
  F  1  7  0.  0.
   6  16   0   0   4      0      0   0.000E+00   5.000E-02
   6  17   0   0   4      0      0   0.000E+00   5.000E-02
   6  18   0   0   4      0      0   0.000E+00   5.000E-02
   6  19   0   0   4      0      0   0.000E+00   5.000E-02
   6  20  -1   0   1      0      0   7.239E-03   2.000E-01
  F  1  7  0.  0.
   6  21   0   0   4      0      0   0.000E+00   5.000E-02
   6  22   0   0   4      0      0   0.000E+00   5.000E-02
   6  23  -1   0   1      0      0   2.317E-02   2.000E-01
  F  1  7  0.  0.
   6  24   0   0   4      0      0   0.000E+00   5.000E-02
   6  25  -1   0   1      0      0   6.053E-02   2.000E-01
  F  1  7  0.  0.
   6  26   0   0   4      0      0   0.000E+00   5.000E-02
   7   8   0   0   4      0      0   0.000E+00   5.000E-02
   7   9   0   0   4      0      0   0.000E+00   5.000E-02
   7  10   0   0   4      0      0   0.000E+00   5.000E-02
   7  11  -1   0   1      0      0   8.580E-03   7.000E-01
  F  1  7  0.  0.
   7  12   0   0   4      0      0   0.000E+00   5.000E-02
   7  13   0   0   4      0      0   0.000E+00   5.000E-02
   7  14   0   0   4      0      0   0.000E+00   5.000E-02
   7  15   0   0   4      0      0   0.000E+00   5.000E-02
   7  16  -1   0   1      0      0   4.580E-03   7.000E-01
  F  1  7  0.  0.
   7  17   0   0   4      0      0   0.000E+00   5.000E-02
   7  18   0   0   4      0      0   0.000E+00   5.000E-02
   7  19   0   0   4      0      0   0.000E+00   5.000E-02
   7  20   0   0   4      0      0   0.000E+00   5.000E-02
   7  21  -1   0   1      0      0   1.856E-03   2.000E-01
  F  1  7  0.  0.
   7  22   0   0   4      0      0   0.000E+00   5.000E-02
   7  23   0   0   4      0      0   0.000E+00   5.000E-02
   7  24  -1   0   1      0      0   1.174E-02   2.000E-01
  F  1  7  0.  0.
   7  25   0   0   4      0      0   0.000E+00   5.000E-02
   7  26  -1   0   1      0      0   7.130E-03   2.000E-01
  F  1  7  0.  0.
   8   9   0   0   4      0      0   0.000E+00   5.000E-02
   8  10   0   0   4      0      0   0.000E+00   5.000E-02
   8  11   0   0   4      0      0   0.000E+00   5.000E-02
   8  12  -1   0   1      0      0   4.089E-01   7.000E-01
  F  1  7  0.  0.
   8  13   0   0   4      0      0   0.000E+00   5.000E-02
   8  14  -1   0   1      0      0   8.233E-02   7.000E-01
  F  1  7  0.  0.
   8  15  -1   0   1      0      0   3.289E-01   7.000E-01
  F  1  7  0.  0.
   8  16   0   0   4      0      0   0.000E+00   5.000E-02
   8  17   0   0   4      0      0   0.000E+00   5.000E-02
   8  18   0   0   4      0      0   0.000E+00   5.000E-02
   8  19   0   0   4      0      0   0.000E+00   5.000E-02
   8  20  -1   0   1      0      0   3.073E-02   2.000E-01
  F  1  7  0.  0.
   8  21   0   0   4      0      0   0.000E+00   5.000E-02
   8  22   0   0   4      0      0   0.000E+00   5.000E-02
   8  23  -1   0   1      0      0   6.347E-03   2.000E-01
  F  1  7  0.  0.
   8  24   0   0   4      0      0   0.000E+00   5.000E-02
   8  25  -1   0   1      0      0   1.390E-02   2.000E-01
  F  1  7  0.  0.
   8  26   0   0   4      0      0   0.000E+00   5.000E-02
   9  10   0   0   4      0      0   0.000E+00   5.000E-02
   9  11  -1   0   1      0      0   1.940E-01   7.000E-01
  F  1  7  0.  0.
   9  12   0   0   4      0      0   0.000E+00   5.000E-02
   9  13   0   0   4      0      0   0.000E+00   5.000E-02
   9  14   0   0   4      0      0   0.000E+00   5.000E-02
   9  15   0   0   4      0      0   0.000E+00   5.000E-02
   9  16  -1   0   1      0      0   5.633E-01   7.000E-01
  F  1  7  0.  0.
   9  17  -1   0   1      0      0   1.277E-01   7.000E-01
  F  1  7  0.  0.
   9  18   0   0   4      0      0   0.000E+00   5.000E-02
   9  19   0   0   4      0      0   0.000E+00   5.000E-02
   9  20   0   0   4      0      0   0.000E+00   5.000E-02
   9  21  -1   0   1      0      0   2.843E-02   2.000E-01
  F  1  7  0.  0.
   9  22   0   0   4      0      0   0.000E+00   5.000E-02
   9  23   0   0   4      0      0   0.000E+00   5.000E-02
   9  24  -1   0   1      0      0   9.333E-06   2.000E-01
  F  1  7  0.  0.
   9  25   0   0   4      0      0   0.000E+00   5.000E-02
   9  26  -1   0   1      0      0   1.129E-02   2.000E-01
  F  1  7  0.  0.
  10  11   0   0   4      0      0   0.000E+00   5.000E-02
  10  12   0   0   4      0      0   0.000E+00   5.000E-02
  10  13   0   0   4      0      0   0.000E+00   5.000E-02
  10  14  -1   0   1      0      0   8.468E-01   7.000E-01
  F  1  7  0.  0.
  10  15  -1   0   1      0      0   2.580E-04   7.000E-01
  F  1  7  0.  0.
  10  16   0   0   4      0      0   0.000E+00   5.000E-02
  10  17   0   0   4      0      0   0.000E+00   5.000E-02
  10  18   0   0   4      0      0   0.000E+00   5.000E-02
  10  19   0   0   4      0      0   0.000E+00   5.000E-02
  10  20  -1   0   1      0      0   1.542E-01   2.000E-01
  F  1  7  0.  0.
  10  21   0   0   4      0      0   0.000E+00   5.000E-02
  10  22   0   0   4      0      0   0.000E+00   5.000E-02
  10  23  -1   0   1      0      0   7.367E-02   2.000E-01
  F  1  7  0.  0.
  10  24   0   0   4      0      0   0.000E+00   5.000E-02
  10  25  -1   0   1      0      0   1.394E-01   2.000E-01
  F  1  7  0.  0.
  10  26   0   0   4      0      0   0.000E+00   5.000E-02
  11  12   0   0   4      0      0   0.000E+00   5.000E-02
  11  13  -1   0   1      0      0   1.857E-02   7.000E-01
  F  1  7  0.  0.
  11  14   0   0   4      0      0   0.000E+00   5.000E-02
  11  15   0   0   4      0      0   0.000E+00   5.000E-02
  11  16   0   0   4      0      0   0.000E+00   5.000E-02
  11  17   0   0   4      0      0   0.000E+00   5.000E-02
  11  18   0   0   4      0      0   0.000E+00   5.000E-02
  11  19  -1   0   1      0      0   7.243E-01   2.000E-01
  F  1  7  0.  0.
  11  20   0   0   4      0      0   0.000E+00   5.000E-02
  11  21  -1   0   1      0      0   1.290E-01   2.000E-01
  F  1  7  0.  0.
  11  22   0   0   4      0      0   0.000E+00   5.000E-02
  11  23   0   0   4      0      0   0.000E+00   5.000E-02
  11  24  -1   0   1      0      0   8.501E-03   2.000E-01
  F  1  7  0.  0.
  11  25   0   0   4      0      0   0.000E+00   5.000E-02
  11  26  -1   0   1      0      0   3.235E-02   2.000E-01
  F  1  7  0.  0.
  12  13   0   0   4      0      0   0.000E+00   5.000E-02
  12  14   0   0   4      0      0   0.000E+00   5.000E-02
  12  15   0   0   4      0      0   0.000E+00   5.000E-02
  12  16   0   0   4      0      0   0.000E+00   5.000E-02
  12  17   0   0   4      0      0   0.000E+00   5.000E-02
  12  18  -1   0   1      0      0   7.435E-01   7.000E-01
  F  1  7  0.  0.
  12  19   0   0   4      0      0   0.000E+00   5.000E-02
  12  20  -1   0   1      0      0   1.180E-01   2.000E-01
  F  1  7  0.  0.
  12  21   0   0   4      0      0   0.000E+00   5.000E-02
  12  22   0   0   4      0      0   0.000E+00   5.000E-02
  12  23  -1   0   1      0      0   2.392E-02   2.000E-01
  F  1  7  0.  0.
  12  24   0   0   4      0      0   0.000E+00   5.000E-02
  12  25  -1   0   1      0      0   3.840E-02   2.000E-01
  F  1  7  0.  0.
  12  26   0   0   4      0      0   0.000E+00   5.000E-02
  13  14   0   0   4      0      0   0.000E+00   5.000E-02
  13  15   0   0   4      0      0   0.000E+00   5.000E-02
  13  16  -1   0   1      0      0   1.970E-02   7.000E-01
  F  1  7  0.  0.
  13  17  -1   0   1      0      0   2.053E-03   7.000E-01
  F  1  7  0.  0.
  13  18   0   0   4      0      0   0.000E+00   5.000E-02
  13  19   0   0   4      0      0   0.000E+00   5.000E-02
  13  20   0   0   4      0      0   0.000E+00   5.000E-02
  13  21  -1   0   1      0      0   4.210E-02   2.000E-01
  F  1  7  0.  0.
  13  22   0   0   4      0      0   0.000E+00   5.000E-02
  13  23   0   0   4      0      0   0.000E+00   5.000E-02
  13  24  -1   0   1      0      0   1.250E-02   2.000E-01
  F  1  7  0.  0.
  13  25   0   0   4      0      0   0.000E+00   5.000E-02
  13  26  -1   0   1      0      0   1.462E-02   2.000E-01
  F  1  7  0.  0.
  14  15   0   0   4      0      0   0.000E+00   5.000E-02
  14  16   0   0   4      0      0   0.000E+00   5.000E-02
  14  17   0   0   4      0      0   0.000E+00   5.000E-02
  14  18  -1   0   1      0      0   8.833E-01   7.000E-01
  F  1  7  0.  0.
  14  19   0   0   4      0      0   0.000E+00   5.000E-02
  14  20  -1   0   1      0      0   7.500E-02   2.000E-01
  F  1  7  0.  0.
  14  21   0   0   4      0      0   0.000E+00   5.000E-02
  14  22   0   0   4      0      0   0.000E+00   5.000E-02
  14  23  -1   0   1      0      0   8.333E-03   2.000E-01
  F  1  7  0.  0.
  14  24   0   0   4      0      0   0.000E+00   5.000E-02
  14  25  -1   0   1      0      0   2.587E-02   2.000E-01
  F  1  7  0.  0.
  14  26   0   0   4      0      0   0.000E+00   5.000E-02
  15  16   0   0   4      0      0   0.000E+00   5.000E-02
  15  17   0   0   4      0      0   0.000E+00   5.000E-02
  15  18  -1   0   1      0      0   6.267E-01   7.000E-01
  F  1  7  0.  0.
  15  19   0   0   4      0      0   0.000E+00   5.000E-02
  15  20  -1   0   1      0      0   2.056E-01   2.000E-01
  F  1  7  0.  0.
  15  21   0   0   4      0      0   0.000E+00   5.000E-02
  15  22   0   0   4      0      0   0.000E+00   5.000E-02
  15  23  -1   0   1      0      0   4.496E-02   2.000E-01
  F  1  7  0.  0.
  15  24   0   0   4      0      0   0.000E+00   5.000E-02
  15  25  -1   0   1      0      0   5.570E-02   2.000E-01
  F  1  7  0.  0.
  15  26   0   0   4      0      0   0.000E+00   5.000E-02
  16  17   0   0   4      0      0   0.000E+00   5.000E-02
  16  18   0   0   4      0      0   0.000E+00   5.000E-02
  16  19  -1   0   1      0      0   6.844E-01   7.000E-01
  F  1  7  0.  0.
  16  20   0   0   4      0      0   0.000E+00   5.000E-02
  16  21  -1   0   1      0      0   1.636E-01   2.000E-01
  F  1  7  0.  0.
  16  22   0   0   4      0      0   0.000E+00   5.000E-02
  16  23   0   0   4      0      0   0.000E+00   5.000E-02
  16  24  -1   0   1      0      0   5.909E-02   2.000E-01
  F  1  7  0.  0.
  16  25   0   0   4      0      0   0.000E+00   5.000E-02
  16  26  -1   0   1      0      0   5.458E-02   2.000E-01
  F  1  7  0.  0.
  17  18   0   0   4      0      0   0.000E+00   5.000E-02
  17  19  -1   0   1      0      0   7.190E-01   7.000E-01
  F  1  7  0.  0.
  17  20   0   0   4      0      0   0.000E+00   5.000E-02
  17  21  -1   0   1      0      0   9.800E-02   2.000E-01
  F  1  7  0.  0.
  17  22   0   0   4      0      0   0.000E+00   5.000E-02
  17  23   0   0   4      0      0   0.000E+00   5.000E-02
  17  24  -1   0   1      0      0   9.180E-02   2.000E-01
  F  1  7  0.  0.
  17  25   0   0   4      0      0   0.000E+00   5.000E-02
  17  26  -1   0   1      0      0   6.050E-02   2.000E-01
  F  1  7  0.  0.
  18  19   0   0   4      0      0   0.000E+00   5.000E-02
  18  20  -1   0   1      0      0   1.352E-01   7.000E-01
  F  1  7  0.  0.
  18  21   0   0   4      0      0   0.000E+00   5.000E-02
  18  22   0   0   4      0      0   0.000E+00   5.000E-02
  18  23  -1   0   1      0      0   8.984E-01   2.000E-01
  F  1  7  0.  0.
  18  24   0   0   4      0      0   0.000E+00   5.000E-02
  18  25  -1   0   1      0      0   1.746E-01   2.000E-01
  F  1  7  0.  0.
  18  26   0   0   4      0      0   0.000E+00   5.000E-02
  19  20   0   0   4      0      0   0.000E+00   5.000E-02
  19  21  -1   0   1      0      0   1.341E-01   7.000E-01
  F  1  7  0.  0.
  19  22   0   0   4      0      0   0.000E+00   5.000E-02
  19  23   0   0   4      0      0   0.000E+00   5.000E-02
  19  24  -1   0   1      0      0   9.532E-01   2.000E-01
  F  1  7  0.  0.
  19  25   0   0   4      0      0   0.000E+00   5.000E-02
  19  26  -1   0   1      0      0   1.663E-01   2.000E-01
  F  1  7  0.  0.
  20  21   0   0   4      0      0   0.000E+00   5.000E-02
  20  22   0   0   4      0      0   0.000E+00   5.000E-02
  20  23  -1   0   1      0      0   8.426E-01   2.000E-01
  F  1  7  0.  0.
  20  24   0   0   4      0      0   0.000E+00   5.000E-02
  20  25  -1   0   1      0      0   1.637E-01   2.000E-01
  F  1  7  0.  0.
  20  26   0   0   4      0      0   0.000E+00   5.000E-02
  21  22   0   0   4      0      0   0.000E+00   5.000E-02
  21  23   0   0   4      0      0   0.000E+00   5.000E-02
  21  24  -1   0   1      0      0   8.138E-01   2.000E-01
  F  1  7  0.  0.
  21  25   0   0   4      0      0   0.000E+00   5.000E-02
  21  26  -1   0   1      0      0   2.079E-01   2.000E-01
  F  1  7  0.  0.
  22  23   0   0   4      0      0   0.000E+00   5.000E-02
  22  24   0   0   4      0      0   0.000E+00   5.000E-02
  22  25   0   0   4      0      0   0.000E+00   5.000E-02
  22  26   0   0   4      0      0   0.000E+00   5.000E-02
  23  24   0   0   4      0      0   0.000E+00   5.000E-02
  23  25  -1   0   1      0      0   1.113E+00   2.000E-01
  F  1  7  0.  0.
  23  26   0   0   4      0      0   0.000E+00   5.000E-02
  24  25   0   0   4      0      0   0.000E+00   5.000E-02
  24  26  -1   0   1      0      0   1.233E+00   2.000E-01
  F  1  7  0.  0.
  25  26   0   0   4      0      0   0.000E+00   5.000E-02
