****** Levels
 1.14731729E+16      2.    2  'N +2 2Po 1'  0   0.   0  
 1.14679445E+16      4.    2  'N +2 2Po 1'  0   0.   0  
 9.75605139E+15     12.    2  'N +2 4Pe 1'  0   0.   -102
 8.44445921E+15     10.    2  'N +2 2De 1'  0   0.   -102
 7.54576224E+15      2.    2  'N +2 2Se 1'  0   0.   -102
 7.09773134E+15      6.    2  'N +2 2Pe 1'  0   0.   -102
 5.87313594E+15      4.    2  'N +2 4So 1'  0   0.   -102
 5.38498681E+15     10.    2  'N +2 2Do 1'  0   0.   -102
 4.83869892E+15      2.    2  'N +2 2Se 2'  0   0.   -102  
 4.56574384E+15      6.    3  'N +2 2Po 2'  0   0.   -102  
 4.10760094E+15      6.    3  'N +2 2Po 3'  0   0.   -102  
 3.46145817E+15     10.    3  'N +2 2De 2'  0   0.   -102  
 2.84997141E+15     12.    3  'N +2 4Po 1'  0   0.   -102  
 2.56253036E+15      6.    3  'N +2 2Po 4'  0   0.   -102  
 2.44694236E+15      2.    3  'N +2 2Se 3'  0   0.   -102  
 2.20457195E+15     10.    4  'N +2 2Do 2'  0   0.   -102  
 2.20446699E+15      6.    4  'N +2 2Pe 2'  0   0.   -102  
 2.18621902E+15     20.    4  'N +2 4De 1'  0   0.   -102  
 2.12833011E+15      6.    4  'N +2 2Po 5'  0   0.   -102  
 2.05290042E+15      4.    4  'N +2 4Se 1'  0   0.   -102  
 1.95871876E+15     12.    4  'N +2 4Pe 2'  0   0.   -102  
 1.94661554E+15     10.    4  'N +2 2De 3'  0   0.   -102  
 1.87112680E+15     14.    4  'N +2 2Fo 1'  0   0.   -102  
 1.84894785E+15     10.    4  'N +2 2De 4'  0   0.   -102  
 1.66818140E+15      2.    4  'N +2 2Se 4'  0   0.   -102  
 1.51890713E+15     60.    4  'N +2+4_o 1'  0   0.   -102  
 1.24496338E+15     70.    5  'N +2+2__ 2'  0   0.   -102  
 8.54784324E+14     56.    6  'N +2+2__ 3'  0   0.   -102  
 6.20485268E+14     50.    7  'N +2+2__ 4'  0   0.   -102  
 4.73569100E+14     50.    8  'N +2+2__ 5'  0   0.   -102  
 3.28585701E+14    118.    9  'N +2+2__ 6'  0   0.   -102  
 2.51928756E+14     48.   11  'N +2+4__ 7'  0   0.   -102  
****** Continuum transitions
   1  33   1    107      0      0      0   4.509E-19   0.000E+00
  -0.003   0.024   0.069   0.169   0.542   0.931   1.165
   0.158   0.317   0.423   0.222  -0.486  -1.394  -2.092
   2  33   1    107      0      0      0   4.509E-19   0.000E+00
  -0.003   0.024   0.069   0.169   0.542   0.931   1.165
   0.158   0.317   0.423   0.222  -0.486  -1.394  -2.092
   3  33   1    106      0      0      0   1.469E-18   0.000E+00
   0.068   0.117   0.126   0.179   0.600   1.070
   0.641   0.606   0.509   0.421  -0.574  -1.789
   4  33   1    109      0      0      0   1.904E-19   0.000E+00
   0.002   0.017   0.029   0.077   0.079   0.086   0.209   0.625   1.133
  -0.042   1.268  -0.944  -0.845   0.225   0.563   0.465  -0.479  -1.789
   5  33   1    109      0      0      0   2.009E-21   0.000E+00
  -0.003   0.027   0.042   0.081   0.086   0.181   0.283   0.699   1.173
  -2.592   1.296  -0.845  -1.099   0.591   0.563   0.366  -0.592  -1.775
   6  33   1    111      0      0      0   3.454E-20   0.000E+00
  -0.003   0.017   0.029   0.044   0.089   0.091   0.176   0.179   0.281   0.786
   1.178
  -1.035  -0.437   1.007  -1.053  -1.563   0.039  -0.137   0.584   0.496  -0.701
  -1.757
   7  33   1    111      0      0      0   2.180E-39   0.000E+00
   0.109   0.117   0.126   0.164   0.184   0.194   0.203   0.263   0.269   0.675
   1.196
   0.197   1.792   0.028  -1.810  -1.282   0.197  -1.356  -1.113   0.799  -0.236
  -1.905
   8  33   1    109      0      0      0   1.965E-21   0.000E+00
  -0.001   0.042   0.116   0.125   0.147   0.159   0.298   0.708   1.238
  -2.169  -3.035  -2.444   0.324   1.465  -0.542   0.725  -0.225  -1.937
   9  33   1    107      0      0      0   1.483E-19   0.000E+00
  -0.002   0.044   0.048   0.386   0.923   1.230   1.411
  -0.305  -0.342  -0.046  -0.502  -1.451  -2.141  -2.646
  10  33   1    111      0      0      0   7.380E-21   0.000E+00
   0.002   0.048   0.123   0.133   0.173   0.176   0.315   0.322   0.397   0.827
   1.297
  -1.634  -2.282  -2.183   0.394   1.394  -0.211   0.084   0.704   0.690  -0.366
  -1.916
  11  33   1    108      0      0      0   9.589E-19   0.000E+00
  -0.005   0.005   0.020   0.073   0.197   0.425   0.870   1.351
   0.363   0.646   0.387   0.239   0.067  -0.364  -1.498  -3.039
  12  33   1    107      0      0      0   5.653E-20   0.000E+00
   0.005   0.048   0.069   0.130   0.415   0.877   1.418
  -0.465   1.620   0.958   0.225  -0.775  -2.169  -3.563
  13  33   1    109      0      0      0   2.869E-18   0.000E+00
   0.217   0.231   0.295   0.331   0.438   0.665   0.954   1.327   1.569
   0.014  -0.049  -0.044  -0.123  -0.255  -0.572  -1.079  -1.829  -2.458
  14  33   1    113      0      0      0   7.298E-21   0.000E+00
   0.002   0.016   0.041   0.094   0.137   0.201   0.222   0.230   0.254   0.347
   0.489   0.625   1.294
  -1.458  -0.201  -0.877  -1.109  -1.268  -1.268  -0.718   0.391   0.021  -0.169
  -0.296  -0.454  -2.461
  15  33   1    111      0      0      0   3.676E-19   0.000E+00
  -0.006   0.096   0.185   0.234   0.261   0.265   0.367   0.572   0.906   1.555
   1.689
   0.091   0.039   0.215  -0.349   0.303  -0.578  -0.472  -0.771  -1.352  -2.655
  -3.042
  16  33   1    109      0      0      0   1.606E-21   0.000E+00
  -0.006   0.043   0.154   0.158   0.332   0.399   0.492   1.159   1.604
  -2.173  -2.947  -3.035   1.349  -0.130  -0.095  -0.289  -1.979  -3.511
  17  33   1    112      0      0      0   1.706E-22   0.000E+00
  -0.002   0.007   0.020   0.074   0.096   0.136   0.247   0.247   0.274   0.514
   1.079   1.609
  -2.887  -4.662  -2.549  -1.176   0.197  -2.317  -1.725   0.007   0.387  -0.014
  -1.218  -2.930
  18  33   1    106      0      0      0   1.702E-18   0.000E+00
   0.256   0.381   0.527   0.868   1.256   1.616
   0.428   0.269  -0.056  -0.840  -1.879  -3.093
  19  33   1    107      0      0      0   8.760E-19   0.000E+00
  -0.002   0.038   0.230   0.407   0.550   1.270   1.631
   0.465   0.479   0.197  -0.225  -0.535  -2.380  -3.507
  20  33   1    107      0      0      0   2.306E-18   0.000E+00
   0.260   0.395   0.516   0.701   1.075   1.370   1.637
   0.463   0.243  -0.004  -0.338  -1.262  -2.099  -3.076
  21  33   1    107      0      0      0   3.723E-18   0.000E+00
   0.270   0.395   0.416   0.544   0.883   1.206   1.662
   0.463   0.173   0.199  -0.065  -0.919  -1.755  -3.190
  22  33   1    112      0      0      0   7.900E-19   0.000E+00
  -0.011   0.047   0.083   0.109   0.154   0.274   0.305   0.318   0.363   0.572
   1.186   1.662
   0.465   0.225  -0.648   0.324   0.028  -0.437   1.746   0.662  -0.028  -0.662
  -2.465  -3.986
  23  33   1    111      0      0      0   5.916E-19   0.000E+00
  -0.002   0.163   0.252   0.274   0.310   0.345   0.359   0.425   0.665   1.417
   1.680
   0.303  -0.416  -1.218  -2.190   1.634   0.493  -0.542  -1.092  -2.063  -5.380
  -7.092
  24  33   1    113      0      0      0   8.712E-20   0.000E+00
  -0.002   0.056   0.087   0.118   0.145   0.163   0.283   0.296   0.327   0.412
   0.585   1.146   1.675
  -0.537  -0.537   0.363  -0.217  -1.239  -0.389  -1.030   0.363   0.621   0.239
  -0.155  -1.498  -3.100
  25  33   1    114      0      0      0   1.408E-21   0.000E+00
  -0.002   0.016   0.083   0.118   0.141   0.194   0.261   0.301   0.305   0.341
   0.439   0.590   1.208   1.724
  -2.211  -3.373  -1.113   1.106  -0.690  -2.169  -1.092  -0.754   0.134   0.662
   0.282  -0.056  -1.535  -3.056
  26  33   1    107      0      0      0   1.545E-40   0.000E+00
   0.306   0.335   0.359   0.498   0.633   1.157   1.769
  -1.606   0.225  -0.479  -1.183  -1.620  -3.380  -5.648
  27  33   1    109      0      0      0   1.046E-19   0.000E+00
  -0.002   0.109   0.136   0.363   0.421   0.465   0.536   0.812   1.862
  -0.451  -0.887  -0.831  -1.366  -0.099  -0.916  -1.282  -2.042  -4.803
  28  33   1    108      0      0      0   1.752E-19   0.000E+00
   0.002   0.141   0.301   0.455   0.738   0.845   1.123   2.030
  -0.239  -0.704  -0.986  -1.380  -1.437  -1.732  -2.141  -4.676
  29  33   1    110      0      0      0   1.990E-19   0.000E+00
  -0.004   0.157   0.258   0.466   0.573   0.760   0.797   0.829   0.888   2.153
  -0.169  -0.578  -0.761  -1.239  -1.535  -1.887  -0.732  -1.676  -2.056  -5.155
  30  33   1    108      0      0      0   2.232E-19   0.000E+00
  -0.004   0.231   0.322   0.781   0.888   0.931   0.968   2.265
  -0.120  -0.683  -0.824  -1.880  -2.004  -0.454  -2.144  -5.173
  31  33   1    113      0      0      0   2.043E-19   0.000E+00
   0.002   0.141   0.407   0.792   0.851   0.957   1.005   1.053   1.085   1.123
   1.470   2.036   2.441
  -0.169  -0.338  -1.085  -1.930  -1.578  -1.592  -0.887  -2.000  -0.282  -2.169
  -2.817  -4.268  -5.099
  32  33   1    106      0      0      0   4.628E-20   0.000E+00
   0.927   1.083   1.221   1.336   1.554   2.533
  -1.504  -1.620  -1.958  -2.116  -2.423  -4.303
*** Line transitions
   1   2   0   0   4      0      0   0.000E+00   5.000E-02
   1   3   0   0   4      0      0   0.000E+00   5.000E-02
   1   4  -1   1   1      0      0   1.228E-01   7.000E-01
  T  3   15  40.  0.
  5.1E+8  0.  0.  0.       0.
   1   5  -1   1   1      0      0   8.333E-02   7.000E-01
  T  3   15  60.  0.
  2.7E+9  0.  0.  0.       0.
   1   6  -1   1   1      0      0   4.067E-01   7.000E-01
  T  3   15 100.  0.
  5.6E+9  0.  0.  0.       0.
   1   7   0   0   4      0      0   0.000E+00   5.000E-02
   1   8   0   0   4      0      0   0.000E+00   5.000E-02
   1   9  -1   1   1      0      0   3.150E-02   2.000E-01
  T  3   15 100.  0.
  1.2E+10 0.  0.  0.       0.
   1  10   0   0   4      0      0   0.000E+00   5.000E-02
   1  11   0   0   4      0      0   0.000E+00   5.000E-02
   1  12  -1   1   1      0      0   4.400E-01   2.000E-01
  T  3   15 100.  0.
  1.1E+10 0.  0.  0.       0.
   1  13   0   0   4      0      0   0.000E+00   5.000E-02
   1  14   0   0   4      0      0   0.000E+00   5.000E-02
   1  15  -1   0   1      0      0   6.117E-03   2.000E-01
  F  1  7  0.  0.
   1  16   0   0   4      0      0   0.000E+00   5.000E-02
   1  17  -1   0   1      0      0   5.200E-02   2.000E-01
  F  1  7  0.  0.
   1  18   0   0   4      0      0   0.000E+00   5.000E-02
   1  19   0   0   4      0      0   0.000E+00   5.000E-02
   1  20   0   0   4      0      0   0.000E+00   5.000E-02
   1  21   0   0   4      0      0   0.000E+00   5.000E-02
   1  22  -1   0   1      0      0   1.933E-01   2.000E-01
  F  1  7  0.  0.
   1  23   0   0   4      0      0   0.000E+00   5.000E-02
   1  24  -1   0   1      0      0   1.595E-02   2.000E-01
  F  1  7  0.  0.
   1  25  -1   0   1      0      0   6.800E-03   2.000E-01
  F  1  7  0.  0.
   1  26   0   0   4      0      0   0.000E+00   5.000E-02
   1  27  -1   0   1      0      0   5.360E-02   2.000E-01
  F  1  7  0.  0.
   1  28  -1   0   1      0      0   2.890E-02   2.000E-01
  F  1  7  0.  0.
   1  29  -1   0   1      0      0   1.770E-02   2.000E-01
  F  1  7  0.  0.
   1  30  -1   0   1      0      0   1.179E-02   2.000E-01
  F  1  7  0.  0.
   1  31  -1   0   1      0      0   4.309E-02   2.000E-01
  F  1  7  0.  0.
   1  32   0   0   4      0      0   0.000E+00   5.000E-02
   2   3   0   0   4      0      0   0.000E+00   5.000E-02
   2   4  -1   1   1      0      0   1.228E-01   7.000E-01
  T  3   15  40.  0.
  5.1E+8  0.  0.  0.       0.
   2   5  -1   1   1      0      0   8.333E-02   7.000E-01
  T  3   15  60.  0.
  2.7E+9  0.  0.  0.       0.
   2   6  -1   1   1      0      0   4.067E-01   7.000E-01
  T  3   15 100.  0.
  5.6E+9  0.  0.  0.       0.
   2   7   0   0   4      0      0   0.000E+00   5.000E-02
   2   8   0   0   4      0      0   0.000E+00   5.000E-02
   2   9  -1   1   1      0      0   3.150E-02   2.000E-01
  T  3   15 100.  0.
  1.2E+10 0.  0.  0.       0.
   2  10   0   0   4      0      0   0.000E+00   5.000E-02
   2  11   0   0   4      0      0   0.000E+00   5.000E-02
   2  12  -1   1   1      0      0   4.400E-01   2.000E-01
  T  3   15 100.  0.
  1.1E+10 0.  0.  0.       0.
   2  13   0   0   4      0      0   0.000E+00   5.000E-02
   2  14   0   0   4      0      0   0.000E+00   5.000E-02
   2  15  -1   0   1      0      0   6.117E-03   2.000E-01
  F  1  7  0.  0.
   2  16   0   0   4      0      0   0.000E+00   5.000E-02
   2  17  -1   0   1      0      0   5.200E-02   2.000E-01
  F  1  7  0.  0.
   2  18   0   0   4      0      0   0.000E+00   5.000E-02
   2  19   0   0   4      0      0   0.000E+00   5.000E-02
   2  20   0   0   4      0      0   0.000E+00   5.000E-02
   2  21   0   0   4      0      0   0.000E+00   5.000E-02
   2  22  -1   0   1      0      0   1.933E-01   2.000E-01
  F  1  7  0.  0.
   2  23   0   0   4      0      0   0.000E+00   5.000E-02
   2  24  -1   0   1      0      0   1.595E-02   2.000E-01
  F  1  7  0.  0.
   2  25  -1   0   1      0      0   6.800E-03   2.000E-01
  F  1  7  0.  0.
   2  26   0   0   4      0      0   0.000E+00   5.000E-02
   2  27  -1   0   1      0      0   5.360E-02   2.000E-01
  F  1  7  0.  0.
   2  28  -1   0   1      0      0   2.890E-02   2.000E-01
  F  1  7  0.  0.
   2  29  -1   0   1      0      0   1.770E-02   2.000E-01
  F  1  7  0.  0.
   2  30  -1   0   1      0      0   1.179E-02   2.000E-01
  F  1  7  0.  0.
   2  31  -1   0   1      0      0   4.309E-02   2.000E-01
  F  1  7  0.  0.
   2  32   0   0   4      0      0   0.000E+00   5.000E-02
   3   4   0   0   4      0      0   0.000E+00   5.000E-02
   3   5   0   0   4      0      0   0.000E+00   5.000E-02
   3   6   0   0   4      0      0   0.000E+00   5.000E-02
   3   7  -1   0   1      0      0   1.475E-01   2.000E-01
  F  1  7  0.  0.
   3   8   0   0   4      0      0   0.000E+00   5.000E-02
   3   9   0   0   4      0      0   0.000E+00   5.000E-02
   3  10   0   0   4      0      0   0.000E+00   5.000E-02
   3  11   0   0   4      0      0   0.000E+00   5.000E-02
   3  12   0   0   4      0      0   0.000E+00   5.000E-02
   3  13  -1   0   1      0      0   1.242E-01   2.000E-01
  F  1  7  0.  0.
   3  14   0   0   4      0      0   0.000E+00   5.000E-02
   3  15   0   0   4      0      0   0.000E+00   5.000E-02
   3  16   0   0   4      0      0   0.000E+00   5.000E-02
   3  17   0   0   4      0      0   0.000E+00   5.000E-02
   3  18   0   0   4      0      0   0.000E+00   5.000E-02
   3  19   0   0   4      0      0   0.000E+00   5.000E-02
   3  20   0   0   4      0      0   0.000E+00   5.000E-02
   3  21   0   0   4      0      0   0.000E+00   5.000E-02
   3  22   0   0   4      0      0   0.000E+00   5.000E-02
   3  23   0   0   4      0      0   0.000E+00   5.000E-02
   3  24   0   0   4      0      0   0.000E+00   5.000E-02
   3  25   0   0   4      0      0   0.000E+00   5.000E-02
   3  26  -1   0   1      0      0   8.067E-01   2.000E-01
  F  1  7  0.  0.
   3  27   0   0   4      0      0   0.000E+00   5.000E-02
   3  28   0   0   4      0      0   0.000E+00   5.000E-02
   3  29   0   0   4      0      0   0.000E+00   5.000E-02
   3  30   0   0   4      0      0   0.000E+00   5.000E-02
   3  31   0   0   4      0      0   0.000E+00   5.000E-02
   3  32  -1   0   1      0      0   2.033E-02   2.000E-01
  F  1  7  0.  0.
   4   5   0   0   4      0      0   0.000E+00   5.000E-02
   4   6   0   0   4      0      0   0.000E+00   5.000E-02
   4   7   0   0   4      0      0   0.000E+00   5.000E-02
   4   8  -1   0   1      0      0   1.410E-01   7.000E-01
  F  1  7  0.  0.
   4   9   0   0   4      0      0   0.000E+00   5.000E-02
   4  10  -1   0   1      0      0   1.270E-01   2.000E-01
  F  1  7  0.  0.
   4  11  -1   0   1      0      0   4.180E-03   2.000E-01
  F  1  7  0.  0.
   4  12   0   0   4      0      0   0.000E+00   5.000E-02
   4  13   0   0   4      0      0   0.000E+00   5.000E-02
   4  14  -1   0   1      0      0   4.150E-02   2.000E-01
  F  1  7  0.  0.
   4  15   0   0   4      0      0   0.000E+00   5.000E-02
   4  16  -1   0   1      0      0   1.520E-01   2.000E-01
  F  1  7  0.  0.
   4  17   0   0   4      0      0   0.000E+00   5.000E-02
   4  18   0   0   4      0      0   0.000E+00   5.000E-02
   4  19  -1   0   1      0      0   5.780E-04   2.000E-01
  F  1  7  0.  0.
   4  20   0   0   4      0      0   0.000E+00   5.000E-02
   4  21   0   0   4      0      0   0.000E+00   5.000E-02
   4  22   0   0   4      0      0   0.000E+00   5.000E-02
   4  23  -1   0   1      0      0   5.260E-03   2.000E-01
  F  1  7  0.  0.
   4  24   0   0   4      0      0   0.000E+00   5.000E-02
   4  25   0   0   4      0      0   0.000E+00   5.000E-02
   4  26   0   0   4      0      0   0.000E+00   5.000E-02
   4  27  -1   0   1      0      0   3.885E-01   2.000E-01
  F  1  7  0.  0.
   4  28  -1   0   1      0      0   2.793E-02   2.000E-01
  F  1  7  0.  0.
   4  29  -1   0   1      0      0   2.015E-03   2.000E-01
  F  1  7  0.  0.
   4  30  -1   0   1      0      0   1.727E-03   2.000E-01
  F  1  7  0.  0.
   4  31  -1   0   1      0      0   1.058E-02   2.000E-01
  F  1  7  0.  0.
   4  32   0   0   4      0      0   0.000E+00   5.000E-02
   5   6   0   0   4      0      0   0.000E+00   5.000E-02
   5   7   0   0   4      0      0   0.000E+00   5.000E-02
   5   8   0   0   4      0      0   0.000E+00   5.000E-02
   5   9   0   0   4      0      0   0.000E+00   5.000E-02
   5  10  -1   0   1      0      0   1.140E-01   2.000E-01
  F  1  7  0.  0.
   5  11  -1   0   1      0      0   1.315E-02   2.000E-01
  F  1  7  0.  0.
   5  12   0   0   4      0      0   0.000E+00   5.000E-02
   5  13   0   0   4      0      0   0.000E+00   5.000E-02
   5  14  -1   0   1      0      0   8.100E-02   2.000E-01
  F  1  7  0.  0.
   5  15   0   0   4      0      0   0.000E+00   5.000E-02
   5  16   0   0   4      0      0   0.000E+00   5.000E-02
   5  17   0   0   4      0      0   0.000E+00   5.000E-02
   5  18   0   0   4      0      0   0.000E+00   5.000E-02
   5  19  -1   0   1      0      0   1.140E-02   2.000E-01
  F  1  7  0.  0.
   5  20   0   0   4      0      0   0.000E+00   5.000E-02
   5  21   0   0   4      0      0   0.000E+00   5.000E-02
   5  22   0   0   4      0      0   0.000E+00   5.000E-02
   5  23   0   0   4      0      0   0.000E+00   5.000E-02
   5  24   0   0   4      0      0   0.000E+00   5.000E-02
   5  25   0   0   4      0      0   0.000E+00   5.000E-02
   5  26   0   0   4      0      0   0.000E+00   5.000E-02
   5  27  -1   0   1      0      0   6.101E-01   2.000E-01
  F  1  7  0.  0.
   5  28  -1   0   1      0      0   5.111E-02   2.000E-01
  F  1  7  0.  0.
   5  29  -1   0   1      0      0   6.650E-04   2.000E-01
  F  1  7  0.  0.
   5  30  -1   0   1      0      0   2.740E-06   2.000E-01
  F  1  7  0.  0.
   5  31  -1   0   1      0      0   1.977E-02   2.000E-01
  F  1  7  0.  0.
   5  32   0   0   4      0      0   0.000E+00   5.000E-02
   6   7   0   0   4      0      0   0.000E+00   5.000E-02
   6   8  -1   0   1      0      0   1.132E-01   7.000E-01
  F  1  7  0.  0.
   6   9   0   0   4      0      0   0.000E+00   5.000E-02
   6  10  -1   0   1      0      0   1.833E-01   2.000E-01
  F  1  7  0.  0.
   6  11  -1   0   1      0      0   3.600E-04   2.000E-01
  F  1  7  0.  0.
   6  12   0   0   4      0      0   0.000E+00   5.000E-02
   6  13   0   0   4      0      0   0.000E+00   5.000E-02
   6  14  -1   0   1      0      0   8.700E-03   2.000E-01
  F  1  7  0.  0.
   6  15   0   0   4      0      0   0.000E+00   5.000E-02
   6  16  -1   0   1      0      0   1.302E-01   2.000E-01
  F  1  7  0.  0.
   6  17   0   0   4      0      0   0.000E+00   5.000E-02
   6  18   0   0   4      0      0   0.000E+00   5.000E-02
   6  19  -1   0   1      0      0   1.035E-03   2.000E-01
  F  1  7  0.  0.
   6  20   0   0   4      0      0   0.000E+00   5.000E-02
   6  21   0   0   4      0      0   0.000E+00   5.000E-02
   6  22   0   0   4      0      0   0.000E+00   5.000E-02
   6  23   0   0   4      0      0   0.000E+00   5.000E-02
   6  24   0   0   4      0      0   0.000E+00   5.000E-02
   6  25   0   0   4      0      0   0.000E+00   5.000E-02
   6  26   0   0   4      0      0   0.000E+00   5.000E-02
   6  27  -1   0   1      0      0   6.326E-02   2.000E-01
  F  1  7  0.  0.
   6  28  -1   0   1      0      0   6.548E-02   2.000E-01
  F  1  7  0.  0.
   6  29  -1   0   1      0      0   1.883E-03   2.000E-01
  F  1  7  0.  0.
   6  30  -1   0   1      0      0   6.900E-04   2.000E-01
  F  1  7  0.  0.
   6  31  -1   0   1      0      0   1.904E-03   2.000E-01
  F  1  7  0.  0.
   6  32   0   0   4      0      0   0.000E+00   5.000E-02
   7   8   0   0   4      0      0   0.000E+00   5.000E-02
   7   9   0   0   4      0      0   0.000E+00   5.000E-02
   7  10   0   0   4      0      0   0.000E+00   5.000E-02
   7  11   0   0   4      0      0   0.000E+00   5.000E-02
   7  12   0   0   4      0      0   0.000E+00   5.000E-02
   7  13   0   0   4      0      0   0.000E+00   5.000E-02
   7  14   0   0   4      0      0   0.000E+00   5.000E-02
   7  15   0   0   4      0      0   0.000E+00   5.000E-02
   7  16   0   0   4      0      0   0.000E+00   5.000E-02
   7  17   0   0   4      0      0   0.000E+00   5.000E-02
   7  18   0   0   4      0      0   0.000E+00   5.000E-02
   7  19   0   0   4      0      0   0.000E+00   5.000E-02
   7  20  -1   0   1      0      0   1.452E-01   2.000E-01
  F  1  7  0.  0.
   7  21  -1   0   1      0      0   1.748E-05   2.000E-01
  F  1  7  0.  0.
   7  22   0   0   4      0      0   0.000E+00   5.000E-02
   7  23   0   0   4      0      0   0.000E+00   5.000E-02
   7  24   0   0   4      0      0   0.000E+00   5.000E-02
   7  25   0   0   4      0      0   0.000E+00   5.000E-02
   7  26   0   0   4      0      0   0.000E+00   5.000E-02
   7  27   0   0   4      0      0   0.000E+00   5.000E-02
   7  28   0   0   4      0      0   0.000E+00   5.000E-02
   7  29   0   0   4      0      0   0.000E+00   5.000E-02
   7  30   0   0   4      0      0   0.000E+00   5.000E-02
   7  31   0   0   4      0      0   0.000E+00   5.000E-02
   7  32  -1   0   1      0      0   1.309E-03   2.000E-01
  F  1  7  0.  0.
   8   9   0   0   4      0      0   0.000E+00   5.000E-02
   8  10   0   0   4      0      0   0.000E+00   5.000E-02
   8  11   0   0   4      0      0   0.000E+00   5.000E-02
   8  12  -1   0   1      0      0   2.590E-05   2.000E-01
  F  1  7  0.  0.
   8  13   0   0   4      0      0   0.000E+00   5.000E-02
   8  14   0   0   4      0      0   0.000E+00   5.000E-02
   8  15   0   0   4      0      0   0.000E+00   5.000E-02
   8  16   0   0   4      0      0   0.000E+00   5.000E-02
   8  17  -1   0   1      0      0   1.240E-02   2.000E-01
  F  1  7  0.  0.
   8  18   0   0   4      0      0   0.000E+00   5.000E-02
   8  19   0   0   4      0      0   0.000E+00   5.000E-02
   8  20   0   0   4      0      0   0.000E+00   5.000E-02
   8  21   0   0   4      0      0   0.000E+00   5.000E-02
   8  22  -1   0   1      0      0   6.010E-04   2.000E-01
  F  1  7  0.  0.
   8  23   0   0   4      0      0   0.000E+00   5.000E-02
   8  24  -1   0   1      0      0   4.730E-03   2.000E-01
  F  1  7  0.  0.
   8  25   0   0   4      0      0   0.000E+00   5.000E-02
   8  26   0   0   4      0      0   0.000E+00   5.000E-02
   8  27  -1   0   1      0      0   5.330E-05   2.000E-01
  F  1  7  0.  0.
   8  28  -1   0   1      0      0   1.910E-05   2.000E-01
  F  1  7  0.  0.
   8  29  -1   0   1      0      0   8.720E-06   2.000E-01
  F  1  7  0.  0.
   8  30  -1   0   1      0      0   3.890E-06   2.000E-01
  F  1  7  0.  0.
   8  31  -1   0   1      0      0   1.822E-02   2.000E-01
  F  1  7  0.  0.
   8  32   0   0   4      0      0   0.000E+00   5.000E-02
   9  10  -1   0   1      0      0   1.130E-03   7.000E-01
  F  1  7  0.  0.
   9  11  -1   0   1      0      0   6.500E-01   7.000E-01
  F  1  7  0.  0.
   9  12   0   0   4      0      0   0.000E+00   5.000E-02
   9  13   0   0   4      0      0   0.000E+00   5.000E-02
   9  14  -1   0   1      0      0   5.900E-02   2.000E-01
  F  1  7  0.  0.
   9  15   0   0   4      0      0   0.000E+00   5.000E-02
   9  16   0   0   4      0      0   0.000E+00   5.000E-02
   9  17   0   0   4      0      0   0.000E+00   5.000E-02
   9  18   0   0   4      0      0   0.000E+00   5.000E-02
   9  19  -1   0   1      0      0   5.950E-02   2.000E-01
  F  1  7  0.  0.
   9  20   0   0   4      0      0   0.000E+00   5.000E-02
   9  21   0   0   4      0      0   0.000E+00   5.000E-02
   9  22   0   0   4      0      0   0.000E+00   5.000E-02
   9  23   0   0   4      0      0   0.000E+00   5.000E-02
   9  24   0   0   4      0      0   0.000E+00   5.000E-02
   9  25   0   0   4      0      0   0.000E+00   5.000E-02
   9  26   0   0   4      0      0   0.000E+00   5.000E-02
   9  27  -1   0   1      0      0   5.830E-02   2.000E-01
  F  1  7  0.  0.
   9  28  -1   0   1      0      0   6.350E-01   2.000E-01
  F  1  7  0.  0.
   9  29  -1   0   1      0      0   4.760E-05   2.000E-01
  F  1  7  0.  0.
   9  30  -1   0   1      0      0   9.250E-04   2.000E-01
  F  1  7  0.  0.
   9  31  -1   0   1      0      0   1.752E-03   2.000E-01
  F  1  7  0.  0.
   9  32   0   0   4      0      0   0.000E+00   5.000E-02
  10  11   0   0   4      0      0   0.000E+00   5.000E-02
  10  12  -1   0   1      0      0   2.117E-03   7.000E-01
  F  1  7  0.  0.
  10  13   0   0   4      0      0   0.000E+00   5.000E-02
  10  14   0   0   4      0      0   0.000E+00   5.000E-02
  10  15  -1   0   1      0      0   1.655E-04   2.000E-01
  F  1  7  0.  0.
  10  16   0   0   4      0      0   0.000E+00   5.000E-02
  10  17  -1   0   1      0      0   9.483E-04   2.000E-01
  F  1  7  0.  0.
  10  18   0   0   4      0      0   0.000E+00   5.000E-02
  10  19   0   0   4      0      0   0.000E+00   5.000E-02
  10  20   0   0   4      0      0   0.000E+00   5.000E-02
  10  21   0   0   4      0      0   0.000E+00   5.000E-02
  10  22  -1   0   1      0      0   6.300E-03   2.000E-01
  F  1  7  0.  0.
  10  23   0   0   4      0      0   0.000E+00   5.000E-02
  10  24  -1   0   1      0      0   1.662E-02   2.000E-01
  F  1  7  0.  0.
  10  25  -1   0   1      0      0   1.510E-02   2.000E-01
  F  1  7  0.  0.
  10  26   0   0   4      0      0   0.000E+00   5.000E-02
  10  27  -1   0   1      0      0   1.630E-03   2.000E-01
  F  1  7  0.  0.
  10  28  -1   0   1      0      0   2.535E-04   2.000E-01
  F  1  7  0.  0.
  10  29  -1   0   1      0      0   1.517E-04   2.000E-01
  F  1  7  0.  0.
  10  30  -1   0   1      0      0   1.150E-04   2.000E-01
  F  1  7  0.  0.
  10  31  -1   0   1      0      0   1.769E-02   2.000E-01
  F  1  7  0.  0.
  10  32   0   0   4      0      0   0.000E+00   5.000E-02
  11  12  -1   0   1      0      0   3.867E-01   7.000E-01
  F  1  7  0.  0.
  11  13   0   0   4      0      0   0.000E+00   5.000E-02
  11  14   0   0   4      0      0   0.000E+00   5.000E-02
  11  15  -1   0   1      0      0   1.208E-01   2.000E-01
  F  1  7  0.  0.
  11  16   0   0   4      0      0   0.000E+00   5.000E-02
  11  17  -1   0   1      0      0   1.172E-02   2.000E-01
  F  1  7  0.  0.
  11  18   0   0   4      0      0   0.000E+00   5.000E-02
  11  19   0   0   4      0      0   0.000E+00   5.000E-02
  11  20   0   0   4      0      0   0.000E+00   5.000E-02
  11  21   0   0   4      0      0   0.000E+00   5.000E-02
  11  22  -1   0   1      0      0   2.383E-01   2.000E-01
  F  1  7  0.  0.
  11  23   0   0   4      0      0   0.000E+00   5.000E-02
  11  24  -1   0   1      0      0   3.150E-04   2.000E-01
  F  1  7  0.  0.
  11  25  -1   0   1      0      0   8.450E-04   2.000E-01
  F  1  7  0.  0.
  11  26   0   0   4      0      0   0.000E+00   5.000E-02
  11  27  -1   0   1      0      0   9.517E-02   2.000E-01
  F  1  7  0.  0.
  11  28  -1   0   1      0      0   4.503E-02   2.000E-01
  F  1  7  0.  0.
  11  29  -1   0   1      0      0   2.595E-02   2.000E-01
  F  1  7  0.  0.
  11  30  -1   0   1      0      0   1.687E-02   2.000E-01
  F  1  7  0.  0.
  11  31  -1   0   1      0      0   2.376E-01   2.000E-01
  F  1  7  0.  0.
  11  32   0   0   4      0      0   0.000E+00   5.000E-02
  12  13   0   0   4      0      0   0.000E+00   5.000E-02
  12  14  -1   0   1      0      0   2.620E-02   7.000E-01
  F  1  7  0.  0.
  12  15   0   0   4      0      0   0.000E+00   5.000E-02
  12  16  -1   0   1      0      0   3.260E-05   2.000E-01
  F  1  7  0.  0.
  12  17   0   0   4      0      0   0.000E+00   5.000E-02
  12  18   0   0   4      0      0   0.000E+00   5.000E-02
  12  19  -1   0   1      0      0   4.950E-02   2.000E-01
  F  1  7  0.  0.
  12  20   0   0   4      0      0   0.000E+00   5.000E-02
  12  21   0   0   4      0      0   0.000E+00   5.000E-02
  12  22   0   0   4      0      0   0.000E+00   5.000E-02
  12  23  -1   0   1      0      0   8.700E-01   2.000E-01
  F  1  7  0.  0.
  12  24   0   0   4      0      0   0.000E+00   5.000E-02
  12  25   0   0   4      0      0   0.000E+00   5.000E-02
  12  26   0   0   4      0      0   0.000E+00   5.000E-02
  12  27  -1   0   1      0      0   1.486E-01   2.000E-01
  F  1  7  0.  0.
  12  28  -1   0   1      0      0   4.683E-02   2.000E-01
  F  1  7  0.  0.
  12  29  -1   0   1      0      0   2.022E-02   2.000E-01
  F  1  7  0.  0.
  12  30  -1   0   1      0      0   1.014E-02   2.000E-01
  F  1  7  0.  0.
  12  31  -1   0   1      0      0   8.969E-03   2.000E-01
  F  1  7  0.  0.
  12  32   0   0   4      0      0   0.000E+00   5.000E-02
  13  14   0   0   4      0      0   0.000E+00   5.000E-02
  13  15   0   0   4      0      0   0.000E+00   5.000E-02
  13  16   0   0   4      0      0   0.000E+00   5.000E-02
  13  17   0   0   4      0      0   0.000E+00   5.000E-02
  13  18  -1   0   1      0      0   3.425E-01   7.000E-01
  F  1  7  0.  0.
  13  19   0   0   4      0      0   0.000E+00   5.000E-02
  13  20  -1   0   1      0      0   8.008E-02   2.000E-01
  F  1  7  0.  0.
  13  21  -1   0   1      0      0   3.083E-01   2.000E-01
  F  1  7  0.  0.
  13  22   0   0   4      0      0   0.000E+00   5.000E-02
  13  23   0   0   4      0      0   0.000E+00   5.000E-02
  13  24   0   0   4      0      0   0.000E+00   5.000E-02
  13  25   0   0   4      0      0   0.000E+00   5.000E-02
  13  26   0   0   4      0      0   0.000E+00   5.000E-02
  13  27   0   0   4      0      0   0.000E+00   5.000E-02
  13  28   0   0   4      0      0   0.000E+00   5.000E-02
  13  29   0   0   4      0      0   0.000E+00   5.000E-02
  13  30   0   0   4      0      0   0.000E+00   5.000E-02
  13  31   0   0   4      0      0   0.000E+00   5.000E-02
  13  32  -1   0   1      0      0   7.372E-02   2.000E-01
  F  1  7  0.  0.
  14  15  -1   0   1      0      0   1.257E-02   7.000E-01
  F  1  7  0.  0.
  14  16   0   0   4      0      0   0.000E+00   5.000E-02
  14  17  -1   0   1      0      0   9.750E-02   7.000E-01
  F  1  7  0.  0.
  14  18   0   0   4      0      0   0.000E+00   5.000E-02
  14  19   0   0   4      0      0   0.000E+00   5.000E-02
  14  20   0   0   4      0      0   0.000E+00   5.000E-02
  14  21   0   0   4      0      0   0.000E+00   5.000E-02
  14  22  -1   0   1      0      0   1.370E-02   2.000E-01
  F  1  7  0.  0.
  14  23   0   0   4      0      0   0.000E+00   5.000E-02
  14  24  -1   0   1      0      0   4.900E-01   2.000E-01
  F  1  7  0.  0.
  14  25  -1   0   1      0      0   6.467E-02   2.000E-01
  F  1  7  0.  0.
  14  26   0   0   4      0      0   0.000E+00   5.000E-02
  14  27  -1   0   1      0      0   1.677E-02   2.000E-01
  F  1  7  0.  0.
  14  28  -1   0   1      0      0   1.802E-03   2.000E-01
  F  1  7  0.  0.
  14  29  -1   0   1      0      0   5.300E-04   2.000E-01
  F  1  7  0.  0.
  14  30  -1   0   1      0      0   2.005E-04   2.000E-01
  F  1  7  0.  0.
  14  31  -1   0   1      0      0   1.112E-01   2.000E-01
  F  1  7  0.  0.
  14  32   0   0   4      0      0   0.000E+00   5.000E-02
  15  16   0   0   4      0      0   0.000E+00   5.000E-02
  15  17   0   0   4      0      0   0.000E+00   5.000E-02
  15  18   0   0   4      0      0   0.000E+00   5.000E-02
  15  19  -1   0   1      0      0   1.095E+00   7.000E-01
  F  1  7  0.  0.
  15  20   0   0   4      0      0   0.000E+00   5.000E-02
  15  21   0   0   4      0      0   0.000E+00   5.000E-02
  15  22   0   0   4      0      0   0.000E+00   5.000E-02
  15  23   0   0   4      0      0   0.000E+00   5.000E-02
  15  24   0   0   4      0      0   0.000E+00   5.000E-02
  15  25   0   0   4      0      0   0.000E+00   5.000E-02
  15  26   0   0   4      0      0   0.000E+00   5.000E-02
  15  27  -1   0   1      0      0   5.765E-02   2.000E-01
  F  1  7  0.  0.
  15  28  -1   0   1      0      0   3.113E-02   2.000E-01
  F  1  7  0.  0.
  15  29  -1   0   1      0      0   1.350E-02   2.000E-01
  F  1  7  0.  0.
  15  30  -1   0   1      0      0   9.800E-03   2.000E-01
  F  1  7  0.  0.
  15  31  -1   0   1      0      0   1.570E-02   2.000E-01
  F  1  7  0.  0.
  15  32   0   0   4      0      0   0.000E+00   5.000E-02
  16  17   0   0   1      0      0   0.000E+00   7.000E-01
  16  18   0   0   4      0      0   0.000E+00   5.000E-02
  16  19   0   0   4      0      0   0.000E+00   5.000E-02
  16  20   0   0   4      0      0   0.000E+00   5.000E-02
  16  21   0   0   4      0      0   0.000E+00   5.000E-02
  16  22   0   0   1      0      0   0.000E+00   7.000E-01
  16  23   0   0   4      0      0   0.000E+00   5.000E-02
  16  24   0   0   1      0      0   0.000E+00   7.000E-01
  16  25   0   0   4      0      0   0.000E+00   5.000E-02
  16  26   0   0   4      0      0   0.000E+00   5.000E-02
  16  27  -1   0   1      0      0   5.000E-05   2.000E-01
  F  1  7  0.  0.
  16  28  -1   0   1      0      0   3.450E-05   2.000E-01
  F  1  7  0.  0.
  16  29  -1   0   1      0      0   2.300E-05   2.000E-01
  F  1  7  0.  0.
  16  30  -1   0   1      0      0   1.790E-05   2.000E-01
  F  1  7  0.  0.
  16  31  -1   0   1      0      0   6.552E-02   2.000E-01
  F  1  7  0.  0.
  16  32   0   0   4      0      0   0.000E+00   5.000E-02
  17  18   0   0   4      0      0   0.000E+00   5.000E-02
  17  19  -1   0   1      0      0   2.067E-03   7.000E-01
  F  1  7  0.  0.
  17  20   0   0   4      0      0   0.000E+00   5.000E-02
  17  21   0   0   4      0      0   0.000E+00   5.000E-02
  17  22   0   0   4      0      0   0.000E+00   5.000E-02
  17  23   0   0   4      0      0   0.000E+00   5.000E-02
  17  24   0   0   4      0      0   0.000E+00   5.000E-02
  17  25   0   0   4      0      0   0.000E+00   5.000E-02
  17  26   0   0   4      0      0   0.000E+00   5.000E-02
  17  27  -1   0   1      0      0   1.379E-01   2.000E-01
  F  1  7  0.  0.
  17  28  -1   0   1      0      0   3.257E-03   2.000E-01
  F  1  7  0.  0.
  17  29  -1   0   1      0      0   2.050E-03   2.000E-01
  F  1  7  0.  0.
  17  30  -1   0   1      0      0   2.700E-03   2.000E-01
  F  1  7  0.  0.
  17  31  -1   0   1      0      0   8.622E-02   2.000E-01
  F  1  7  0.  0.
  17  32   0   0   4      0      0   0.000E+00   5.000E-02
  18  19   0   0   4      0      0   0.000E+00   5.000E-02
  18  20   0   0   4      0      0   0.000E+00   5.000E-02
  18  21   0   0   4      0      0   0.000E+00   5.000E-02
  18  22   0   0   4      0      0   0.000E+00   5.000E-02
  18  23   0   0   4      0      0   0.000E+00   5.000E-02
  18  24   0   0   4      0      0   0.000E+00   5.000E-02
  18  25   0   0   4      0      0   0.000E+00   5.000E-02
  18  26  -1   0   1      0      0   3.809E-01   2.000E-01
  F  1  7  0.  0.
  18  27   0   0   4      0      0   0.000E+00   5.000E-02
  18  28   0   0   4      0      0   0.000E+00   5.000E-02
  18  29   0   0   4      0      0   0.000E+00   5.000E-02
  18  30   0   0   4      0      0   0.000E+00   5.000E-02
  18  31   0   0   4      0      0   0.000E+00   5.000E-02
  18  32  -1   0   1      0      0   9.750E-02   2.000E-01
  F  1  7  0.  0.
  19  20   0   0   4      0      0   0.000E+00   5.000E-02
  19  21   0   0   4      0      0   0.000E+00   5.000E-02
  19  22  -1   0   1      0      0   4.567E-01   7.000E-01
  F  1  7  0.  0.
  19  23   0   0   4      0      0   0.000E+00   5.000E-02
  19  24  -1   0   1      0      0   6.750E-02   7.000E-01
  F  1  7  0.  0.
  19  25  -1   0   1      0      0   4.467E-02   7.000E-01
  F  1  7  0.  0.
  19  26   0   0   4      0      0   0.000E+00   5.000E-02
  19  27  -1   0   1      0      0   3.533E-01   2.000E-01
  F  1  7  0.  0.
  19  28  -1   0   1      0      0   1.003E-01   2.000E-01
  F  1  7  0.  0.
  19  29  -1   0   1      0      0   4.677E-02   2.000E-01
  F  1  7  0.  0.
  19  30  -1   0   1      0      0   2.662E-02   2.000E-01
  F  1  7  0.  0.
  19  31  -1   0   1      0      0   4.987E-02   2.000E-01
  F  1  7  0.  0.
  19  32   0   0   4      0      0   0.000E+00   5.000E-02
  20  21   0   0   4      0      0   0.000E+00   5.000E-02
  20  22   0   0   4      0      0   0.000E+00   5.000E-02
  20  23   0   0   4      0      0   0.000E+00   5.000E-02
  20  24   0   0   4      0      0   0.000E+00   5.000E-02
  20  25   0   0   4      0      0   0.000E+00   5.000E-02
  20  26  -1   0   1      0      0   5.025E-01   2.000E-01
  F  1  7  0.  0.
  20  27   0   0   4      0      0   0.000E+00   5.000E-02
  20  28   0   0   4      0      0   0.000E+00   5.000E-02
  20  29   0   0   4      0      0   0.000E+00   5.000E-02
  20  30   0   0   4      0      0   0.000E+00   5.000E-02
  20  31   0   0   4      0      0   0.000E+00   5.000E-02
  20  32  -1   0   1      0      0   5.325E-02   2.000E-01
  F  1  7  0.  0.
  21  22   0   0   4      0      0   0.000E+00   5.000E-02
  21  23   0   0   4      0      0   0.000E+00   5.000E-02
  21  24   0   0   4      0      0   0.000E+00   5.000E-02
  21  25   0   0   4      0      0   0.000E+00   5.000E-02
  21  26  -1   0   1      0      0   2.867E-01   2.000E-01
  F  1  7  0.  0.
  21  27   0   0   4      0      0   0.000E+00   5.000E-02
  21  28   0   0   4      0      0   0.000E+00   5.000E-02
  21  29   0   0   4      0      0   0.000E+00   5.000E-02
  21  30   0   0   4      0      0   0.000E+00   5.000E-02
  21  31   0   0   4      0      0   0.000E+00   5.000E-02
  21  32  -1   0   1      0      0   1.900E-01   2.000E-01
  F  1  7  0.  0.
  22  23  -1   0   1      0      0   1.010E-01   7.000E-01
  F  1  7  0.  0.
  22  24   0   0   4      0      0   0.000E+00   5.000E-02
  22  25   0   0   4      0      0   0.000E+00   5.000E-02
  22  26   0   0   4      0      0   0.000E+00   5.000E-02
  22  27  -1   0   1      0      0   7.510E-01   2.000E-01
  F  1  7  0.  0.
  22  28  -1   0   1      0      0   1.613E-01   2.000E-01
  F  1  7  0.  0.
  22  29  -1   0   1      0      0   6.513E-02   2.000E-01
  F  1  7  0.  0.
  22  30  -1   0   1      0      0   3.277E-02   2.000E-01
  F  1  7  0.  0.
  22  31  -1   0   1      0      0   4.384E-02   2.000E-01
  F  1  7  0.  0.
  22  32   0   0   4      0      0   0.000E+00   5.000E-02
  23  24  -1   0   1      0      0   7.500E-03   7.000E-01
  F  1  7  0.  0.
  23  25   0   0   4      0      0   0.000E+00   5.000E-02
  23  26   0   0   4      0      0   0.000E+00   5.000E-02
  23  27  -1   0   1      0      0   1.316E+00   2.000E-01
  F  1  7  0.  0.
  23  28  -1   0   1      0      0   1.857E-01   2.000E-01
  F  1  7  0.  0.
  23  29  -1   0   1      0      0   6.014E-02   2.000E-01
  F  1  7  0.  0.
  23  30  -1   0   1      0      0   2.742E-02   2.000E-01
  F  1  7  0.  0.
  23  31  -1   0   1      0      0   2.433E-02   2.000E-01
  F  1  7  0.  0.
  23  32   0   0   4      0      0   0.000E+00   5.000E-02
  24  25   0   0   4      0      0   0.000E+00   5.000E-02
  24  26   0   0   4      0      0   0.000E+00   5.000E-02
  24  27  -1   0   1      0      0   5.299E-01   2.000E-01
  F  1  7  0.  0.
  24  28  -1   0   1      0      0   3.995E-02   2.000E-01
  F  1  7  0.  0.
  24  29  -1   0   1      0      0   1.400E-02   2.000E-01
  F  1  7  0.  0.
  24  30  -1   0   1      0      0   9.560E-03   2.000E-01
  F  1  7  0.  0.
  24  31  -1   0   1      0      0   1.013E-01   2.000E-01
  F  1  7  0.  0.
  24  32   0   0   4      0      0   0.000E+00   5.000E-02
  25  26   0   0   4      0      0   0.000E+00   5.000E-02
  25  27  -1   0   1      0      0   4.960E-01   2.000E-01
  F  1  7  0.  0.
  25  28  -1   0   1      0      0   1.689E-02   2.000E-01
  F  1  7  0.  0.
  25  29  -1   0   1      0      0   1.210E-05   2.000E-01
  F  1  7  0.  0.
  25  30  -1   0   1      0      0   1.020E-03   2.000E-01
  F  1  7  0.  0.
  25  31  -1   0   1      0      0   8.840E-02   2.000E-01
  F  1  7  0.  0.
  25  32   0   0   4      0      0   0.000E+00   5.000E-02
  26  27   0   0   4      0      0   0.000E+00   5.000E-02
  26  28   0   0   4      0      0   0.000E+00   5.000E-02
  26  29   0   0   4      0      0   0.000E+00   5.000E-02
  26  30   0   0   4      0      0   0.000E+00   5.000E-02
  26  31   0   0   4      0      0   0.000E+00   5.000E-02
  26  32  -1   0   1      0      0   5.838E-02   2.000E-01
  F  1  7  0.  0.
  27  28  -1   0   1      0      0   4.024E-01   2.000E-01
  F  1  7  0.  0.
  27  29  -1   0   1      0      0   8.718E-02   2.000E-01
  F  1  7  0.  0.
  27  30  -1   0   1      0      0   3.502E-02   2.000E-01
  F  1  7  0.  0.
  27  31  -1   0   1      0      0   3.225E-02   2.000E-01
  F  1  7  0.  0.
  27  32   0   0   4      0      0   0.000E+00   5.000E-02
  28  29  -1   0   1      0      0   5.120E-01   2.000E-01
  F  1  7  0.  0.
  28  30  -1   0   1      0      0   1.193E-01   2.000E-01
  F  1  7  0.  0.
  28  31  -1   0   1      0      0   9.982E-02   2.000E-01
  F  1  7  0.  0.
  28  32   0   0   4      0      0   0.000E+00   5.000E-02
  29  30  -1   0   1      0      0   5.953E-01   2.000E-01
  F  1  7  0.  0.
  29  31  -1   0   1      0      0   2.036E-01   2.000E-01
  F  1  7  0.  0.
  29  32   0   0   4      0      0   0.000E+00   5.000E-02
  30  31  -1   0   1      0      0   7.854E-01   2.000E-01
  F  1  7  0.  0.
  30  32   0   0   4      0      0   0.000E+00   5.000E-02
  31  32   0   0   4      0      0   0.000E+00   5.000E-02
