****** Levels
 1.87322894E+16      1.    2  'N IV 1Se 1'  0   0.   0  
 1.67133928E+16      9.    2  'N IV 3Po 1'  0   0.   0  
 1.48143397E+16      3.    2  'N IV 1Po 1'  0   0.   0  
 1.34660496E+16      9.    2  'N IV 3Pe 1'  0   0.   0
 1.30699344E+16      5.    2  'N IV 1De 1'  0   0.   0
 1.16763464E+16      1.    2  'N IV 1Se 2'  0   0.   0
 7.42202293E+15      3.    3  'N IV 3Se 1'  0   0.   -102  
 7.07515546E+15      1.    3  'N IV 1Se 3'  0   0.   -102  
 6.60548307E+15      3.    3  'N IV 1Po 2'  0   0.   -102  
 6.56103875E+15      9.    3  'N IV 3Po 2'  0   0.   -102  
 6.13992311E+15     15.    3  'N IV 3De 1'  0   0.   -102  
 5.86690922E+15      5.    3  'N IV 1De 2'  0   0.   -102  
 4.77886891E+15      9.    3  'N IV 3Po 3'  0   0.   -102  
 4.55177950E+15      3.    3  'N IV 1Po 3'  0   0.   -102  
 4.31630201E+15      3.    3  'N IV 1Pe 1'  0   0.   -102  
 4.03505735E+15     51.    4  'N IV+3__ 1'  0   0.   -102  
 3.69964483E+15     21.    4  'N IV+1__ 2'  0   0.   -102  
 3.46073808E+15     69.    4  'N IV+3__ 3'  0   0.   -102  
 3.20306474E+15     16.    4  'N IV+1__ 4'  0   0.   -102  
 2.15760111E+15     75.    5  'N IV+3__ 5'  0   0.   -102  
 2.14085571E+15     25.    5  'N IV+1__ 6'  0   0.   -102 
 1.47724823E+15    117.    6  'N IV+3__ 7'  0   0.   -102  
 1.47190623E+15     39.    6  'N IV+1__ 8'  0   0.   -102  
****** Continuum transitions
   1  24   1    126      0      0      0   2.438E-19   0.000E+00
 -0.0124  0.0070  0.0523  0.1234  0.1428  0.1751  0.2139  0.2721  0.4208  0.5113
  0.5501  0.7829  0.7894  0.7959  0.8023  0.8217  0.8282  0.8346  0.8411  0.8476
  0.8605  0.9769  1.1192  1.3261  1.3843  1.5464
  0.0219  0.0236 -0.0326 -0.1483 -0.1930 -0.2400 -0.3165 -0.4222 -0.7262 -0.9253
 -1.0272 -1.7214 -1.7252 -1.6763 -1.5492 -0.8882 -0.6965 -0.6061 -0.5451 -0.5011
 -0.4995 -0.7855 -1.1573 -1.7256 -1.8906 -2.3623
   2  24   1    110      0      0      0   2.962E-19   0.000E+00
 -0.0139  0.0055  0.0249  0.0507  0.1154  0.1865  0.3676  0.5163  0.5939  1.0526
  0.1010  0.0886  0.0741  0.0601 -0.0473 -0.2123 -0.6232 -0.9685 -1.1821 -2.5607
   3  24   1    120      0      0      0   2.954E-19   0.000E+00
 -0.0158  0.0100  0.0165  0.0230  0.0294  0.0424  0.0488  0.0553  0.1070  0.1264
  0.1652  0.1782  0.1911  0.2105  0.2364  0.2881  0.4303  0.5597  0.6243  1.0841
  0.0206  0.0009  0.0045  0.0235  0.0746  0.2365  0.2824  0.2788  0.0745  0.0333
 -0.0312 -0.0753 -0.1260 -0.1662 -0.2183 -0.3433 -0.6656 -0.9638 -1.1406 -2.5222
   4  24   1    120      0      0      0   2.733E-20   0.000E+00
 -0.0174 -0.0110 -0.0045  0.0020  0.0084  0.0149  0.0278  0.0343  0.0408  0.0472
  0.0537  0.0602  0.1119  0.1830  0.2154  0.2606  0.3964  0.5516  0.6486  1.0286
 -0.7570 -0.5086 -0.3076 -0.1677 -0.0912 -0.0658 -0.0620 -0.0416  0.0000  0.0650
  0.1453  0.1971  0.2481  0.0584 -0.0545 -0.1778 -0.5765 -1.0474 -1.3675 -2.5103
   5  24   1    119      0      0      0   1.305E-19   0.000E+00
 -0.0180 -0.0115 -0.0050  0.0014  0.0079  0.0144  0.0208  0.0338  0.0532  0.0661
  0.1243  0.1889  0.2083  0.2148  0.2601  0.4153  0.5640  0.6610  1.0388
 -0.3011 -0.0748  0.1355  0.2960  0.3920  0.4268  0.4191  0.3747  0.3442  0.3295
  0.2270  0.0701 -0.0057 -0.0326 -0.1447 -0.5946 -1.0402 -1.3555 -2.4917
   6  24   1    120      0      0      0   2.400E-19   0.000E+00
 -0.0204 -0.0139 -0.0075 -0.0010  0.0055  0.0119  0.0184  0.0378  0.0766  0.1542
  0.1865  0.2318  0.2383  0.2512  0.2641  0.2964  0.4322  0.6133  0.8008  1.0809
 -0.3260 -0.1139  0.1271  0.3403  0.4909  0.5692  0.5840  0.5092  0.4140  0.2438
  0.1703  0.1044  0.0733 -0.0066 -0.0577 -0.1277 -0.4979 -1.0188 -1.5900 -2.4327
   7  24   1    139      0      0      0   2.831E-19   0.000E+00
 -0.0320  0.0003  0.0133  0.0262  0.1749  0.2137  0.2202  0.2331  0.2396  0.2461
  0.2525  0.2590  0.2655  0.2719  0.2784  0.2849  0.2913  0.2978  0.3043  0.3107
  0.3172  0.3430  0.3560  0.3624  0.3689  0.3754  0.3818  0.3883  0.3948  0.4012
  0.4077  0.4142  0.4206  0.4271  0.4336  0.4594  0.6922  0.8539  1.3076
 -0.0207 -0.0218 -0.0446 -0.0795 -0.2476 -0.2290 -0.1050  0.2716  0.5796  0.8223
  0.9798  1.0308  0.9807  0.8243  0.5829  0.2655 -0.0236 -0.2932 -0.5407 -0.5848
 -0.5555 -0.1195  0.2402  0.3319  0.3296  0.2523  0.1450  0.0649  0.0629  0.0852
  0.0745  0.0222 -0.0508 -0.1102 -0.1402 -0.1785 -0.6182 -0.9604 -2.3208
   8  24   1    143      0      0      0   2.429E-19   0.000E+00
 -0.0336 -0.0078  0.0116  0.0181  0.0310  0.0439  0.0633  0.1215  0.1927  0.2509
  0.2573  0.2638  0.2703  0.2767  0.2832  0.2897  0.2961  0.3026  0.3091  0.3155
  0.3220  0.3285  0.3349  0.3414  0.3543  0.3608  0.3737  0.3802  0.3931  0.3996
  0.4125  0.4190  0.4319  0.4384  0.4448  0.4513  0.4642  0.4772  0.6130  0.7293
  0.8651  0.9621  1.3259
 -0.0110 -0.0457 -0.1386 -0.1519 -0.1462 -0.1593 -0.2018 -0.3104 -0.4561 -0.3635
 -0.2653  0.0347  0.3227  0.5326  0.6454  0.6618  0.5864  0.4285  0.2075 -0.0296
 -0.2411 -0.3844 -0.4895 -0.5415 -0.4575 -0.4113 -0.2877 -0.2837 -0.3433 -0.3189
 -0.1938 -0.1487 -0.0891 -0.0745 -0.0799 -0.1052 -0.1718 -0.2100 -0.4474 -0.6648
 -0.9498 -1.2343 -2.3280
   9  24   1    142      0      0      0   5.067E-19   0.000E+00
 -0.0361  0.0156  0.0738  0.1190  0.1837  0.2290  0.2354  0.2484  0.2548  0.2613
  0.2678  0.2742  0.2872  0.2936  0.3001  0.3066  0.3130  0.3324  0.3389  0.3518
  0.3583  0.3648  0.3712  0.3777  0.3906  0.3971  0.4036  0.4100  0.4229  0.4294
  0.4359  0.4423  0.4488  0.4553  0.4682  0.4747  0.4811  0.5005  0.5717  0.7398
  0.8950  1.3430
  0.2796  0.2025  0.0909  0.0313 -0.0743 -0.1209 -0.1081 -0.0649 -0.0322  0.0225
  0.1065  0.2457  0.5954  0.7072  0.7425  0.7032  0.6116  0.2724  0.1360 -0.1571
 -0.2679 -0.3084 -0.3128 -0.2893 -0.1267 -0.0779 -0.0734 -0.1088 -0.2281 -0.2562
 -0.2467 -0.2221 -0.2070 -0.2152 -0.2620 -0.2731 -0.2695 -0.2316 -0.3328 -0.6607
 -0.9976 -2.3401
  10  24   1    139      0      0      0   4.866E-19   0.000E+00
 -0.0364  0.0218  0.0606  0.1059  0.2029  0.2352  0.2740  0.2804  0.2934  0.2998
  0.3063  0.3128  0.3192  0.3257  0.3322  0.3386  0.3451  0.3516  0.3580  0.3839
  0.3904  0.3968  0.4033  0.4098  0.4162  0.4227  0.4292  0.4356  0.4421  0.4486
  0.4550  0.4615  0.4809  0.4874  0.4938  0.5068  0.7719  0.9012  1.3455
  0.2839  0.2197  0.1062 -0.0010 -0.2184 -0.2908 -0.3252 -0.2186  0.1623  0.3914
  0.5488  0.6124  0.5799  0.4564  0.2557  0.0068 -0.2255 -0.4406 -0.4284  0.3201
  0.5143  0.6641  0.7232  0.7052  0.6160  0.4581  0.2443  0.0009 -0.1971 -0.3055
 -0.3232 -0.3061 -0.2103 -0.1909 -0.1849 -0.2005 -0.7227 -1.0047 -2.3375
  11  24   1    142      0      0      0   4.945E-19   0.000E+00
 -0.0390  0.0386  0.1033  0.2520  0.2779  0.2843  0.2908  0.2973  0.3037  0.3102
  0.3167  0.3231  0.3296  0.3361  0.3425  0.3490  0.3555  0.3619  0.3684  0.3749
  0.3878  0.3943  0.4072  0.4137  0.4201  0.4266  0.4331  0.4395  0.4460  0.4525
  0.4589  0.4654  0.4719  0.4783  0.4913  0.4977  0.5107  0.5236  0.6077  0.7693
  0.9245  1.3877
  0.3022  0.0855 -0.1203 -0.5889 -0.5116 -0.4853 -0.4216 -0.3943 -0.4034 -0.3621
 -0.2756 -0.1554  0.0288  0.1689  0.2366  0.2232  0.1282 -0.0471 -0.2897 -0.5165
 -0.9236 -0.9198 -0.6251 -0.4476 -0.1467  0.0970  0.2556  0.3189  0.2887  0.1786
  0.0228 -0.1197 -0.2055 -0.2497 -0.3042 -0.3148 -0.3062 -0.2864 -0.3857 -0.6896
 -1.0165 -2.4049
  12  24   1    149      0      0      0   3.849E-19   0.000E+00
 -0.0409 -0.0215  0.0043  0.0108  0.0172  0.0302  0.0366  0.0560  0.0625  0.0819
  0.1336  0.1983  0.2565  0.2888  0.2953  0.3082  0.3212  0.3341  0.3535  0.3599
  0.3664  0.3729  0.3793  0.3858  0.3923  0.3987  0.4052  0.4117  0.4181  0.4246
  0.4311  0.4375  0.4440  0.4505  0.4569  0.4634  0.4699  0.4828  0.4893  0.4957
  0.5087  0.5151  0.5216  0.5345  0.5410  0.6251  0.7802  0.9419  1.4060
  0.2978  0.2366  0.0997  0.0765  0.0714  0.0824  0.0651 -0.0325 -0.0557 -0.1056
 -0.2696 -0.4620 -0.6349 -0.6873 -0.6764 -0.5392 -0.3100 -0.1193  0.1689  0.2572
  0.3140  0.3198  0.2643  0.1447 -0.0381 -0.2792 -0.5517 -0.7704 -0.8327 -0.8598
 -0.6917 -0.5342 -0.4308 -0.3878 -0.3954 -0.4232 -0.4270 -0.3429 -0.3203 -0.3279
 -0.3661 -0.3687 -0.3581 -0.3161 -0.3110 -0.3827 -0.6726 -1.0153 -2.4063
  13  24   1    169      0      0      0   1.584E-20   0.000E+00
 -0.0509 -0.0445 -0.0380 -0.0315 -0.0251 -0.0186 -0.0121 -0.0057  0.0008  0.0073
  0.0137  0.0202  0.0267  0.0331  0.0396  0.0461  0.0525  0.0590  0.0655  0.0719
  0.0784  0.0849  0.0913  0.0978  0.1043  0.1107  0.1172  0.1237  0.1301  0.1366
  0.1431  0.1495  0.2271  0.2659  0.3047  0.3370  0.3435  0.3564  0.3694  0.3758
  0.3823  0.3888  0.3952  0.4146  0.4211  0.4276  0.4340  0.4405  0.4470  0.4534
  0.4728  0.4793  0.4858  0.4922  0.4987  0.5052  0.5116  0.5181  0.5246  0.5310
  0.5375  0.5440  0.5504  0.5569  0.5634  0.5957  0.6797  1.0160  1.3299
 -2.4936 -2.4201 -2.3251 -2.1828 -1.9269 -1.5689 -1.1139 -0.7009 -0.3652 -0.1311
  0.0087  0.0604  0.0289 -0.0821 -0.2668 -0.4953 -0.6497 -0.6067 -0.4608 -0.3408
 -0.2545 -0.1517 -0.0191  0.0940  0.1404  0.1011 -0.0185 -0.1870 -0.3254 -0.3403
 -0.2534 -0.1992 -0.1006 -0.1459 -0.1921 -0.1869 -0.1704  0.0455  0.4167  0.5371
  0.5714  0.5138  0.3705 -0.2949 -0.4376 -0.4962 -0.5332 -0.5064 -0.3746 -0.0992
  1.0770  1.2995  1.4147  1.4106  1.3047  1.1037  0.8099  0.4667  0.1098 -0.1333
 -0.1559 -0.1219 -0.0489 -0.0014  0.0157 -0.0146 -0.2392 -1.1821 -2.1260
  14  24   1    174      0      0      0   1.192E-20   0.000E+00
 -0.0537 -0.0279 -0.0214 -0.0085 -0.0020  0.0045  0.0109  0.0174  0.0239  0.0303
  0.0368  0.0433  0.0497  0.0562  0.0627  0.0691  0.0756  0.0821  0.0885  0.0950
  0.1015  0.1079  0.1144  0.1209  0.1273  0.1338  0.1402  0.1467  0.1532  0.2308
  0.2372  0.2954  0.3019  0.3278  0.3342  0.3407  0.3472  0.3536  0.3601  0.3666
  0.3730  0.3795  0.3860  0.3924  0.3989  0.4054  0.4183  0.4248  0.4377  0.4442
  0.4506  0.4571  0.4636  0.4700  0.4765  0.4829  0.4894  0.4959  0.5023  0.5088
  0.5153  0.5282  0.5347  0.5411  0.5541  0.5605  0.5670  0.5735  0.5864  0.5993
  0.7351  0.9808  1.0584  1.3846
 -1.9991 -1.7517 -1.6752 -1.5031 -1.3623 -1.2010 -1.0209 -0.8709 -0.7864 -0.7815
 -0.8612 -1.0201 -1.2254 -1.3237 -1.3333 -1.1885 -1.0591 -1.0015 -1.0116 -1.0468
 -1.0237 -0.8526 -0.5261 -0.1665  0.1340  0.3400  0.4452  0.4575  0.3962 -0.0967
 -0.1162 -0.1810 -0.1752 -0.0936 -0.0199  0.0676  0.1364  0.1866  0.2619  0.4100
  0.5935  0.7503  0.8368  0.8512  0.8228  0.8043  0.8350  0.8091  0.6652  0.6135
  0.5727  0.4992  0.3690  0.2074  0.1348  0.1548  0.3264  0.4788  0.5521  0.5346
  0.4312  0.0975  0.0101  0.0166  0.0876  0.1018  0.0939  0.0667 -0.0076 -0.0569
 -0.3850 -1.0336 -1.2546 -2.2350
  15  24   1    176      0      0      0   1.938E-19   0.000E+00
 -0.0568 -0.0503 -0.0439 -0.0374 -0.0309 -0.0245 -0.0180 -0.0115 -0.0051  0.0014
  0.0079  0.0143  0.0208  0.0273  0.0337  0.0402  0.0467  0.0531  0.0596  0.0661
  0.0725  0.0790  0.0855  0.0919  0.1049  0.1113  0.1307  0.1372  0.1436  0.1501
  0.1566  0.1630  0.2277  0.2342  0.3053  0.3441  0.3506  0.3700  0.3829  0.3894
  0.3958  0.4023  0.4088  0.4152  0.4217  0.4282  0.4346  0.4411  0.4476  0.4540
  0.4605  0.4669  0.4734  0.4799  0.4993  0.5057  0.5122  0.5251  0.5316  0.5381
  0.5445  0.5575  0.5639  0.5704  0.5769  0.5833  0.5898  0.6027  0.6092  0.6157
  0.6286  0.6351  0.6933  0.9325  1.1200  1.3530
 -1.9364 -1.9404 -1.9221 -1.8502 -1.6552 -1.3252 -0.9375 -0.5813 -0.2971 -0.0998
  0.0228  0.0960  0.1470  0.1808  0.1762  0.1072 -0.0363 -0.2318 -0.3790 -0.3580
 -0.2264 -0.1129 -0.0632 -0.0774 -0.1784 -0.1918 -0.1798 -0.1657 -0.1197 -0.0396
  0.0559  0.0992  0.1736  0.1741  0.0655  0.0286  0.0336  0.0861  0.3089  0.4599
  0.5823  0.6550  0.6828  0.6842  0.6700  0.6282  0.5424  0.4258  0.3434  0.3158
  0.3578  0.3736  0.3189  0.1788 -0.3397 -0.3687 -0.3467 -0.0930  0.0068  0.0436
  0.0131 -0.1533 -0.1871 -0.1567 -0.1117 -0.0846 -0.0806 -0.0983 -0.0989 -0.0851
 -0.0390 -0.0265 -0.1616 -0.8774 -1.4554 -2.1569
  16  24   1    107      0      0      0   1.614E-20   0.000E+00
  -0.005   0.158   0.173   0.368   0.632   0.660   1.386
  -1.276  -1.055  -0.845  -1.252  -1.843  -1.129  -3.273
  17  24   1    110      0      0      0   7.814E-20   0.000E+00
   0.002   0.173   0.194   0.429   0.479   0.496   0.528   0.671   0.689   1.457
  -0.588  -0.958  -0.588  -1.180  -0.493   0.077  -1.264  -1.581  -0.905  -3.144
  18  24   1    111      0      0      0   2.432E-20   0.000E+00
   0.002   0.180   0.208   0.457   0.482   0.514   0.536   0.575   0.699   0.717
   1.482
  -1.095  -1.486  -1.137  -1.898  -1.687  -1.021  -1.993  -2.173  -2.426  -1.549
  -3.810
  19  24   1    114      0      0      0   6.198E-20   0.000E+00
   0.003   0.020   0.052   0.096   0.185   0.216   0.474   0.528   0.550   0.590
   0.732   0.741   1.061   1.511
  -0.609  -0.102  -0.683  -0.937  -1.074  -0.577  -1.327  -0.810   0.120  -1.349
  -1.391  -0.905  -1.729  -3.113
  20  24   1    109      0      0      0   5.172E-20   0.000E+00
  -0.002   0.087   0.301   0.732   0.901   1.070   1.195   1.284   1.720
  -0.761  -0.901  -1.479  -2.507  -2.761  -3.338  -3.521  -3.944  -5.254
  21  24   1    110      0      0      0   1.622E-19   0.000E+00
   0.007   0.047   0.056   0.078   0.149   0.625   0.750   0.897   1.079   1.657
  -0.243  -0.107   0.731  -0.329  -0.650  -1.796  -1.993  -2.116  -2.745  -4.384
  22  24   1    107      0      0      0   5.322E-20   0.000E+00
  -0.002   0.172   0.381   0.848   1.048   1.475   1.822
  -0.747  -1.183  -1.507  -2.437  -2.845  -3.916  -4.944
  23  24   1    111      0      0      0   1.457E-19   0.000E+00
  -0.002   0.181   0.216   0.238   0.363   0.706   0.866   0.901   0.950   1.052
   1.795
  -0.310  -0.690   0.155  -0.789  -1.085  -1.690  -1.986  -1.113  -2.056  -2.352
  -4.352
*** Line transitions
   1   2   0   0   4      0      0   0.000E+00   5.000E-02
   1   3  -1   1   1      0      0   6.260E-01   7.000E-01
  T  3   17 250.  0.
  2.2E+9  0.  0.  0.       0.
   1   4   0   0   4      0      0   0.000E+00   5.000E-02
   1   5   0   0   4      0      0   0.000E+00   5.000E-02
   1   6   0   0   4      0      0   0.000E+00   5.000E-02
   1   7   0   0   4      0      0   0.000E+00   5.000E-02
   1   8   0   0   4      0      0   0.000E+00   5.000E-02
   1   9  -1   1   1      0      0   3.260E-01   2.000E-01
  T  3   11  40.  0.
  1.4E+10 0.  0.  0.       0.
   1  10   0   0   4      0      0   0.000E+00   5.000E-02
   1  11   0   0   4      0      0   0.000E+00   5.000E-02
   1  12   0   0   4      0      0   0.000E+00   5.000E-02
   1  13   0   0   4      0      0   0.000E+00   5.000E-02
   1  14  -1   0   1      0      0   4.520E-03   2.000E-01
  F  1  7  0.  0.
   1  15   0   0   4      0      0   0.000E+00   5.000E-02
   1  16   0   0   4      0      0   0.000E+00   5.000E-02
   1  17  -1   0   1      0      0   1.050E-01   2.000E-01
  F  1  7  0.  0.
   1  18   0   0   4      0      0   0.000E+00   5.000E-02
   1  19  -1   0   1      0      0   5.980E-03   2.000E-01
  F  1  7  0.  0.
   1  20   0   0   4      0      0   0.000E+00   5.000E-02
   1  21  -1   0   1      0      0   4.160E-02   2.000E-01
  F  1  7  0.  0.
   1  22   0   0   4      0      0   0.000E+00   5.000E-02
   1  23  -1   0   1      0      0   2.328E-02   2.000E-01
  F  1  7  0.  0.
   2   3   0   0   4      0      0   0.000E+00   5.000E-02
   2   4  -1   0   1      0      0   2.311E-01   7.000E-01
  F  1  7  0.  0.
   2   5   0   0   4      0      0   0.000E+00   5.000E-02
   2   6   0   0   4      0      0   0.000E+00   5.000E-02
   2   7  -1   0   1      0      0   4.689E-02   2.000E-01
  F  1  7  0.  0.
   2   8   0   0   4      0      0   0.000E+00   5.000E-02
   2   9   0   0   4      0      0   0.000E+00   5.000E-02
   2  10   0   0   4      0      0   0.000E+00   5.000E-02
   2  11  -1   0   1      0      0   6.122E-01   2.000E-01
  F  1  7  0.  0.
   2  12   0   0   4      0      0   0.000E+00   5.000E-02
   2  13   0   0   4      0      0   0.000E+00   5.000E-02
   2  14   0   0   4      0      0   0.000E+00   5.000E-02
   2  15   0   0   4      0      0   0.000E+00   5.000E-02
   2  16  -1   0   1      0      0   1.091E-01   2.000E-01
  F  1  7  0.  0.
   2  17   0   0   4      0      0   0.000E+00   5.000E-02
   2  18  -1   0   1      0      0   1.267E-01   2.000E-01
  F  1  7  0.  0.
   2  19   0   0   4      0      0   0.000E+00   5.000E-02
   2  20  -1   0   1      0      0   5.558E-02   2.000E-01
  F  1  7  0.  0.
   2  21   0   0   4      0      0   0.000E+00   5.000E-02
   2  22  -1   0   1      0      0   2.966E-02   2.000E-01
  F  1  7  0.  0.
   2  23   0   0   4      0      0   0.000E+00   5.000E-02
   3   4   0   0   4      0      0   0.000E+00   5.000E-02
   3   5  -1   0   1      0      0   1.710E-01   7.000E-01
  F  1  7  0.  0.
   3   6  -1   0   1      0      0   1.410E-01   7.000E-01
  F  1  7  0.  0.
   3   7   0   0   4      0      0   0.000E+00   5.000E-02
   3   8  -1   0   1      0      0   1.870E-02   2.000E-01
  F  1  7  0.  0.
   3   9   0   0   4      0      0   0.000E+00   5.000E-02
   3  10   0   0   4      0      0   0.000E+00   5.000E-02
   3  11   0   0   4      0      0   0.000E+00   5.000E-02
   3  12  -1   0   1      0      0   5.233E-01   2.000E-01
  F  1  7  0.  0.
   3  13   0   0   4      0      0   0.000E+00   5.000E-02
   3  14   0   0   4      0      0   0.000E+00   5.000E-02
   3  15  -1   0   1      0      0   8.767E-02   2.000E-01
  F  1  7  0.  0.
   3  16   0   0   4      0      0   0.000E+00   5.000E-02
   3  17  -1   0   1      0      0   1.776E-01   2.000E-01
  F  1  7  0.  0.
   3  18   0   0   4      0      0   0.000E+00   5.000E-02
   3  19  -1   0   1      0      0   1.095E-01   2.000E-01
  F  1  7  0.  0.
   3  20   0   0   4      0      0   0.000E+00   5.000E-02
   3  21  -1   0   1      0      0   4.846E-02   2.000E-01
  F  1  7  0.  0.
   3  22   0   0   4      0      0   0.000E+00   5.000E-02
   3  23  -1   0   1      0      0   2.530E-02   2.000E-01
  F  1  7  0.  0.
   4   5   0   0   4      0      0   0.000E+00   5.000E-02
   4   6   0   0   4      0      0   0.000E+00   5.000E-02
   4   7   0   0   4      0      0   0.000E+00   5.000E-02
   4   8   0   0   4      0      0   0.000E+00   5.000E-02
   4   9   0   0   4      0      0   0.000E+00   5.000E-02
   4  10  -1   0   1      0      0   4.256E-04   2.000E-01
  F  1  7  0.  0.
   4  11   0   0   4      0      0   0.000E+00   5.000E-02
   4  12   0   0   4      0      0   0.000E+00   5.000E-02
   4  13  -1   0   1      0      0   1.167E-01   2.000E-01
  F  1  7  0.  0.
   4  14   0   0   4      0      0   0.000E+00   5.000E-02
   4  15   0   0   4      0      0   0.000E+00   5.000E-02
   4  16   0   0   4      0      0   0.000E+00   5.000E-02
   4  17   0   0   4      0      0   0.000E+00   5.000E-02
   4  18  -1   0   1      0      0   1.044E+00   2.000E-01
  F  1  7  0.  0.
   4  19   0   0   4      0      0   0.000E+00   5.000E-02
   4  20  -1   0   1      0      0   4.256E-04   2.000E-01
  F  1  7  0.  0.
   4  21   0   0   4      0      0   0.000E+00   5.000E-02
   4  22  -1   0   1      0      0   1.793E-02   2.000E-01
  F  1  7  0.  0.
   4  23   0   0   4      0      0   0.000E+00   5.000E-02
   5   6   0   0   4      0      0   0.000E+00   5.000E-02
   5   7   0   0   4      0      0   0.000E+00   5.000E-02
   5   8   0   0   4      0      0   0.000E+00   5.000E-02
   5   9  -1   0   1      0      0   2.020E-02   2.000E-01
  F  1  7  0.  0.
   5  10   0   0   4      0      0   0.000E+00   5.000E-02
   5  11   0   0   4      0      0   0.000E+00   5.000E-02
   5  12   0   0   4      0      0   0.000E+00   5.000E-02
   5  13   0   0   4      0      0   0.000E+00   5.000E-02
   5  14  -1   0   1      0      0   5.900E-02   2.000E-01
  F  1  7  0.  0.
   5  15   0   0   4      0      0   0.000E+00   5.000E-02
   5  16   0   0   4      0      0   0.000E+00   5.000E-02
   5  17  -1   0   1      0      0   6.480E-01   2.000E-01
  F  1  7  0.  0.
   5  18   0   0   4      0      0   0.000E+00   5.000E-02
   5  19  -1   0   1      0      0   3.032E-01   2.000E-01
  F  1  7  0.  0.
   5  20   0   0   4      0      0   0.000E+00   5.000E-02
   5  21  -1   0   1      0      0   2.354E-03   2.000E-01
  F  1  7  0.  0.
   5  22   0   0   4      0      0   0.000E+00   5.000E-02
   5  23  -1   0   1      0      0   1.306E-02   2.000E-01
  F  1  7  0.  0.
   6   7   0   0   4      0      0   0.000E+00   5.000E-02
   6   8   0   0   4      0      0   0.000E+00   5.000E-02
   6   9  -1   0   1      0      0   1.010E-02   2.000E-01
  F  1  7  0.  0.
   6  10   0   0   4      0      0   0.000E+00   5.000E-02
   6  11   0   0   4      0      0   0.000E+00   5.000E-02
   6  12   0   0   4      0      0   0.000E+00   5.000E-02
   6  13   0   0   4      0      0   0.000E+00   5.000E-02
   6  14  -1   0   1      0      0   1.550E-01   2.000E-01
  F  1  7  0.  0.
   6  15   0   0   4      0      0   0.000E+00   5.000E-02
   6  16   0   0   4      0      0   0.000E+00   5.000E-02
   6  17  -1   0   1      0      0   1.310E-02   2.000E-01
  F  1  7  0.  0.
   6  18   0   0   4      0      0   0.000E+00   5.000E-02
   6  19  -1   0   1      0      0   9.890E-01   2.000E-01
  F  1  7  0.  0.
   6  20   0   0   4      0      0   0.000E+00   5.000E-02
   6  21  -1   0   1      0      0   8.950E-03   2.000E-01
  F  1  7  0.  0.
   6  22   0   0   4      0      0   0.000E+00   5.000E-02
   6  23  -1   0   1      0      0   2.684E-02   2.000E-01
  F  1  7  0.  0.
   7   8   0   0   4      0      0   0.000E+00   5.000E-02
   7   9   0   0   4      0      0   0.000E+00   5.000E-02
   7  10  -1   0   1      0      0   5.767E-01   7.000E-01
  F  1  7  0.  0.
   7  11   0   0   4      0      0   0.000E+00   5.000E-02
   7  12   0   0   4      0      0   0.000E+00   5.000E-02
   7  13  -1   0   1      0      0   2.360E-01   2.000E-01
  F  1  7  0.  0.
   7  14   0   0   4      0      0   0.000E+00   5.000E-02
   7  15   0   0   4      0      0   0.000E+00   5.000E-02
   7  16   0   0   4      0      0   0.000E+00   5.000E-02
   7  17   0   0   4      0      0   0.000E+00   5.000E-02
   7  18  -1   0   1      0      0   1.346E-01   2.000E-01
  F  1  7  0.  0.
   7  19   0   0   4      0      0   0.000E+00   5.000E-02
   7  20  -1   0   1      0      0   4.867E-02   2.000E-01
  F  1  7  0.  0.
   7  21   0   0   4      0      0   0.000E+00   5.000E-02
   7  22  -1   0   1      0      0   2.493E-02   2.000E-01
  F  1  7  0.  0.
   7  23   0   0   4      0      0   0.000E+00   5.000E-02
   8   9  -1   0   1      0      0   2.590E-01   7.000E-01
  F  1  7  0.  0.
   8  10   0   0   4      0      0   0.000E+00   5.000E-02
   8  11   0   0   4      0      0   0.000E+00   5.000E-02
   8  12   0   0   4      0      0   0.000E+00   5.000E-02
   8  13   0   0   4      0      0   0.000E+00   5.000E-02
   8  14  -1   0   1      0      0   6.060E-01   2.000E-01
  F  1  7  0.  0.
   8  15   0   0   4      0      0   0.000E+00   5.000E-02
   8  16   0   0   4      0      0   0.000E+00   5.000E-02
   8  17  -1   0   1      0      0   5.250E-02   2.000E-01
  F  1  7  0.  0.
   8  18   0   0   4      0      0   0.000E+00   5.000E-02
   8  19  -1   0   1      0      0   4.110E-02   2.000E-01
  F  1  7  0.  0.
   8  20   0   0   4      0      0   0.000E+00   5.000E-02
   8  21  -1   0   1      0      0   5.250E-02   2.000E-01
  F  1  7  0.  0.
   8  22   0   0   4      0      0   0.000E+00   5.000E-02
   8  23  -1   0   1      0      0   2.925E-02   2.000E-01
  F  1  7  0.  0.
   9  10   0   0   4      0      0   0.000E+00   5.000E-02
   9  11   0   0   4      0      0   0.000E+00   5.000E-02
   9  12  -1   0   1      0      0   2.737E-01   7.000E-01
  F  1  7  0.  0.
   9  13   0   0   4      0      0   0.000E+00   5.000E-02
   9  14   0   0   4      0      0   0.000E+00   5.000E-02
   9  15  -1   0   1      0      0   1.793E-01   2.000E-01
  F  1  7  0.  0.
   9  16   0   0   4      0      0   0.000E+00   5.000E-02
   9  17  -1   0   1      0      0   9.610E-02   2.000E-01
  F  1  7  0.  0.
   9  18   0   0   4      0      0   0.000E+00   5.000E-02
   9  19  -1   0   1      0      0   2.905E-01   2.000E-01
  F  1  7  0.  0.
   9  20   0   0   4      0      0   0.000E+00   5.000E-02
   9  21  -1   0   1      0      0   1.073E-01   2.000E-01
  F  1  7  0.  0.
   9  22   0   0   4      0      0   0.000E+00   5.000E-02
   9  23  -1   0   1      0      0   5.007E-02   2.000E-01
  F  1  7  0.  0.
  10  11  -1   0   1      0      0   1.389E-01   7.000E-01
  F  1  7  0.  0.
  10  12   0   0   4      0      0   0.000E+00   5.000E-02
  10  13   0   0   4      0      0   0.000E+00   5.000E-02
  10  14   0   0   4      0      0   0.000E+00   5.000E-02
  10  15   0   0   4      0      0   0.000E+00   5.000E-02
  10  16  -1   0   1      0      0   3.864E-01   2.000E-01
  F  1  7  0.  0.
  10  17   0   0   4      0      0   0.000E+00   5.000E-02
  10  18  -1   0   1      0      0   4.000E-01   2.000E-01
  F  1  7  0.  0.
  10  19   0   0   4      0      0   0.000E+00   5.000E-02
  10  20  -1   0   1      0      0   1.297E-01   2.000E-01
  F  1  7  0.  0.
  10  21   0   0   4      0      0   0.000E+00   5.000E-02
  10  22  -1   0   1      0      0   5.612E-02   2.000E-01
  F  1  7  0.  0.
  10  23   0   0   4      0      0   0.000E+00   5.000E-02
  11  12   0   0   4      0      0   0.000E+00   5.000E-02
  11  13  -1   0   1      0      0   2.820E-03   7.000E-01
  F  1  7  0.  0.
  11  14   0   0   4      0      0   0.000E+00   5.000E-02
  11  15   0   0   4      0      0   0.000E+00   5.000E-02
  11  16  -1   0   1      0      0   1.467E-02   2.000E-01
  F  1  7  0.  0.
  11  17   0   0   4      0      0   0.000E+00   5.000E-02
  11  18  -1   0   1      0      0   1.124E+00   2.000E-01
  F  1  7  0.  0.
  11  19   0   0   4      0      0   0.000E+00   5.000E-02
  11  20  -1   0   1      0      0   1.900E-01   2.000E-01
  F  1  7  0.  0.
  11  21   0   0   4      0      0   0.000E+00   5.000E-02
  11  22  -1   0   1      0      0   6.864E-02   2.000E-01
  F  1  7  0.  0.
  11  23   0   0   4      0      0   0.000E+00   5.000E-02
  12  13   0   0   4      0      0   0.000E+00   5.000E-02
  12  14  -1   0   1      0      0   2.300E-02   7.000E-01
  F  1  7  0.  0.
  12  15   0   0   4      0      0   0.000E+00   5.000E-02
  12  16   0   0   4      0      0   0.000E+00   5.000E-02
  12  17  -1   0   1      0      0   3.706E-01   2.000E-01
  F  1  7  0.  0.
  12  18   0   0   4      0      0   0.000E+00   5.000E-02
  12  19  -1   0   1      0      0   8.300E-01   2.000E-01
  F  1  7  0.  0.
  12  20   0   0   4      0      0   0.000E+00   5.000E-02
  12  21  -1   0   1      0      0   2.011E-01   2.000E-01
  F  1  7  0.  0.
  12  22   0   0   4      0      0   0.000E+00   5.000E-02
  12  23  -1   0   1      0      0   6.403E-02   2.000E-01
  F  1  7  0.  0.
  13  14   0   0   4      0      0   0.000E+00   5.000E-02
  13  15   0   0   4      0      0   0.000E+00   5.000E-02
  13  16  -1   0   1      0      0   5.494E-01   7.000E-01
  F  1  7  0.  0.
  13  17   0   0   4      0      0   0.000E+00   5.000E-02
  13  18  -1   0   1      0      0   4.344E-05   2.000E-01
  F  1  7  0.  0.
  13  19   0   0   4      0      0   0.000E+00   5.000E-02
  13  20  -1   0   1      0      0   9.150E-04   2.000E-01
  F  1  7  0.  0.
  13  21   0   0   4      0      0   0.000E+00   5.000E-02
  13  22  -1   0   1      0      0   7.258E-04   2.000E-01
  F  1  7  0.  0.
  13  23   0   0   4      0      0   0.000E+00   5.000E-02
  14  15  -1   0   1      0      0   4.267E-02   7.000E-01
  F  1  7  0.  0.
  14  16   0   0   4      0      0   0.000E+00   5.000E-02
  14  17  -1   0   1      0      0   4.340E-01   7.000E-01
  F  1  7  0.  0.
  14  18   0   0   4      0      0   0.000E+00   5.000E-02
  14  19  -1   0   1      0      0   2.900E-01   2.000E-01
  F  1  7  0.  0.
  14  20   0   0   4      0      0   0.000E+00   5.000E-02
  14  21  -1   0   1      0      0   1.150E-02   2.000E-01
  F  1  7  0.  0.
  14  22   0   0   4      0      0   0.000E+00   5.000E-02
  14  23  -1   0   1      0      0   3.173E-03   2.000E-01
  F  1  7  0.  0.
  15  16   0   0   4      0      0   0.000E+00   5.000E-02
  15  17  -1   0   1      0      0   1.813E-01   7.000E-01
  F  1  7  0.  0.
  15  18   0   0   4      0      0   0.000E+00   5.000E-02
  15  19  -1   0   1      0      0   1.143E-01   2.000E-01
  F  1  7  0.  0.
  15  20   0   0   4      0      0   0.000E+00   5.000E-02
  15  21  -1   0   1      0      0   8.167E-04   2.000E-01
  F  1  7  0.  0.
  15  22   0   0   4      0      0   0.000E+00   5.000E-02
  15  23  -1   0   1      0      0   4.770E-02   2.000E-01
  F  1  7  0.  0.
  16  17   0   0   4      0      0   0.000E+00   5.000E-02
  16  18  -1   0   1      0      0   1.359E-01   7.000E-01
  F  1  7  0.  0.
  16  19   0   0   4      0      0   0.000E+00   5.000E-02
  16  20  -1   0   1      0      0   6.948E-02   2.000E-01
  F  1  7  0.  0.
  16  21   0   0   4      0      0   0.000E+00   5.000E-02
  16  22  -1   0   1      0      0   9.276E-02   2.000E-01
  F  1  7  0.  0.
  16  23   0   0   4      0      0   0.000E+00   5.000E-02
  17  18   0   0   4      0      0   0.000E+00   5.000E-02
  17  19  -1   0   1      0      0   9.647E-02   7.000E-01
  F  1  7  0.  0.
  17  20   0   0   4      0      0   0.000E+00   5.000E-02
  17  21  -1   0   1      0      0   2.785E-01   2.000E-01
  F  1  7  0.  0.
  17  22   0   0   4      0      0   0.000E+00   5.000E-02
  17  23  -1   0   1      0      0   1.183E-01   2.000E-01
  F  1  7  0.  0.
  18  19   0   0   4      0      0   0.000E+00   5.000E-02
  18  20  -1   0   1      0      0   6.063E-01   2.000E-01
  F  1  7  0.  0.
  18  21   0   0   4      0      0   0.000E+00   5.000E-02
  18  22  -1   0   1      0      0   8.978E-02   2.000E-01
  F  1  7  0.  0.
  18  23   0   0   4      0      0   0.000E+00   5.000E-02
  19  20   0   0   4      0      0   0.000E+00   5.000E-02
  19  21  -1   0   1      0      0   6.163E-01   2.000E-01
  F  1  7  0.  0.
  19  22   0   0   4      0      0   0.000E+00   5.000E-02
  19  23  -1   0   1      0      0   6.814E-02   2.000E-01
  F  1  7  0.  0.
  20  21   0   0   4      0      0   0.000E+00   5.000E-02
  20  22  -1   0   1      0      0   1.153E+00   2.000E-01
  F  1  7  0.  0.
  20  23   0   0   4      0      0   0.000E+00   5.000E-02
  21  22   0   0   4      0      0   0.000E+00   5.000E-02
  21  23  -1   0   1      0      0   1.180E+00   2.000E-01
  F  1  7  0.  0.
  22  23   0   0   4      0      0   0.000E+00   5.000E-02
