****** Levels
 5.21412627E+15      1.    2  'Ne I 1Se 1'  0   0.  0
 1.19107791E+15      9.    3  'Ne I 3Po 1'  0   0.  -102
 1.14842634E+15      3.    3  'Ne I 1Po 1'  0   0.  -102
 7.49665335E+14      3.    3  'Ne I 3Se 1'  0   0.  -102
 7.25564864E+14     15.    3  'Ne I 3De 1'  0   0.  -102
 7.10086675E+14      9.    3  'Ne I 3Pe 1'  0   0.  -102
 7.00996846E+14      5.    3  'Ne I 1De 1'  0   0.  -102
 6.92605017E+14      3.    3  'Ne I 1Pe 1'  0   0.  -102
 6.71757715E+14      1.    3  'Ne I 1Se 2'  0   0.  -102
 3.67418682E+14    108.    4  'Ne I+___ 1'  0   0.  -102
 2.02444726E+14    192.    5  'Ne I+___ 2'  0   0.  -102
****** Continuum transitions
   1  12   1    108      0      0      0   6.799E-19   0.000E+00
 -0.0026  0.0814  0.1396  0.2172  0.3271  0.3530  0.3789  1.0237
  0.8294  0.9288  0.9605  0.9656  0.9369  0.9097  0.8475 -1.0888
   2  12   1    133      0      0      0   9.997E-21   0.000E+00
 -0.0126  0.0262  0.0650  0.1232  0.1749  0.2137  0.2590  0.3107  0.3495  0.4012
  0.6599  0.6922  0.7116  0.7181  0.7245  0.7310  0.7375  0.7439  0.7504  0.7569
  0.7633  0.7698  0.7763  0.7827  0.7892  0.7957  0.8021  0.8086  0.8151  0.8215
  0.8280  0.8603  1.5137
 -0.9694 -1.0640 -1.1652 -1.0627 -0.9421 -0.8747 -0.8253 -0.7992 -0.7937 -0.8010
 -0.9490 -0.9441 -0.9108 -0.8660 -0.8092 -0.6141 -0.3308  0.0114  0.3090  0.5160
  0.6220  0.6252  0.5288  0.3374  0.0588 -0.2927 -0.6631 -1.0085 -1.2049 -1.2841
 -1.3104 -1.3794 -3.3396
   3  12   1    129      0      0      0   3.087E-20   0.000E+00
 -0.0131 -0.0001  0.0710  0.1292  0.2973  0.3943  0.4848  0.6206  0.6853  0.7111
  0.7305  0.7370  0.7434  0.7499  0.7628  0.7693  0.7758  0.7822  0.7887  0.7952
  0.8016  0.8081  0.8210  0.8275  0.8340  0.8404  0.8469  0.8663  1.5279
 -0.4911 -0.5102 -0.6863 -0.7449 -0.7694 -0.8154 -0.8878 -1.0273 -1.0873 -1.0928
 -1.0594 -0.9902 -0.8880 -0.6402  0.0656  0.3443  0.5249  0.6034  0.5812  0.4631
  0.2552 -0.0283 -0.6996 -0.9688 -1.1188 -1.1952 -1.2353 -1.3065 -3.2947
   4  12   1    129      0      0      0   9.831E-19   0.000E+00
 -0.0194 -0.0000  0.1099  0.3427  0.4009  0.4461  0.4849  0.5237  0.5625  0.6142
  0.6789  0.88    0.9181  0.9246  0.9375  0.9440  0.9505  0.9569  0.9634  0.9699
  0.9763  0.9828  0.9893  0.9957  1.0022  1.0087  1.0151  1.0216  1.6771
  1.0265  0.9926  0.5988 -0.3177 -0.5243 -0.6606 -0.7552 -0.8242 -0.8737 -0.9152
 -0.9424 -0.95   -0.0392  0.0867  0.8999  1.1462  1.2632  1.2701  1.1687  0.9399
  0.6831  0.2954 -0.1360 -0.5891 -0.8478 -1.0942 -1.1434 -1.1724 -3.1412
   5  12   1    129      0      0      0   7.193E-19   0.000E+00
 -0.0205 -0.0011  0.1088  0.2963  0.3545  0.3933  0.4256  0.4580  0.4968  0.5614
  0.6843  0.9235  0.9300  0.9494  0.9559  0.9623  0.9688  0.9753  0.9817  0.9882
  0.9947  1.0011  1.0076  1.0140  1.0205  1.0270  1.0334  1.0399  1.6978
  0.8990  0.8612  0.4312 -0.3865 -0.6116 -0.7377 -0.8226 -0.8863 -0.9375 -0.9793
 -1.0095 -1.0231 -0.9100  0.4719  0.8384  1.1269  1.2854  1.3271  1.2614  1.0741
  0.7994  0.4736  0.0463 -0.4359 -0.8044 -1.1130 -1.2491 -1.2961 -3.2728
   6  12   1    131      0      0      0   5.719E-19   0.000E+00
 -0.0211 -0.0017  0.1082  0.2634  0.3086  0.3539  0.3927  0.4315  0.4703  0.5350
  0.6901  0.8324  0.8389  0.9423  0.9488  0.9617  0.9682  0.9746  0.9811  0.9876
  0.9940  1.0005  1.0070  1.0134  1.0199  1.0264  1.0328  1.0393  1.0458  1.0522
  1.7090
  0.8051  0.7644  0.3047 -0.4328 -0.6336 -0.8016 -0.9083 -0.9752 -1.0084 -1.0285
 -1.0464 -1.1153 -1.1018 -0.6795 -0.5033  0.4615  0.9214  1.1398  1.3065  1.3276
  1.2422  1.0531  0.7740  0.4011 -0.0345 -0.5176 -0.8520 -1.1568 -1.2527 -1.2947
 -3.2701
   7  12   1    130      0      0      0   6.500E-19   0.000E+00
 -0.0209 -0.0015  0.1084  0.2636  0.3089  0.3542  0.3930  0.4318  0.4705  0.5287
  0.6839  0.9167  0.9232  0.9490  0.9555  0.9620  0.9684  0.9749  0.9814  0.9878
  0.9943  1.0008  1.0072  1.0137  1.0202  1.0266  1.0331  1.0396  1.0590  1.7045
  0.8579  0.8189  0.3799 -0.3032 -0.4871 -0.6462 -0.7557 -0.8357 -0.8897 -0.9352
 -1.0008 -1.1552 -1.1114 -0.6953 -0.3730  0.0051  0.2873  0.4613  0.5252  0.4839
  0.3416  0.1058 -0.2030 -0.5640 -0.9054 -1.0906 -1.2102 -1.2742 -1.3386 -3.2774
   8  12   1    132      0      0      0   6.165E-19   0.000E+00
 -0.0211 -0.0017  0.1082  0.2699  0.3151  0.3604  0.3992  0.4380  0.4703  0.5091
  0.5608  0.8906  0.9229  0.9294  0.9423  0.9488  0.9553  0.9617  0.9682  0.9747
  0.9811  0.9876  0.9941  1.0005  1.0070  1.0135  1.0199  1.0264  1.0329  1.0393
  1.0458  1.7086
  0.8362  0.7968  0.3545 -0.3704 -0.5596 -0.7254 -0.8409 -0.9264 -0.9766 -1.0134
 -1.0429 -1.1650 -1.1664 -1.1428 -1.0538 -0.8999 -0.5763 -0.2121  0.1332  0.3765
  0.5104  0.5366  0.4587  0.2803  0.0120 -0.3395 -0.7283 -1.0944 -1.2575 -1.4027
 -1.4367 -3.4244
   9  12   1    129      0      0      0   1.599E-19   0.000E+00
 -0.0238  0.0021  0.1120  0.1250  0.2025  0.3577  0.4483  0.5258  0.6940  0.9397
  0.9720  0.9914  0.9979  1.0043  1.0108  1.0173  1.0237  1.0302  1.0367  1.0431
  1.0496  1.0625  1.0690  1.0755  1.0819  1.0884  1.0949  1.1401  1.7531
  0.2673  0.1982 -0.2016 -0.2223 -0.3003 -0.2688 -0.2834 -0.3316 -0.4504 -0.6954
 -0.7157 -0.6052 -0.4371 -0.1746  0.1166  0.3613  0.5094  0.5533  0.4974  0.3450
  0.1239 -0.4230 -0.6428 -0.7710 -0.8672 -0.9128 -0.9467 -1.0895 -2.9311
  10  12   1    106      0      0      0   1.552E-19   0.000E+00
  -0.002   0.541   0.710   0.839   1.288   1.964
   0.197  -1.690  -2.099  -2.254  -2.732  -4.732
  11  12   1    106      0      0      0   2.532E-19   0.000E+00
   0.007   0.845   1.064   1.459   1.560   2.206
   0.380  -2.366  -2.803  -3.239  -3.296  -5.239
*** Line transitions
   1   2  -1   0   1      0      0   1.180E-02   2.000E-01
  F  1  7  0.  0.
   1   3  -1   0   1      0      0   1.490E-01   2.000E-01
  F  1  7  0.  0.
   1   4   0   0   4      0      0   0.000E+00   5.000E-02
   1   5   0   0   4      0      0   0.000E+00   5.000E-02
   1   6   0   0   4      0      0   0.000E+00   5.000E-02
   1   7   0   0   4      0      0   0.000E+00   5.000E-02
   1   8   0   0   4      0      0   0.000E+00   5.000E-02
   1   9   0   0   4      0      0   0.000E+00   5.000E-02
   1  10  -1   0   1      0      0   5.790E-02   2.000E-01
  F  1  7  0.  0.
   1  11  -1   0   1      0      0   2.520E-02   2.000E-01
  F  1  7  0.  0.
   2   3   0   0   4      0      0   0.000E+00   5.000E-02
   2   4  -1   0   1      0      0   1.047E-01   7.000E-01
  F  1  7  0.  0.
   2   5  -1   0   1      0      0   5.489E-01   7.000E-01
  F  1  7  0.  0.
   2   6  -1   0   1      0      0   3.311E-01   7.000E-01
  F  1  7  0.  0.
   2   7   0   0   4      0      0   0.000E+00   5.000E-02
   2   8   0   0   4      0      0   0.000E+00   5.000E-02
   2   9   0   0   4      0      0   0.000E+00   5.000E-02
   2  10  -1   0   1      0      0   9.957E-03   2.000E-01
  F  1  7  0.  0.
   2  11  -1   0   1      0      0   1.397E-03   2.000E-01
  F  1  7  0.  0.
   3   4   0   0   4      0      0   0.000E+00   5.000E-02
   3   5   0   0   4      0      0   0.000E+00   5.000E-02
   3   6   0   0   4      0      0   0.000E+00   5.000E-02
   3   7  -1   0   1      0      0   5.500E-01   7.000E-01
  F  1  7  0.  0.
   3   8  -1   0   1      0      0   3.280E-01   7.000E-01
  F  1  7  0.  0.
   3   9  -1   0   1      0      0   1.253E-01   2.000E-01
  F  1  7  0.  0.
   3  10  -1   0   1      0      0   1.252E-02   2.000E-01
  F  1  7  0.  0.
   3  11  -1   0   1      0      0   2.305E-03   2.000E-01
  F  1  7  0.  0.
   4   5   0   0   4      0      0   0.000E+00   5.000E-02
   4   6   0   0   4      0      0   0.000E+00   5.000E-02
   4   7   0   0   4      0      0   0.000E+00   5.000E-02
   4   8   0   0   4      0      0   0.000E+00   5.000E-02
   4   9   0   0   4      0      0   0.000E+00   5.000E-02
   4  10  -1   0   1      0      0   9.687E-01   2.000E-01
  F  1  7  0.  0.
   4  11  -1   0   1      0      0   1.234E-01   2.000E-01
  F  1  7  0.  0.
   5   6   0   0   4      0      0   0.000E+00   5.000E-02
   5   7   0   0   4      0      0   0.000E+00   5.000E-02
   5   8   0   0   4      0      0   0.000E+00   5.000E-02
   5   9   0   0   4      0      0   0.000E+00   5.000E-02
   5  10  -1   0   1      0      0   1.053E+00   2.000E-01
  F  1  7  0.  0.
   5  11  -1   0   1      0      0   1.080E-01   2.000E-01
  F  1  7  0.  0.
   6   7   0   0   4      0      0   0.000E+00   5.000E-02
   6   8   0   0   4      0      0   0.000E+00   5.000E-02
   6   9   0   0   4      0      0   0.000E+00   5.000E-02
   6  10  -1   0   1      0      0   1.094E+00   2.000E-01
  F  1  7  0.  0.
   6  11  -1   0   1      0      0   9.711E-02   2.000E-01
  F  1  7  0.  0.
   7   8   0   0   4      0      0   0.000E+00   5.000E-02
   7   9   0   0   4      0      0   0.000E+00   5.000E-02
   7  10  -1   0   1      0      0   1.070E+00   2.000E-01
  F  1  7  0.  0.
   7  11  -1   0   1      0      0   1.034E-01   2.000E-01
  F  1  7  0.  0.
   8   9   0   0   4      0      0   0.000E+00   5.000E-02
   8  10  -1   0   1      0      0   1.083E+00   2.000E-01
  F  1  7  0.  0.
   8  11  -1   0   1      0      0   1.004E-01   2.000E-01
  F  1  7  0.  0.
   9  10  -1   0   1      0      0   1.206E+00   2.000E-01
  F  1  7  0.  0.
   9  11  -1   0   1      0      0   5.360E-02   2.000E-01
  F  1  7  0.  0.
  10  11  -1   0   1      0      0   1.010E+00   2.000E-01
  F  1  7  0.  0.
