****** Levels
 9.90487426E+15      6.    2  'NeII 2Po 1'  0   0.  0
 3.38499096E+15      2.    3  'NeII 2Se 1'  0   0.  -102
 3.28338009E+15     12.    3  'NeII 4Pe 1'  0   0.  -102
 3.13734181E+15      6.    3  'NeII 2Pe 1'  0   0.  -102
 2.49281969E+15     12.    3  'NeII 4Po 1'  0   0.  -102
 2.46863016E+15     10.    3  'NeII 2De 1'  0   0.  -102
 2.40699014E+15     20.    3  'NeII 4Do 1'  0   0.  -102
 2.35363080E+15     10.    3  'NeII 2Do 1'  0   0.  -102
 2.31038988E+15      2.    3  'NeII 2So 1'  0   0.  -102
 2.30469529E+15      4.    3  'NeII 4So 1'  0   0.  -102
 2.25228300E+15      6.    3  'NeII 2Po 2'  0   0.  -102
 1.54896224E+15     68.    4  'NeII+2__ 1'  0   0.  -102
 1.49302284E+15     72.    4  'NeII+4_e 2'  0   0.  -102
 1.17188518E+15     36.    4  'NeII+4_o 3'  0   0.  -102
 1.12628015E+15     18.    4  'NeII+2_o 4'  0   0.  -102
****** Continuum transitions
   1  16   1    113      0      0      0   4.807E-19   0.000E+00
 -0.0058  0.0071  0.0200  0.0394  0.1041  0.1364  0.1494  0.1623  0.2981  0.3627
  0.4145  0.4403  1.0942
  0.8973  0.8808  0.8894  0.9238  0.9366  0.9395  0.9135  0.8893  0.7250  0.6334
  0.5424  0.4815 -1.4812
   2  16   1    165      0      0      0   1.242E-20   0.000E+00
 -0.0172 -0.0108 -0.0043  0.0022  0.0086  0.0151  0.0216  0.0280  0.0345  0.0410
  0.0474  0.0539  0.0604  0.0668  0.0733  0.0798  0.1056  0.1121  0.1509  0.1768
  0.2026  0.2220  0.2350  0.2414  0.2479  0.2608  0.2673  0.2738  0.2802  0.2867
  0.2931  0.2996  0.3061  0.3125  0.3190  0.3255  0.3319  0.3384  0.3449  0.3513
  0.3578  0.3643  0.3707  0.3772  0.3837  0.3901  0.3966  0.4031  0.4095  0.4160
  0.4225  0.4289  0.4354  0.4419  0.4677  0.4871  0.4936  0.5195  0.5583  0.6682
  0.6940  0.7522  0.7716  0.8298  1.4367
 -1.6650 -1.3984 -1.1872 -1.0449 -0.9783 -0.9821 -1.0243 -1.0388 -0.9609 -0.8048
 -0.6401 -0.5187 -0.4612 -0.4634 -0.5029 -0.5115 -0.5100 -0.4963 -0.4839 -0.4525
 -0.4113 -0.3382 -0.2150 -0.0981  0.0848  0.5838  0.7847  0.9081  0.9432  0.8908
  0.7529  0.5384  0.2688 -0.0150 -0.2491 -0.4187 -0.3891 -0.3204 -0.1560  0.1695
  0.4749  0.7107  0.8429  0.8738  0.8228  0.7352  0.6914  0.7214  0.7785  0.8042
  0.7849  0.7416  0.7142  0.7278  0.8593  0.9351  0.9524  0.9295  0.9200  0.8509
  0.8156  0.7424  0.7111  0.5439 -1.2791
   3  16   1    125      0      0      0   9.109E-20   0.000E+00
 -0.0178  0.1762  0.2085  0.2215  0.2279  0.2409  0.2473  0.2538  0.2603  0.2667
  0.2732  0.2797  0.2861  0.2926  0.2991  0.3055  0.3120  0.3185  0.3767  0.4025
  0.4543  0.6030  0.7646  0.7905  1.3174
 -0.3483 -0.3272 -0.2791 -0.2201 -0.1867  0.0667  0.3086  0.5692  0.7851  0.9220
  0.9668  0.9182  0.7776  0.5509  0.2467 -0.1030 -0.4308 -0.5834 -0.7930 -0.8233
 -0.8596 -1.0297 -1.2532 -1.3070 -2.8874
   4  16   1    136      0      0      0   5.944E-20   0.000E+00
 -0.0186  0.0008  0.0073  0.0137  0.0331  0.0461  0.0590  0.0719  0.0784  0.1689
  0.2206  0.2400  0.2465  0.2530  0.2594  0.2659  0.2724  0.2788  0.2853  0.2918
  0.2982  0.3047  0.3112  0.3176  0.3306  0.3370  0.3435  0.3500  0.3694  0.3823
  0.4081  0.4534  0.5698  0.7638  0.8026  1.4642
 -0.5060 -0.3425 -0.3072 -0.3059 -0.3804 -0.3731 -0.3634 -0.3811 -0.3963 -0.4525
 -0.4417 -0.3897 -0.3431 -0.2761 -0.1367  0.0653  0.3244  0.5713  0.7534  0.8534
  0.8654  0.7902  0.6332  0.4069 -0.1327 -0.3597 -0.4862 -0.5965 -0.6999 -0.7364
 -0.7871 -0.8718 -1.0321 -1.3187 -1.3898 -3.3732
   5  16   1    122      0      0      0   1.261E-19   0.000E+00
 -0.0236  0.0346  0.1704  0.3127  0.3644  0.3709  0.3773  0.3903  0.3967  0.4032
  0.4097  0.4161  0.4226  0.4355  0.4485  0.4614  0.5196  0.5972  0.7006  0.8235
  0.8882  1.3671
 -0.1658 -0.2106 -0.2429 -0.2643 -0.2100 -0.1161  0.0033  0.2525  0.3028  0.2763
  0.1699  0.0079 -0.1699 -0.3139 -0.4496 -0.4680 -0.5137 -0.6152 -0.7703 -0.9865
 -1.1188 -2.5555
   6  16   1    146      0      0      0   4.169E-20   0.000E+00
 -0.0238 -0.0109  0.0021  0.0085  0.0150  0.0215  0.0279  0.0344  0.0409  0.0473
  0.0538  0.0603  0.0667  0.0732  0.0797  0.0926  0.0991  0.1249  0.1443  0.3448
  0.3577  0.4288  0.4353  0.4547  0.4612  0.4676  0.4806  0.4870  0.4935  0.5000
  0.5064  0.5129  0.5194  0.5258  0.5323  0.5388  0.5452  0.5517  0.5582  0.5646
  0.5969  0.6616  0.8039  0.8815  0.9073  1.5532
 -0.6926 -0.5216 -0.2439 -0.1542 -0.1413 -0.2068 -0.3338 -0.4819 -0.6093 -0.6835
 -0.7189 -0.7342 -0.7358 -0.7137 -0.6637 -0.5159 -0.4530 -0.3733 -0.3706 -0.4593
 -0.4785 -0.4966 -0.4907 -0.4402 -0.4020 -0.3076  0.1714  0.4876  0.7490  0.9244
  0.9997  0.9760  0.8564  0.6464  0.3582  0.0101 -0.3239 -0.5690 -0.7725 -0.8413
 -0.8969 -0.9841 -1.1639 -1.2837 -1.3491 -3.2888
   7  16   1    120      0      0      0   1.116E-19   0.000E+00
 -0.0244  0.0467  0.2989  0.3635  0.3700  0.3829  0.3894  0.3959  0.4023  0.4088
  0.4153  0.4217  0.4476  0.4541  0.5123  0.5899  0.7127  0.8226  0.9002  1.3717
 -0.2406 -0.2633 -0.2665 -0.2711 -0.2358  0.0565  0.2139  0.3925  0.4982  0.5144
  0.4438  0.2945 -0.3832 -0.4562 -0.5318 -0.6380 -0.8346 -1.0377 -1.2006 -2.6149
   8  16   1    124      0      0      0   1.081E-19   0.000E+00
 -0.0250  0.0009  0.0332  0.2013  0.3630  0.3694  0.3824  0.3888  0.3953  0.4018
  0.4082  0.4147  0.4212  0.4276  0.4341  0.4406  0.4664  0.4729  0.5440  0.6604
  0.7897  0.8867  0.9126  1.5713
 -0.2158 -0.2351 -0.2643 -0.2819 -0.3339 -0.2444  0.0288  0.1908  0.5279  0.8168
  1.0073  1.0927  1.0760  0.9595  0.7475  0.4643 -0.3665 -0.5150 -0.6147 -0.7997
 -1.0267 -1.2219 -1.2828 -3.2599
   9  16   1    129      0      0      0   8.076E-20   0.000E+00
 -0.0255 -0.0190  0.0004  0.0263  0.0392  0.0780  0.3625  0.3690  0.3884  0.3948
  0.4013  0.4078  0.4142  0.4207  0.4272  0.4336  0.4401  0.4530  0.4595  0.4853
  0.4918  0.5435  0.5694  0.5953  0.6405  0.7957  0.8862  0.9186  1.5783
 -0.2499 -0.2579 -0.3135 -0.3744 -0.3613 -0.3711 -0.3871 -0.3596 -0.0112  0.2588
  0.6279  0.9222  1.1221  1.2108  1.1932  1.0729  0.7879  0.1603 -0.0520 -0.6136
 -0.6474 -0.6814 -0.7142 -0.7546 -0.8109 -1.0575 -1.2235 -1.2935 -3.2731
  10  16   1    120      0      0      0   8.690E-20   0.000E+00
 -0.0255  0.1491  0.2525  0.3883  0.3948  0.4012  0.4077  0.4142  0.4206  0.4271
  0.4336  0.4400  0.4530  0.4594  0.4918  0.4982  0.7051  0.8215  0.9120  1.3708
 -0.3718 -0.2955 -0.3036 -0.1177  0.0304  0.3177  0.5732  0.7426  0.8133  0.7860
  0.6648  0.4591 -0.0317 -0.2395 -0.4693 -0.4912 -0.8331 -1.0516 -1.2405 -2.6156
  11  16   1    145      0      0      0   1.831E-19   0.000E+00
 -0.0261 -0.0197 -0.0132 -0.0067  0.0256  0.0320  0.0385  0.0450  0.0579  0.0708
  0.0902  0.1161  0.1420  0.2260  0.3424  0.3812  0.3877  0.4006  0.4071  0.4135
  0.4200  0.4265  0.4329  0.4394  0.4459  0.4523  0.4588  0.4717  0.4782  0.5041
  0.5170  0.5364  0.5429  0.5493  0.5558  0.5687  0.5752  0.5817  0.5881  0.6011
  0.6075  0.6334  0.8403  0.9244  1.5881
  0.2130  0.2167  0.1959  0.1490  0.0309  0.0759  0.1065  0.1119  0.0546 -0.0023
 -0.0292 -0.0272 -0.0240 -0.0954 -0.1717 -0.1503 -0.0913  0.2014  0.4224  0.6791
  0.8726  0.9769  0.9982  0.9432  0.8215  0.6426  0.4149 -0.0914 -0.1719 -0.4331
 -0.4327 -0.4539 -0.4476 -0.4235 -0.3732 -0.2322 -0.1932 -0.2008 -0.2565 -0.4325
 -0.5059 -0.6122 -0.9758 -1.1439 -3.1341
  12  16   1    108      0      0      0   4.296E-20   0.000E+00
  -0.002   0.127   0.163   0.350   0.554   0.737   1.066   1.729
  -0.662  -1.093  -1.044  -1.328  -1.549  -1.796  -2.301  -4.310
  13  16   1    108      0      0      0   4.664E-20   0.000E+00
  -0.002   0.323   0.581   0.612   0.639   0.892   1.061   1.604
  -0.627  -1.620  -2.359  -1.514  -2.444  -3.067  -3.363  -4.968
  14  16   1    107      0      0      0   1.729E-20   0.000E+00
   0.003   0.149   0.314   0.621   0.786   1.177   1.662
  -1.069  -1.364  -1.488  -1.734  -1.993  -2.622  -4.063
  15  16   1    107      0      0      0   3.684E-20   0.000E+00
  -0.002   0.185   0.661   0.746   0.839   1.190   1.858
  -0.732  -0.972  -1.437  -1.648  -1.789  -2.338  -4.380
*** Line transitions
   1   2  -1   0   1      0      0   8.567E-02   2.000E-01
  F  1  7  0.  0.
   1   3   0   0   4      0      0   0.000E+00   5.000E-02
   1   4  -1   0   1      0      0   1.175E-01   2.000E-01
  F  1  7  0.  0.
   1   5   0   0   4      0      0   0.000E+00   5.000E-02
   1   6  -1   0   1      0      0   6.550E-02   2.000E-01
  F  1  7  0.  0.
   1   7   0   0   4      0      0   0.000E+00   5.000E-02
   1   8   0   0   4      0      0   0.000E+00   5.000E-02
   1   9   0   0   4      0      0   0.000E+00   5.000E-02
   1  10   0   0   4      0      0   0.000E+00   5.000E-02
   1  11   0   0   4      0      0   0.000E+00   5.000E-02
   1  12  -1   0   1      0      0   1.746E-01   2.000E-01
  F  1  7  0.  0.
   1  13   0   0   4      0      0   0.000E+00   5.000E-02
   1  14   0   0   4      0      0   0.000E+00   5.000E-02
   1  15   0   0   4      0      0   0.000E+00   5.000E-02
   2   3   0   0   4      0      0   0.000E+00   5.000E-02
   2   4   0   0   4      0      0   0.000E+00   5.000E-02
   2   5   0   0   4      0      0   0.000E+00   5.000E-02
   2   6   0   0   4      0      0   0.000E+00   5.000E-02
   2   7   0   0   4      0      0   0.000E+00   5.000E-02
   2   8   0   0   4      0      0   0.000E+00   5.000E-02
   2   9   0   0   4      0      0   0.000E+00   5.000E-02
   2  10   0   0   4      0      0   0.000E+00   5.000E-02
   2  11  -1   0   1      0      0   3.890E-04   7.000E-01
  F  1  7  0.  0.
   2  12  -1   0   1      0      0   7.050E-03   2.000E-01
  F  1  7  0.  0.
   2  13   0   0   4      0      0   0.000E+00   5.000E-02
   2  14   0   0   4      0      0   0.000E+00   5.000E-02
   2  15  -1   0   1      0      0   8.478E-01   2.000E-01
  F  1  7  0.  0.
   3   4   0   0   4      0      0   0.000E+00   5.000E-02
   3   5  -1   0   1      0      0   2.817E-01   7.000E-01
  F  1  7  0.  0.
   3   6   0   0   4      0      0   0.000E+00   5.000E-02
   3   7  -1   0   1      0      0   5.133E-01   7.000E-01
  F  1  7  0.  0.
   3   8   0   0   4      0      0   0.000E+00   5.000E-02
   3   9   0   0   4      0      0   0.000E+00   5.000E-02
   3  10  -1   0   1      0      0   1.100E-01   7.000E-01
  F  1  7  0.  0.
   3  11   0   0   4      0      0   0.000E+00   5.000E-02
   3  12   0   0   4      0      0   0.000E+00   5.000E-02
   3  13   0   0   4      0      0   0.000E+00   5.000E-02
   3  14  -1   0   1      0      0   6.845E-03   2.000E-01
  F  1  7  0.  0.
   3  15   0   0   4      0      0   0.000E+00   5.000E-02
   4   5   0   0   4      0      0   0.000E+00   5.000E-02
   4   6   0   0   4      0      0   0.000E+00   5.000E-02
   4   7   0   0   4      0      0   0.000E+00   5.000E-02
   4   8  -1   0   1      0      0   5.033E-01   7.000E-01
  F  1  7  0.  0.
   4   9  -1   0   1      0      0   1.027E-01   7.000E-01
  F  1  7  0.  0.
   4  10   0   0   4      0      0   0.000E+00   5.000E-02
   4  11  -1   0   1      0      0   3.167E-01   7.000E-01
  F  1  7  0.  0.
   4  12  -1   0   1      0      0   4.985E-02   2.000E-01
  F  1  7  0.  0.
   4  13   0   0   4      0      0   0.000E+00   5.000E-02
   4  14   0   0   4      0      0   0.000E+00   5.000E-02
   4  15  -1   0   1      0      0   5.723E-03   2.000E-01
  F  1  7  0.  0.
   5   6   0   0   4      0      0   0.000E+00   5.000E-02
   5   7   0   0   4      0      0   0.000E+00   5.000E-02
   5   8   0   0   4      0      0   0.000E+00   5.000E-02
   5   9   0   0   4      0      0   0.000E+00   5.000E-02
   5  10   0   0   4      0      0   0.000E+00   5.000E-02
   5  11   0   0   4      0      0   0.000E+00   5.000E-02
   5  12   0   0   4      0      0   0.000E+00   5.000E-02
   5  13  -1   0   1      0      0   1.053E+00   2.000E-01
  F  1  7  0.  0.
   5  14   0   0   4      0      0   0.000E+00   5.000E-02
   5  15   0   0   4      0      0   0.000E+00   5.000E-02
   6   7   0   0   4      0      0   0.000E+00   5.000E-02
   6   8  -1   0   1      0      0   3.400E-05   7.000E-01
  F  1  7  0.  0.
   6   9   0   0   4      0      0   0.000E+00   5.000E-02
   6  10   0   0   4      0      0   0.000E+00   5.000E-02
   6  11  -1   0   1      0      0   4.280E-03   7.000E-01
  F  1  7  0.  0.
   6  12  -1   0   1      0      0   9.030E-01   2.000E-01
  F  1  7  0.  0.
   6  13   0   0   4      0      0   0.000E+00   5.000E-02
   6  14   0   0   4      0      0   0.000E+00   5.000E-02
   6  15  -1   0   1      0      0   1.567E-02   2.000E-01
  F  1  7  0.  0.
   7   8   0   0   4      0      0   0.000E+00   5.000E-02
   7   9   0   0   4      0      0   0.000E+00   5.000E-02
   7  10   0   0   4      0      0   0.000E+00   5.000E-02
   7  11   0   0   4      0      0   0.000E+00   5.000E-02
   7  12   0   0   4      0      0   0.000E+00   5.000E-02
   7  13  -1   0   1      0      0   1.088E+00   2.000E-01
  F  1  7  0.  0.
   7  14   0   0   4      0      0   0.000E+00   5.000E-02
   7  15   0   0   4      0      0   0.000E+00   5.000E-02
   8   9   0   0   4      0      0   0.000E+00   5.000E-02
   8  10   0   0   4      0      0   0.000E+00   5.000E-02
   8  11   0   0   4      0      0   0.000E+00   5.000E-02
   8  12  -1   0   1      0      0   1.089E+00   2.000E-01
  F  1  7  0.  0.
   8  13   0   0   4      0      0   0.000E+00   5.000E-02
   8  14   0   0   4      0      0   0.000E+00   5.000E-02
   8  15   0   0   4      0      0   0.000E+00   5.000E-02
   9  10   0   0   4      0      0   0.000E+00   5.000E-02
   9  11   0   0   4      0      0   0.000E+00   5.000E-02
   9  12  -1   0   1      0      0   1.962E+00   2.000E-01
  F  1  7  0.  0.
   9  13   0   0   4      0      0   0.000E+00   5.000E-02
   9  14   0   0   4      0      0   0.000E+00   5.000E-02
   9  15   0   0   4      0      0   0.000E+00   5.000E-02
  10  11   0   0   4      0      0   0.000E+00   5.000E-02
  10  12   0   0   4      0      0   0.000E+00   5.000E-02
  10  13  -1   0   1      0      0   1.120E+00   2.000E-01
  F  1  7  0.  0.
  10  14   0   0   4      0      0   0.000E+00   5.000E-02
  10  15   0   0   4      0      0   0.000E+00   5.000E-02
  11  12  -1   0   1      0      0   9.923E-01   7.000E-01
  F  1  7  0.  0.
  11  13   0   0   4      0      0   0.000E+00   5.000E-02
  11  14   0   0   4      0      0   0.000E+00   5.000E-02
  11  15   0   0   4      0      0   0.000E+00   5.000E-02
  12  13   0   0   4      0      0   0.000E+00   5.000E-02
  12  14   0   0   4      0      0   0.000E+00   5.000E-02
  12  15  -1   0   1      0      0   1.982E-01   2.000E-01
  F  1  7  0.  0.
  13  14  -1   0   1      0      0   3.710E-01   7.000E-01
  F  1  7  0.  0.
  13  15   0   0   4      0      0   0.000E+00   5.000E-02
  14  15   0   0   4      0      0   0.000E+00   5.000E-02
