****** Levels
 4.37568811E+15    10.   2  ' even   1 '  0  0.     0
 4.06519674E+15    42.   2  ' even   2 '  0  0.  -102
 3.66761056E+15    22.   2  ' even   3 '  0  0.  -102
 3.44359870E+15    24.   2  ' even   4 '  0  0.  -102
 2.82976867E+15    28.   2  ' even   5 '  0  0.  -102
 2.74404685E+15   126.   2  '  odd   1 '  0  0.  -103
 2.55470898E+15     2.   2  ' even   6 '  0  0.  -102
 2.36053374E+15    42.   2  '  odd   2 '  0  0.  -103
 2.18178297E+15    68.   2  ' even   7 '  0  0.  -102
 2.15039300E+15    96.   2  '  odd   3 '  0  0.  -103
 1.73176344E+15   126.   3  '  odd   4 '  0  0.  -103
 1.60654701E+15    56.   3  ' even   8 '  0  0.  -102
 1.50134205E+15   116.   3  '  odd   5 '  0  0.  -103
 1.36386763E+15   238.   3  ' even   9 '  0  0.  -102
 1.20690508E+15   252.   3  '  odd   6 '  0  0.  -103
 9.22134486E+14   630.   4  '  odd   7 '  0  0.  -103
 8.30799207E+14   500.   4  ' even  10 '  0  0.  -102
 6.82735043E+14   658.   4  '  odd   8 '  0  0.  -103
 4.96757569E+14   650.   5  ' even  11 '  0  0.  -102
 3.06296544E+14  2856.   7  '  odd   9 '  0  0.  -103
 1.65964991E+14  3560.   9  ' even  12 '  0  0.  -102
 8.36653291E+13  3362.  13  '  odd  10 '  0  0.  -103
-2.34348948E+14  2318.  20  ' even  13 '  0  0.  -102
-2.67603299E+14  3358.  20  '  odd  11 '  0  0.  -103
-5.10553350E+14  2192.  20  '  odd  12 '  0  0.  -103
-6.93867964E+14  3392.  20  ' even  14 '  0  0.  -102
-9.98858623E+14  2730.  20  '  odd  13 '  0  0.  -103
-1.40798597E+15  5798.  20  ' even  15 '  0  0.  -102
-1.51335173E+15  8138.  20  '  odd  14 '  0  0.  -103
-2.05706543E+15  6580.  20  ' even  16 '  0  0.  -102
-2.10326194E+15 13192.  20  '  odd  15 '  0  0.  -103
-2.61774159E+15  1762.  20  ' even  17 '  0  0.  -102
-2.73378385E+15  2666.  20  '  odd  16 '  0  0.  -103
-3.09100884E+15   232.  20  ' even  18 '  0  0.  -102
-3.36677247E+15  1850.  20  '  odd  17 '  0  0.  -103
-3.38481856E+15   738.  20  ' even  19 '  0  0.  -102
****** Continuum transitions
  1 37  1  71  0  0  0  6.86E-19  0.
  2 37  1  71  0  0  0  7.11E-19  0.
  3 37  1  71  0  0  0  7.49E-19  0.
  4 37  1  71  0  0  0  7.73E-19  0.
  5 37  1  71  0  0  0  8.52E-19  0.
  6 37  1  71  0  0  0  8.66E-19  0.
  7 37  1  71  0  0  0  8.97E-19  0.
  8 37  1  71  0  0  0  9.33E-19  0.
  9 37  1  71  0  0  0  9.71E-19  0.
 10 37  1  71  0  0  0  9.78E-19  0.
 11 37  1  71  0  0  0  1.09E-18  0.
 12 37  1  71  0  0  0  1.13E-18  0.
 13 37  1  71  0  0  0  1.17E-18  0.
 14 37  1  71  0  0  0  1.23E-18  0.
 15 37  1  71  0  0  0  1.31E-18  0.
 16 37  1  71  0  0  0  1.49E-18  0.
 17 37  1  71  0  0  0  1.57E-18  0.
 18 37  1  71  0  0  0  1.74E-18  0.
 19 37  1  71  0  0  0  2.03E-18  0.
 20 37  1  71  0  0  0  2.59E-18  0.
 21 37  1  71  0  0  0  3.52E-18  0.
 22 37  1  71  0  0  0  4.96E-18  0.
 23 37  0   0  0  0  0  1.00E-12  0.
 24 37  0   0  0  0  0  1.00E-12  0.
 25 37  0   0  0  0  0  1.00E-12  0.
 26 37  0   0  0  0  0  1.00E-12  0.
 27 37  0   0  0  0  0  1.00E-12  0.
 28 37  0   0  0  0  0  1.00E-12  0.
 29 37  0   0  0  0  0  1.00E-12  0.
 30 37  0   0  0  0  0  1.00E-12  0.
 31 37  0   0  0  0  0  1.00E-12  0.
 32 37  0   0  0  0  0  1.00E-12  0.
 33 37  0   0  0  0  0  1.00E-12  0.
 34 37  0   0  0  0  0  1.00E-12  0.
 35 37  0   0  0  0  0  1.00E-12  0.
 36 37  0   0  0  0  0  1.00E-12  0.
*** Line transitions
  1  2  0   0  1  0  0  1.  0.7
  1  3  0   0  1  0  0  1.  0.7
  1  4  0   0  1  0  0  1.  0.7
  1  5  0   0  1  0  0  1.  0.7
  1  6 -3   0  1  0  0  1.  0.7
  1  7  0   0  1  0  0  1.  0.7
  1  8 -3   0  1  0  0  1.  0.7
  1  9  0   0  1  0  0  1.  0.7
  1 10 -3   0  1  0  0  1.  0.7
  1 11 -3   0  0  0  0  1.  0.0
  1 12  0   0  0  0  0  1.  0.0
  1 13 -3   0  0  0  0  1.  0.0
  1 14  0   0  0  0  0  1.  0.0
  1 15 -3   0  0  0  0  1.  0.0
  1 15 -3   0  0  0  0  1.  0.0
  1 16 -3   0  0  0  0  1.  0.0
  1 16 -3   0  0  0  0  1.  0.0
  1 17  0   0  0  0  0  1.  0.0
  1 18 -3   0  0  0  0  1.  0.0
  1 19  0   0  0  0  0  1.  0.0
  1 20 -3   0  0  0  0  1.  0.0
  1 21  0   0  0  0  0  1.  0.0
  1 22 -3   0  0  0  0  1.  0.0
  1 23  0   0  0  0  0  1.  0.0
  1 24 -3   0  0  0  0  1.  0.0
  1 25 -3   0  0  0  0  1.  0.0
  1 26  0   0  0  0  0  1.  0.0
  1 27 -3   0  0  0  0  1.  0.0
  1 28  0   0  0  0  0  1.  0.0
  1 29 -3   0  0  0  0  1.  0.0
  1 29 -3   0  0  0  0  1.  0.0
  1 30  0   0  0  0  0  1.  0.0
  1 31 -3   0  0  0  0  1.  0.0
  1 32  0   0  0  0  0  1.  0.0
  1 33 -3   0  0  0  0  1.  0.0
  1 34  0   0  0  0  0  1.  0.0
  1 35 -3   0  0  0  0  1.  0.0
  1 36  0   0  0  0  0  1.  0.0
  2  3  0   0  1  0  0  1.  0.7
  2  4  0   0  1  0  0  1.  0.7
  2  5  0   0  1  0  0  1.  0.7
  2  6 -3   0  1  0  0  1.  0.7
  2  6 -3   0  1  0  0  1.  0.7
  2  7  0   0  1  0  0  1.  0.7
  2  8 -3   0  1  0  0  1.  0.7
  2  9  0   0  1  0  0  1.  0.7
  2 10 -3   0  1  0  0  1.  0.7
  2 11 -3   0  0  0  0  1.  0.0
  2 12  0   0  0  0  0  1.  0.0
  2 13 -3   0  0  0  0  1.  0.0
  2 14  0   0  0  0  0  1.  0.0
  2 15 -3   0  0  0  0  1.  0.0
  2 16 -3   0  0  0  0  1.  0.0
  2 16 -3   0  0  0  0  1.  0.0
  2 17  0   0  0  0  0  1.  0.0
  2 18 -3   0  0  0  0  1.  0.0
  2 18 -3   0  0  0  0  1.  0.0
  2 19  0   0  0  0  0  1.  0.0
  2 20 -3   0  0  0  0  1.  0.0
  2 21  0   0  0  0  0  1.  0.0
  2 22 -3   0  0  0  0  1.  0.0
  2 23  0   0  0  0  0  1.  0.0
  2 24 -3   0  0  0  0  1.  0.0
  2 25 -3   0  0  0  0  1.  0.0
  2 26  0   0  0  0  0  1.  0.0
  2 27 -3   0  0  0  0  1.  0.0
  2 28  0   0  0  0  0  1.  0.0
  2 29 -3   0  0  0  0  1.  0.0
  2 30  0   0  0  0  0  1.  0.0
  2 31 -3   0  0  0  0  1.  0.0
  2 31 -3   0  0  0  0  1.  0.0
  2 32  0   0  0  0  0  1.  0.0
  2 33 -3   0  0  0  0  1.  0.0
  2 34  0   0  0  0  0  1.  0.0
  2 35 -3   0  0  0  0  1.  0.0
  2 36  0   0  0  0  0  1.  0.0
  3  4  0   0  1  0  0  1.  0.7
  3  5  0   0  1  0  0  1.  0.7
  3  6 -3   0  1  0  0  1.  0.7
  3  6 -3   0  1  0  0  1.  0.7
  3  7  0   0  1  0  0  1.  0.7
  3  8 -3   0  1  0  0  1.  0.7
  3  9  0   0  1  0  0  1.  0.7
  3 10 -3   0  1  0  0  1.  0.7
  3 10 -3   0  1  0  0  1.  0.7
  3 11 -3   0  0  0  0  1.  0.0
  3 12  0   0  0  0  0  1.  0.0
  3 13 -3   0  0  0  0  1.  0.0
  3 14  0   0  0  0  0  1.  0.0
  3 15 -3   0  0  0  0  1.  0.0
  3 16 -3   0  0  0  0  1.  0.0
  3 17  0   0  0  0  0  1.  0.0
  3 18 -3   0  0  0  0  1.  0.0
  3 19  0   0  0  0  0  1.  0.0
  3 20 -3   0  0  0  0  1.  0.0
  3 20 -3   0  0  0  0  1.  0.0
  3 21  0   0  0  0  0  1.  0.0
  3 22 -3   0  0  0  0  1.  0.0
  3 23  0   0  0  0  0  1.  0.0
  3 24 -3   0  0  0  0  1.  0.0
  3 25 -3   0  0  0  0  1.  0.0
  3 26  0   0  0  0  0  1.  0.0
  3 27 -3   0  0  0  0  1.  0.0
  3 28  0   0  0  0  0  1.  0.0
  3 29 -3   0  0  0  0  1.  0.0
  3 30  0   0  0  0  0  1.  0.0
  3 31 -3   0  0  0  0  1.  0.0
  3 31 -3   0  0  0  0  1.  0.0
  3 32  0   0  0  0  0  1.  0.0
  3 33 -3   0  0  0  0  1.  0.0
  3 34  0   0  0  0  0  1.  0.0
  3 35 -3   0  0  0  0  1.  0.0
  3 36  0   0  0  0  0  1.  0.0
  4  5  0   0  1  0  0  1.  0.7
  4  6 -3   0  1  0  0  1.  0.7
  4  6 -3   0  1  0  0  1.  0.7
  4  7  0   0  1  0  0  1.  0.7
  4  8 -3   0  1  0  0  1.  0.7
  4  9  0   0  1  0  0  1.  0.7
  4 10 -3   0  1  0  0  1.  0.7
  4 11 -3   0  0  0  0  1.  0.0
  4 12  0   0  0  0  0  1.  0.0
  4 13 -3   0  0  0  0  1.  0.0
  4 14  0   0  0  0  0  1.  0.0
  4 15 -3   0  0  0  0  1.  0.0
  4 16 -3   0  0  0  0  1.  0.0
  4 17  0   0  0  0  0  1.  0.0
  4 18 -3   0  0  0  0  1.  0.0
  4 19  0   0  0  0  0  1.  0.0
  4 20 -3   0  0  0  0  1.  0.0
  4 20 -3   0  0  0  0  1.  0.0
  4 21  0   0  0  0  0  1.  0.0
  4 22 -3   0  0  0  0  1.  0.0
  4 22 -3   0  0  0  0  1.  0.0
  4 23  0   0  0  0  0  1.  0.0
  4 24 -3   0  0  0  0  1.  0.0
  4 25 -3   0  0  0  0  1.  0.0
  4 26  0   0  0  0  0  1.  0.0
  4 27 -3   0  0  0  0  1.  0.0
  4 28  0   0  0  0  0  1.  0.0
  4 29 -3   0  0  0  0  1.  0.0
  4 30  0   0  0  0  0  1.  0.0
  4 31 -3   0  0  0  0  1.  0.0
  4 31 -3   0  0  0  0  1.  0.0
  4 32  0   0  0  0  0  1.  0.0
  4 33 -3   0  0  0  0  1.  0.0
  4 33 -3   0  0  0  0  1.  0.0
  4 34  0   0  0  0  0  1.  0.0
  4 35 -3   0  0  0  0  1.  0.0
  4 36  0   0  0  0  0  1.  0.0
  5  6  0   0  1  0  0  1.  0.7
  5  7  0   0  1  0  0  1.  0.7
  5  8 -3   0  1  0  0  1.  0.7
  5  9  0   0  1  0  0  1.  0.7
  5 10 -3   0  1  0  0  1.  0.7
  5 10 -3   0  1  0  0  1.  0.7
  5 11 -3   0  0  0  0  1.  0.0
  5 12  0   0  0  0  0  1.  0.0
  5 13 -3   0  0  0  0  1.  0.0
  5 13 -3   0  0  0  0  1.  0.0
  5 14  0   0  0  0  0  1.  0.0
  5 15 -3   0  0  0  0  1.  0.0
  5 15 -3   0  0  0  0  1.  0.0
  5 16 -3   0  0  0  0  1.  0.0
  5 17  0   0  0  0  0  1.  0.0
  5 18 -3   0  0  0  0  1.  0.0
  5 19  0   0  0  0  0  1.  0.0
  5 20 -3   0  0  0  0  1.  0.0
  5 21  0   0  0  0  0  1.  0.0
  5 22 -3   0  0  0  0  1.  0.0
  5 23  0   0  0  0  0  1.  0.0
  5 24 -3   0  0  0  0  1.  0.0
  5 25 -3   0  0  0  0  1.  0.0
  5 25 -3   0  0  0  0  1.  0.0
  5 26  0   0  0  0  0  1.  0.0
  5 27 -3   0  0  0  0  1.  0.0
  5 28  0   0  0  0  0  1.  0.0
  5 29 -3   0  0  0  0  1.  0.0
  5 30  0   0  0  0  0  1.  0.0
  5 31 -3   0  0  0  0  1.  0.0
  5 32  0   0  0  0  0  1.  0.0
  5 33 -3   0  0  0  0  1.  0.0
  5 34  0   0  0  0  0  1.  0.0
  5 35 -3   0  0  0  0  1.  0.0
  5 35 -3   0  0  0  0  1.  0.0
  5 36  0   0  0  0  0  1.  0.0
  6  7  0   0  1  0  0  1.  0.7
  6  8  0   0  1  0  0  1.  0.7
  6  9 -3   0  1  0  0  1.  0.7
  6 10  0   0  1  0  0  1.  0.7
  6 11  0   0  0  0  0  1.  0.0
  6 12 -3   0  0  0  0  1.  0.0
  6 13  0   0  0  0  0  1.  0.0
  6 14 -3   0  0  0  0  1.  0.0
  6 14 -3   0  0  0  0  1.  0.0
  6 15  0   0  0  0  0  1.  0.0
  6 16  0   0  0  0  0  1.  0.0
  6 17 -3   0  0  0  0  1.  0.0
  6 18  0   0  0  0  0  1.  0.0
  6 19 -3   0  0  0  0  1.  0.0
  6 20  0   0  0  0  0  1.  0.0
  6 21 -3   0  0  0  0  1.  0.0
  6 22  0   0  0  0  0  1.  0.0
  6 23 -3   0  0  0  0  1.  0.0
  6 24  0   0  0  0  0  1.  0.0
  6 25  0   0  0  0  0  1.  0.0
  6 26 -3   0  0  0  0  1.  0.0
  6 26 -3   0  0  0  0  1.  0.0
  6 27  0   0  0  0  0  1.  0.0
  6 28 -3   0  0  0  0  1.  0.0
  6 29  0   0  0  0  0  1.  0.0
  6 30 -3   0  0  0  0  1.  0.0
  6 31  0   0  0  0  0  1.  0.0
  6 32 -3   0  0  0  0  1.  0.0
  6 33  0   0  0  0  0  1.  0.0
  6 34 -3   0  0  0  0  1.  0.0
  6 34 -3   0  0  0  0  1.  0.0
  6 35  0   0  0  0  0  1.  0.0
  6 36 -3   0  0  0  0  1.  0.0
  6 36 -3   0  0  0  0  1.  0.0
  7  8  0   0  1  0  0  1.  0.7
  7  9  0   0  1  0  0  1.  0.7
  7 10 -3   0  1  0  0  1.  0.7
  7 11  0   0  0  0  0  1.  0.0
  7 12  0   0  0  0  0  1.  0.0
  7 13  0   0  0  0  0  1.  0.0
  7 14  0   0  0  0  0  1.  0.0
  7 15 -3   0  0  0  0  1.  0.0
  7 16 -3   0  0  0  0  1.  0.0
  7 17  0   0  0  0  0  1.  0.0
  7 18 -3   0  0  0  0  1.  0.0
  7 19  0   0  0  0  0  1.  0.0
  7 20 -3   0  0  0  0  1.  0.0
  7 21  0   0  0  0  0  1.  0.0
  7 22 -3   0  0  0  0  1.  0.0
  7 23  0   0  0  0  0  1.  0.0
  7 24 -3   0  0  0  0  1.  0.0
  7 25 -3   0  0  0  0  1.  0.0
  7 26  0   0  0  0  0  1.  0.0
  7 27 -3   0  0  0  0  1.  0.0
  7 28  0   0  0  0  0  1.  0.0
  7 29 -3   0  0  0  0  1.  0.0
  7 30  0   0  0  0  0  1.  0.0
  7 31 -3   0  0  0  0  1.  0.0
  7 32  0   0  0  0  0  1.  0.0
  7 33 -3   0  0  0  0  1.  0.0
  7 34  0   0  0  0  0  1.  0.0
  7 35 -3   0  0  0  0  1.  0.0
  7 35 -3   0  0  0  0  1.  0.0
  7 36  0   0  0  0  0  1.  0.0
  8  9 -3   0  1  0  0  1.  0.7
  8 10  0   0  1  0  0  1.  0.7
  8 11  0   0  0  0  0  1.  0.0
  8 12 -3   0  0  0  0  1.  0.0
  8 12 -3   0  0  0  0  1.  0.0
  8 13  0   0  0  0  0  1.  0.0
  8 14 -3   0  0  0  0  1.  0.0
  8 15  0   0  0  0  0  1.  0.0
  8 16  0   0  0  0  0  1.  0.0
  8 17 -3   0  0  0  0  1.  0.0
  8 17 -3   0  0  0  0  1.  0.0
  8 18  0   0  0  0  0  1.  0.0
  8 19 -3   0  0  0  0  1.  0.0
  8 20  0   0  0  0  0  1.  0.0
  8 21 -3   0  0  0  0  1.  0.0
  8 22  0   0  0  0  0  1.  0.0
  8 23 -3   0  0  0  0  1.  0.0
  8 24  0   0  0  0  0  1.  0.0
  8 25  0   0  0  0  0  1.  0.0
  8 26 -3   0  0  0  0  1.  0.0
  8 26 -3   0  0  0  0  1.  0.0
  8 27  0   0  0  0  0  1.  0.0
  8 28 -3   0  0  0  0  1.  0.0
  8 29  0   0  0  0  0  1.  0.0
  8 30 -3   0  0  0  0  1.  0.0
  8 31  0   0  0  0  0  1.  0.0
  8 32 -3   0  0  0  0  1.  0.0
  8 33  0   0  0  0  0  1.  0.0
  8 34 -3   0  0  0  0  1.  0.0
  8 35  0   0  0  0  0  1.  0.0
  8 36 -3   0  0  0  0  1.  0.0
  8 36 -3   0  0  0  0  1.  0.0
  9 10  0   0  1  0  0  1.  0.7
  9 11  0   0  0  0  0  1.  0.0
  9 12  0   0  0  0  0  1.  0.0
  9 13 -3   0  0  0  0  1.  0.0
  9 13 -3   0  0  0  0  1.  0.0
  9 14  0   0  0  0  0  1.  0.0
  9 15 -3   0  0  0  0  1.  0.0
  9 15 -3   0  0  0  0  1.  0.0
  9 16 -3   0  0  0  0  1.  0.0
  9 16 -3   0  0  0  0  1.  0.0
  9 17  0   0  0  0  0  1.  0.0
  9 18 -3   0  0  0  0  1.  0.0
  9 18 -3   0  0  0  0  1.  0.0
  9 19  0   0  0  0  0  1.  0.0
  9 20 -3   0  0  0  0  1.  0.0
  9 21  0   0  0  0  0  1.  0.0
  9 22 -3   0  0  0  0  1.  0.0
  9 23  0   0  0  0  0  1.  0.0
  9 24 -3   0  0  0  0  1.  0.0
  9 25 -3   0  0  0  0  1.  0.0
  9 26  0   0  0  0  0  1.  0.0
  9 27 -3   0  0  0  0  1.  0.0
  9 27 -3   0  0  0  0  1.  0.0
  9 28  0   0  0  0  0  1.  0.0
  9 29 -3   0  0  0  0  1.  0.0
  9 29 -3   0  0  0  0  1.  0.0
  9 30  0   0  0  0  0  1.  0.0
  9 31 -3   0  0  0  0  1.  0.0
  9 32  0   0  0  0  0  1.  0.0
  9 33 -3   0  0  0  0  1.  0.0
  9 34  0   0  0  0  0  1.  0.0
  9 35 -3   0  0  0  0  1.  0.0
  9 35 -3   0  0  0  0  1.  0.0
  9 36  0   0  0  0  0  1.  0.0
 10 11  0   0  0  0  0  1.  0.0
 10 12 -3   0  0  0  0  1.  0.0
 10 13  0   0  0  0  0  1.  0.0
 10 14 -3   0  0  0  0  1.  0.0
 10 14 -3   0  0  0  0  1.  0.0
 10 15  0   0  0  0  0  1.  0.0
 10 16  0   0  0  0  0  1.  0.0
 10 17 -3   0  0  0  0  1.  0.0
 10 17 -3   0  0  0  0  1.  0.0
 10 18  0   0  0  0  0  1.  0.0
 10 19 -3   0  0  0  0  1.  0.0
 10 19 -3   0  0  0  0  1.  0.0
 10 20  0   0  0  0  0  1.  0.0
 10 21 -3   0  0  0  0  1.  0.0
 10 22  0   0  0  0  0  1.  0.0
 10 23 -3   0  0  0  0  1.  0.0
 10 24  0   0  0  0  0  1.  0.0
 10 25  0   0  0  0  0  1.  0.0
 10 26 -3   0  0  0  0  1.  0.0
 10 27  0   0  0  0  0  1.  0.0
 10 28 -3   0  0  0  0  1.  0.0
 10 28 -3   0  0  0  0  1.  0.0
 10 29  0   0  0  0  0  1.  0.0
 10 30 -3   0  0  0  0  1.  0.0
 10 31  0   0  0  0  0  1.  0.0
 10 32 -3   0  0  0  0  1.  0.0
 10 33  0   0  0  0  0  1.  0.0
 10 34 -3   0  0  0  0  1.  0.0
 10 35  0   0  0  0  0  1.  0.0
 10 36 -3   0  0  0  0  1.  0.0
 11 12  0   0  1  0  0  1.  0.7
 11 13  0   0  1  0  0  1.  0.7
 11 14  0   0  1  0  0  1.  0.7
 11 15  0   0  1  0  0  1.  0.7
 11 16  0   0  0  0  0  1.  0.0
 11 17 -3   0  0  0  0  1.  0.0
 11 18  0   0  0  0  0  1.  0.0
 11 19 -3   0  0  0  0  1.  0.0
 11 20  0   0  0  0  0  1.  0.0
 11 21 -3   0  0  0  0  1.  0.0
 11 21 -3   0  0  0  0  1.  0.0
 11 22  0   0  0  0  0  1.  0.0
 11 23 -3   0  0  0  0  1.  0.0
 11 24  0   0  0  0  0  1.  0.0
 11 25  0   0  0  0  0  1.  0.0
 11 26 -3   0  0  0  0  1.  0.0
 11 27  0   0  0  0  0  1.  0.0
 11 28 -3   0  0  0  0  1.  0.0
 11 28 -3   0  0  0  0  1.  0.0
 11 29  0   0  0  0  0  1.  0.0
 11 30 -3   0  0  0  0  1.  0.0
 11 31  0   0  0  0  0  1.  0.0
 11 32  0   0  0  0  0  1.  0.0
 11 33  0   0  0  0  0  1.  0.0
 11 34  0   0  0  0  0  1.  0.0
 11 35  0   0  0  0  0  1.  0.0
 11 36  0   0  0  0  0  1.  0.0
 12 13  0   0  1  0  0  1.  0.7
 12 14  0   0  1  0  0  1.  0.7
 12 15 -3   0  1  0  0  1.  0.7
 12 16 -3   0  0  0  0  1.  0.0
 12 16 -3   0  0  0  0  1.  0.0
 12 17  0   0  0  0  0  1.  0.0
 12 18 -3   0  0  0  0  1.  0.0
 12 18 -3   0  0  0  0  1.  0.0
 12 19  0   0  0  0  0  1.  0.0
 12 20 -3   0  0  0  0  1.  0.0
 12 21  0   0  0  0  0  1.  0.0
 12 22 -3   0  0  0  0  1.  0.0
 12 22 -3   0  0  0  0  1.  0.0
 12 23  0   0  0  0  0  1.  0.0
 12 24 -3   0  0  0  0  1.  0.0
 12 25 -3   0  0  0  0  1.  0.0
 12 26  0   0  0  0  0  1.  0.0
 12 27 -3   0  0  0  0  1.  0.0
 12 28  0   0  0  0  0  1.  0.0
 12 29 -3   0  0  0  0  1.  0.0
 12 29 -3   0  0  0  0  1.  0.0
 12 30  0   0  0  0  0  1.  0.0
 12 31 -3   0  0  0  0  1.  0.0
 12 32  0   0  0  0  0  1.  0.0
 12 33 -3   0  0  0  0  1.  0.0
 12 34  0   0  0  0  0  1.  0.0
 12 35 -3   0  0  0  0  1.  0.0
 12 35 -3   0  0  0  0  1.  0.0
 12 36  0   0  0  0  0  1.  0.0
 13 14 -3   0  1  0  0  1.  0.7
 13 15  0   0  1  0  0  1.  0.7
 13 16  0   0  0  0  0  1.  0.0
 13 17 -3   0  0  0  0  1.  0.0
 13 17 -3   0  0  0  0  1.  0.0
 13 18  0   0  0  0  0  1.  0.0
 13 19 -3   0  0  0  0  1.  0.0
 13 19 -3   0  0  0  0  1.  0.0
 13 20  0   0  0  0  0  1.  0.0
 13 21 -3   0  0  0  0  1.  0.0
 13 21 -3   0  0  0  0  1.  0.0
 13 22  0   0  0  0  0  1.  0.0
 13 23 -3   0  0  0  0  1.  0.0
 13 24  0   0  0  0  0  1.  0.0
 13 25  0   0  0  0  0  1.  0.0
 13 26 -3   0  0  0  0  1.  0.0
 13 27  0   0  0  0  0  1.  0.0
 13 28 -3   0  0  0  0  1.  0.0
 13 28 -3   0  0  0  0  1.  0.0
 13 29  0   0  0  0  0  1.  0.0
 13 30 -3   0  0  0  0  1.  0.0
 13 30 -3   0  0  0  0  1.  0.0
 13 31  0   0  0  0  0  1.  0.0
 13 32 -3   0  0  0  0  1.  0.0
 13 33  0   0  0  0  0  1.  0.0
 13 34 -3   0  0  0  0  1.  0.0
 13 35  0   0  0  0  0  1.  0.0
 13 36 -3   0  0  0  0  1.  0.0
 14 15  0   0  1  0  0  1.  0.7
 14 16 -3   0  0  0  0  1.  0.0
 14 17  0   0  0  0  0  1.  0.0
 14 18 -3   0  0  0  0  1.  0.0
 14 18 -3   0  0  0  0  1.  0.0
 14 19  0   0  0  0  0  1.  0.0
 14 20 -3   0  0  0  0  1.  0.0
 14 20 -3   0  0  0  0  1.  0.0
 14 21  0   0  0  0  0  1.  0.0
 14 22 -3   0  0  0  0  1.  0.0
 14 22 -3   0  0  0  0  1.  0.0
 14 23  0   0  0  0  0  1.  0.0
 14 24 -3   0  0  0  0  1.  0.0
 14 24 -3   0  0  0  0  1.  0.0
 14 25 -3   0  0  0  0  1.  0.0
 14 26  0   0  0  0  0  1.  0.0
 14 27 -3   0  0  0  0  1.  0.0
 14 28  0   0  0  0  0  1.  0.0
 14 29 -3   0  0  0  0  1.  0.0
 14 30  0   0  0  0  0  1.  0.0
 14 31 -3   0  0  0  0  1.  0.0
 14 31 -3   0  0  0  0  1.  0.0
 14 32  0   0  0  0  0  1.  0.0
 14 33 -3   0  0  0  0  1.  0.0
 14 34  0   0  0  0  0  1.  0.0
 14 35 -3   0  0  0  0  1.  0.0
 14 36  0   0  0  0  0  1.  0.0
 15 16  0   0  0  0  0  1.  0.0
 15 17 -3   0  0  0  0  1.  0.0
 15 18  0   0  0  0  0  1.  0.0
 15 19 -3   0  0  0  0  1.  0.0
 15 19 -3   0  0  0  0  1.  0.0
 15 20  0   0  0  0  0  1.  0.0
 15 21 -3   0  0  0  0  1.  0.0
 15 21 -3   0  0  0  0  1.  0.0
 15 21 -3   0  0  0  0  1.  0.0
 15 22  0   0  0  0  0  1.  0.0
 15 23 -3   0  0  0  0  1.  0.0
 15 23 -3   0  0  0  0  1.  0.0
 15 24  0   0  0  0  0  1.  0.0
 15 25  0   0  0  0  0  1.  0.0
 15 26 -3   0  0  0  0  1.  0.0
 15 27  0   0  0  0  0  1.  0.0
 15 28 -3   0  0  0  0  1.  0.0
 15 29  0   0  0  0  0  1.  0.0
 15 30 -3   0  0  0  0  1.  0.0
 15 30 -3   0  0  0  0  1.  0.0
 15 31  0   0  0  0  0  1.  0.0
 15 32 -3   0  0  0  0  1.  0.0
 15 33  0   0  0  0  0  1.  0.0
 15 34 -3   0  0  0  0  1.  0.0
 15 35  0   0  0  0  0  1.  0.0
 15 36 -3   0  0  0  0  1.  0.0
 16 17  0   0  1  0  0  1.  0.7
 16 18  0   0  1  0  0  1.  0.7
 16 19 -3   0  0  0  0  1.  0.0
 16 20  0   0  0  0  0  1.  0.0
 16 21 -3   0  0  0  0  1.  0.0
 16 21 -3   0  0  0  0  1.  0.0
 16 22  0   0  0  0  0  1.  0.0
 16 23 -3   0  0  0  0  1.  0.0
 16 24  0   0  0  0  0  1.  0.0
 16 25  0   0  0  0  0  1.  0.0
 16 26 -3   0  0  0  0  1.  0.0
 16 26 -3   0  0  0  0  1.  0.0
 16 27  0   0  0  0  0  1.  0.0
 16 28 -3   0  0  0  0  1.  0.0
 16 29  0   0  0  0  0  1.  0.0
 16 30 -3   0  0  0  0  1.  0.0
 16 30 -3   0  0  0  0  1.  0.0
 16 31  0   0  0  0  0  1.  0.0
 16 32 -3   0  0  0  0  1.  0.0
 16 32 -3   0  0  0  0  1.  0.0
 16 33  0   0  0  0  0  1.  0.0
 16 34 -3   0  0  0  0  1.  0.0
 16 35  0   0  0  0  0  1.  0.0
 16 36 -3   0  0  0  0  1.  0.0
 17 18 -3   0  1  0  0  1.  0.7
 17 19  0   0  0  0  0  1.  0.0
 17 20 -3   0  0  0  0  1.  0.0
 17 21  0   0  0  0  0  1.  0.0
 17 22 -3   0  0  0  0  1.  0.0
 17 22 -3   0  0  0  0  1.  0.0
 17 23  0   0  0  0  0  1.  0.0
 17 24 -3   0  0  0  0  1.  0.0
 17 25 -3   0  0  0  0  1.  0.0
 17 25 -3   0  0  0  0  1.  0.0
 17 26  0   0  0  0  0  1.  0.0
 17 27 -3   0  0  0  0  1.  0.0
 17 28  0   0  0  0  0  1.  0.0
 17 29 -3   0  0  0  0  1.  0.0
 17 30  0   0  0  0  0  1.  0.0
 17 31 -3   0  0  0  0  1.  0.0
 17 31 -3   0  0  0  0  1.  0.0
 17 32  0   0  0  0  0  1.  0.0
 17 33 -3   0  0  0  0  1.  0.0
 17 34  0   0  0  0  0  1.  0.0
 17 35 -3   0  0  0  0  1.  0.0
 17 36  0   0  0  0  0  1.  0.0
 18 19 -3   0  0  0  0  1.  0.0
 18 20  0   0  0  0  0  1.  0.0
 18 21 -3   0  0  0  0  1.  0.0
 18 21 -3   0  0  0  0  1.  0.0
 18 22  0   0  0  0  0  1.  0.0
 18 23 -3   0  0  0  0  1.  0.0
 18 23 -3   0  0  0  0  1.  0.0
 18 24  0   0  0  0  0  1.  0.0
 18 25  0   0  0  0  0  1.  0.0
 18 26 -3   0  0  0  0  1.  0.0
 18 26 -3   0  0  0  0  1.  0.0
 18 27  0   0  0  0  0  1.  0.0
 18 28 -3   0  0  0  0  1.  0.0
 18 29  0   0  0  0  0  1.  0.0
 18 30 -3   0  0  0  0  1.  0.0
 18 31  0   0  0  0  0  1.  0.0
 18 32 -3   0  0  0  0  1.  0.0
 18 32 -3   0  0  0  0  1.  0.0
 18 33  0   0  0  0  0  1.  0.0
 18 34 -3   0  0  0  0  1.  0.0
 18 35  0   0  0  0  0  1.  0.0
 18 36 -3   0  0  0  0  1.  0.0
 19 20 -3   0  0  0  0  1.  0.0
 19 21  0   0  0  0  0  1.  0.0
 19 22 -3   0  0  0  0  1.  0.0
 19 23  0   0  0  0  0  1.  0.0
 19 24 -3   0  0  0  0  1.  0.0
 19 24 -3   0  0  0  0  1.  0.0
 19 25 -3   0  0  0  0  1.  0.0
 19 26  0   0  0  0  0  1.  0.0
 19 27 -3   0  0  0  0  1.  0.0
 19 27 -3   0  0  0  0  1.  0.0
 19 28  0   0  0  0  0  1.  0.0
 19 29 -3   0  0  0  0  1.  0.0
 19 30  0   0  0  0  0  1.  0.0
 19 31 -3   0  0  0  0  1.  0.0
 19 32  0   0  0  0  0  1.  0.0
 19 33  0   0  0  0  0  1.  0.0
 19 34  0   0  0  0  0  1.  0.0
 19 35 -3   0  0  0  0  1.  0.0
 19 36  0   0  0  0  0  1.  0.0
 20 21 -3   0  0  0  0  1.  0.0
 20 22  0   0  0  0  0  1.  0.0
 20 23 -3   0  0  0  0  1.  0.0
 20 23 -3   0  0  0  0  1.  0.0
 20 24  0   0  0  0  0  1.  0.0
 20 25  0   0  0  0  0  1.  0.0
 20 26 -3   0  0  0  0  1.  0.0
 20 26 -3   0  0  0  0  1.  0.0
 20 26 -3   0  0  0  0  1.  0.0
 20 27  0   0  0  0  0  1.  0.0
 20 28 -3   0  0  0  0  1.  0.0
 20 28 -3   0  0  0  0  1.  0.0
 20 29  0   0  0  0  0  1.  0.0
 20 30 -3   0  0  0  0  1.  0.0
 20 31  0   0  0  0  0  1.  0.0
 20 32 -3   0  0  0  0  1.  0.0
 20 32 -3   0  0  0  0  1.  0.0
 20 33  0   0  0  0  0  1.  0.0
 20 34 -3   0  0  0  0  1.  0.0
 20 34 -3   0  0  0  0  1.  0.0
 20 35  0   0  0  0  0  1.  0.0
 20 36 -3   0  0  0  0  1.  0.0
 21 22 -3   0  0  0  0  1.  0.0
 21 23  0   0  0  0  0  1.  0.0
 21 24 -3   0  0  0  0  1.  0.0
 21 25 -3   0  0  0  0  1.  0.0
 21 25 -3   0  0  0  0  1.  0.0
 21 26  0   0  0  0  0  1.  0.0
 21 27 -3   0  0  0  0  1.  0.0
 21 27 -3   0  0  0  0  1.  0.0
 21 27 -3   0  0  0  0  1.  0.0
 21 28  0   0  0  0  0  1.  0.0
 21 29 -3   0  0  0  0  1.  0.0
 21 29 -3   0  0  0  0  1.  0.0
 21 30  0   0  0  0  0  1.  0.0
 21 31 -3   0  0  0  0  1.  0.0
 21 32  0   0  0  0  0  1.  0.0
 21 33 -3   0  0  0  0  1.  0.0
 21 34  0   0  0  0  0  1.  0.0
 21 35 -3   0  0  0  0  1.  0.0
 21 36  0   0  0  0  0  1.  0.0
 22 23 -3   0  0  0  0  1.  0.0
 22 24  0   0  0  0  0  1.  0.0
 22 25  0   0  0  0  0  1.  0.0
 22 26 -3   0  0  0  0  1.  0.0
 22 26 -3   0  0  0  0  1.  0.0
 22 27  0   0  0  0  0  1.  0.0
 22 28 -3   0  0  0  0  1.  0.0
 22 28 -3   0  0  0  0  1.  0.0
 22 29  0   0  0  0  0  1.  0.0
 22 30 -3   0  0  0  0  1.  0.0
 22 31  0   0  0  0  0  1.  0.0
 22 32 -3   0  0  0  0  1.  0.0
 22 33  0   0  0  0  0  1.  0.0
 22 34 -3   0  0  0  0  1.  0.0
 22 34 -3   0  0  0  0  1.  0.0
 22 35  0   0  0  0  0  1.  0.0
 22 36 -3   0  0  0  0  1.  0.0
 23 24  0   0  0  0  0  1.  0.0
 23 25  0   0  0  0  0  1.  0.0
 23 26  0   0  0  0  0  1.  0.0
 23 27  0   0  0  0  0  1.  0.0
 23 28  0   0  0  0  0  1.  0.0
 23 29  0   0  0  0  0  1.  0.0
 23 30  0   0  0  0  0  1.  0.0
 23 31  0   0  0  0  0  1.  0.0
 23 32  0   0  0  0  0  1.  0.0
 23 33  0   0  0  0  0  1.  0.0
 23 34  0   0  0  0  0  1.  0.0
 23 35  0   0  0  0  0  1.  0.0
 23 36  0   0  0  0  0  1.  0.0
 24 25  0   0  0  0  0  1.  0.0
 24 26  0   0  0  0  0  1.  0.0
 24 27  0   0  0  0  0  1.  0.0
 24 28  0   0  0  0  0  1.  0.0
 24 29  0   0  0  0  0  1.  0.0
 24 30  0   0  0  0  0  1.  0.0
 24 31  0   0  0  0  0  1.  0.0
 24 32  0   0  0  0  0  1.  0.0
 24 33  0   0  0  0  0  1.  0.0
 24 34  0   0  0  0  0  1.  0.0
 24 35  0   0  0  0  0  1.  0.0
 24 36  0   0  0  0  0  1.  0.0
 25 26  0   0  0  0  0  1.  0.0
 25 27  0   0  0  0  0  1.  0.0
 25 28  0   0  0  0  0  1.  0.0
 25 29  0   0  0  0  0  1.  0.0
 25 30  0   0  0  0  0  1.  0.0
 25 31  0   0  0  0  0  1.  0.0
 25 32  0   0  0  0  0  1.  0.0
 25 33  0   0  0  0  0  1.  0.0
 25 34  0   0  0  0  0  1.  0.0
 25 35  0   0  0  0  0  1.  0.0
 25 36  0   0  0  0  0  1.  0.0
 26 27  0   0  0  0  0  1.  0.0
 26 28  0   0  0  0  0  1.  0.0
 26 29  0   0  0  0  0  1.  0.0
 26 30  0   0  0  0  0  1.  0.0
 26 31  0   0  0  0  0  1.  0.0
 26 32  0   0  0  0  0  1.  0.0
 26 33  0   0  0  0  0  1.  0.0
 26 34  0   0  0  0  0  1.  0.0
 26 35  0   0  0  0  0  1.  0.0
 26 36  0   0  0  0  0  1.  0.0
 27 28  0   0  0  0  0  1.  0.0
 27 29  0   0  0  0  0  1.  0.0
 27 30  0   0  0  0  0  1.  0.0
 27 31  0   0  0  0  0  1.  0.0
 27 32  0   0  0  0  0  1.  0.0
 27 33  0   0  0  0  0  1.  0.0
 27 34  0   0  0  0  0  1.  0.0
 27 35  0   0  0  0  0  1.  0.0
 27 36  0   0  0  0  0  1.  0.0
 28 29  0   0  0  0  0  1.  0.0
 28 30  0   0  0  0  0  1.  0.0
 28 31  0   0  0  0  0  1.  0.0
 28 32  0   0  0  0  0  1.  0.0
 28 33  0   0  0  0  0  1.  0.0
 28 34  0   0  0  0  0  1.  0.0
 28 35  0   0  0  0  0  1.  0.0
 28 36  0   0  0  0  0  1.  0.0
 29 30  0   0  0  0  0  1.  0.0
 29 31  0   0  0  0  0  1.  0.0
 29 32  0   0  0  0  0  1.  0.0
 29 33  0   0  0  0  0  1.  0.0
 29 34  0   0  0  0  0  1.  0.0
 29 35  0   0  0  0  0  1.  0.0
 29 36  0   0  0  0  0  1.  0.0
 30 31  0   0  0  0  0  1.  0.0
 30 32  0   0  0  0  0  1.  0.0
 30 33  0   0  0  0  0  1.  0.0
 30 34  0   0  0  0  0  1.  0.0
 30 35  0   0  0  0  0  1.  0.0
 30 36  0   0  0  0  0  1.  0.0
 31 32  0   0  0  0  0  1.  0.0
 31 33  0   0  0  0  0  1.  0.0
 31 34  0   0  0  0  0  1.  0.0
 31 35  0   0  0  0  0  1.  0.0
 31 36  0   0  0  0  0  1.  0.0
 32 33  0   0  0  0  0  1.  0.0
 32 34  0   0  0  0  0  1.  0.0
 32 35  0   0  0  0  0  1.  0.0
 32 36  0   0  0  0  0  1.  0.0
 33 34  0   0  0  0  0  1.  0.0
 33 35  0   0  0  0  0  1.  0.0
 33 36  0   0  0  0  0  1.  0.0
 34 35  0   0  0  0  0  1.  0.0
 34 36  0   0  0  0  0  1.  0.0
 35 36  0   0  0  0  0  1.  0.0
