****** Levels
 8.47531542E+15    21.   2  ' even   1 '  2  0.     0
 7.94514202E+15    23.   2  ' even   2 '  2  0.     0
 6.78032207E+15    57.   2  ' even   3 '  2  0.     0
 6.11886635E+15   136.   2  ' even   4 '  2  0.     0
 5.53609214E+15    28.   2  ' even   5 '  2  0.     0
 5.08272200E+15   165.   2  '  odd   1 '  2  0.     0
 4.83202300E+15    20.   2  ' even   6 '  2  0.     0
 4.40875101E+15   411.   3  '  odd   2 '  2  0.     0
 3.88567850E+15    25.   3  ' even   7 '  2  0.     0
 3.79934219E+15    84.   3  '  odd   3 '  2  0.     0
 3.08808147E+15    60.   3  '  odd   4 '  2  0.  -110
 2.97400601E+15   463.   3  ' even   8 '  2  0.  -110
 2.35272456E+15   453.   4  '  odd   5 '  2  0.  -110
 2.30389696E+15   819.   4  ' even   9 '  2  0.  -110
 1.69578461E+15  1457.   4  '  odd   6 '  2  0.  -110
 1.69350211E+15   553.   4  ' even  10 '  2  0.  -110
 1.16160511E+15  2460.   5  '  odd   7 '  2  0.  -110
 9.68023353E+14  2533.   6  ' even  11 '  2  0.  -110
 4.73558737E+14  8281.   8  '  odd   8 '  2  0.  -110
 2.22542696E+14  9192.  12  ' even  12 '  2  0.  -110
-1.88199745E+14 10153.  20  '  odd   9 '  0  0.  -110
-6.70805231E+14  9882.  20  ' even  13 '  0  0.  -110
-8.26269769E+14  3029.  20  '  odd  10 '  0  0.  -110
-1.67725832E+15  3588.  20  ' even  14 '  0  0.  -110
-1.68814531E+15  3674.  20  '  odd  11 '  0  0.  -110
-2.43922218E+15  4369.  20  '  odd  12 '  0  0.  -110
-2.59980852E+15  5024.  20  ' even  15 '  0  0.  -110
-3.12912623E+15  7778.  20  '  odd  13 '  0  0.  -110
-3.52093677E+15  7309.  20  ' even  16 '  0  0.  -110
-3.81106211E+15  4086.  20  '  odd  14 '  0  0.  -110
-4.53387601E+15  1452.  20  '  odd  15 '  0  0.  -110
-4.55400535E+15  2204.  20  ' even  17 '  0  0.  -110
-5.34686960E+15   288.  20  '  odd  16 '  0  0.  -110
-5.59179696E+15   244.  20  ' even  18 '  0  0.  -110
-5.97421553E+15   112.  20  '  odd  17 '  0  0.  -110
-6.47140490E+15    44.  20  ' even  19 '  0  0.  -110
****** Continuum transitions
  1 37  1  72  0  0  0  4.93E-19  0.
  2 37  1  72  0  0  0  5.09E-19  0.
  3 37  1  72  0  0  0  5.51E-19  0.
  4 37  1  72  0  0  0  5.80E-19  0.
  5 37  1  72  0  0  0  6.09E-19  0.
  6 37  1  72  0  0  0  6.36E-19  0.
  7 37  1  72  0  0  0  6.52E-19  0.
  8 37  1  72  0  0  0  6.83E-19  0.
  9 37  1  72  0  0  0  7.27E-19  0.
 10 37  1  72  0  0  0  7.36E-19  0.
 11 37  1  72  0  0  0  8.16E-19  0.
 12 37  1  72  0  0  0  8.32E-19  0.
 13 37  1  72  0  0  0  9.35E-19  0.
 14 37  1  72  0  0  0  9.45E-19  0.
 15 37  1  72  0  0  0  1.10E-18  0.
 16 37  1  72  0  0  0  1.10E-18  0.
 17 37  1  72  0  0  0  1.33E-18  0.
 18 37  1  72  0  0  0  1.46E-18  0.
 19 37  1  72  0  0  0  2.08E-18  0.
 20 37  1  72  0  0  0  3.04E-18  0.
 21 37  0   0  0  0  0  1.00E-12  0.
 22 37  0   0  0  0  0  1.00E-12  0.
 23 37  0   0  0  0  0  1.00E-12  0.
 24 37  0   0  0  0  0  1.00E-12  0.
 25 37  0   0  0  0  0  1.00E-12  0.
 26 37  0   0  0  0  0  1.00E-12  0.
 27 37  0   0  0  0  0  1.00E-12  0.
 28 37  0   0  0  0  0  1.00E-12  0.
 29 37  0   0  0  0  0  1.00E-12  0.
 30 37  0   0  0  0  0  1.00E-12  0.
 31 37  0   0  0  0  0  1.00E-12  0.
 32 37  0   0  0  0  0  1.00E-12  0.
 33 37  0   0  0  0  0  1.00E-12  0.
 34 37  0   0  0  0  0  1.00E-12  0.
 35 37  0   0  0  0  0  1.00E-12  0.
 36 37  0   0  0  0  0  1.00E-12  0.
*** Line transitions
  1  2  0   0  9  0  0  0.  0.05
  1  3  0   0  9  0  0  0.  0.05
  1  4  0   0  9  0  0  0.  0.05
  1  5  0   0  9  0  0  0.  0.05
  1  6 -3   0  9  0  0  0.  0.05
  1  6 -3   0  9  0  0  0.  0.05
  1  7  0   0  9  0  0  0.  0.05
  1  8 -3   0  9  0  0  0.  0.05
  1  9  0   0  9  0  0  0.  0.05
  1 10 -3   0  9  0  0  0.  0.05
  1 11 -3   0  9  0  0  0.  0.05
  1 12  0   0  9  0  0  0.  0.05
  1 13 -3   0  9  0  0  0.  0.05
  1 13 -3   0  9  0  0  0.  0.05
  1 14  0   0  9  0  0  0.  0.05
  1 15 -3   0  9  0  0  0.  0.05
  1 16  0   0  9  0  0  0.  0.05
  1 17 -3   0  9  0  0  0.  0.05
  1 18  0   0  9  0  0  0.  0.05
  1 19 -3   0  9  0  0  0.  0.05
  1 20  0   0  9  0  0  0.  0.05
  1 21 -3   0  9  0  0  0.  0.05
  1 22  0   0  9  0  0  0.  0.05
  1 23 -3   0  9  0  0  0.  0.05
  1 24  0   0  9  0  0  0.  0.05
  1 25 -3   0  9  0  0  0.  0.05
  1 26 -3   0  9  0  0  0.  0.05
  1 27  0   0  9  0  0  0.  0.05
  1 28 -3   0  9  0  0  0.  0.05
  1 29  0   0  9  0  0  0.  0.05
  1 30 -3   0  9  0  0  0.  0.05
  1 31 -3   0  9  0  0  0.  0.05
  1 31 -3   0  9  0  0  0.  0.05
  1 32  0   0  9  0  0  0.  0.05
  1 33 -3   0  9  0  0  0.  0.05
  1 34  0   0  9  0  0  0.  0.05
  1 35 -3   0  9  0  0  0.  0.05
  1 36  0   0  9  0  0  0.  0.05
  2  3  0   0  9  0  0  0.  0.05
  2  4  0   0  9  0  0  0.  0.05
  2  5  0   0  9  0  0  0.  0.05
  2  6 -3   0  9  0  0  0.  0.05
  2  7  0   0  9  0  0  0.  0.05
  2  8 -3   0  9  0  0  0.  0.05
  2  8 -3   0  9  0  0  0.  0.05
  2  9  0   0  9  0  0  0.  0.05
  2 10 -3   0  9  0  0  0.  0.05
  2 11 -3   0  9  0  0  0.  0.05
  2 12  0   0  9  0  0  0.  0.05
  2 13 -3   0  9  0  0  0.  0.05
  2 13 -3   0  9  0  0  0.  0.05
  2 14  0   0  9  0  0  0.  0.05
  2 15 -3   0  9  0  0  0.  0.05
  2 15 -3   0  9  0  0  0.  0.05
  2 16  0   0  9  0  0  0.  0.05
  2 17 -3   0  9  0  0  0.  0.05
  2 18  0   0  9  0  0  0.  0.05
  2 19 -3   0  9  0  0  0.  0.05
  2 20  0   0  9  0  0  0.  0.05
  2 21 -3   0  9  0  0  0.  0.05
  2 22  0   0  9  0  0  0.  0.05
  2 23 -3   0  9  0  0  0.  0.05
  2 24  0   0  9  0  0  0.  0.05
  2 25 -3   0  9  0  0  0.  0.05
  2 26 -3   0  9  0  0  0.  0.05
  2 27  0   0  9  0  0  0.  0.05
  2 28 -3   0  9  0  0  0.  0.05
  2 29  0   0  9  0  0  0.  0.05
  2 30 -3   0  9  0  0  0.  0.05
  2 31 -3   0  9  0  0  0.  0.05
  2 32  0   0  9  0  0  0.  0.05
  2 33 -3   0  9  0  0  0.  0.05
  2 33 -3   0  9  0  0  0.  0.05
  2 34  0   0  9  0  0  0.  0.05
  2 35 -3   0  9  0  0  0.  0.05
  2 36  0   0  9  0  0  0.  0.05
  3  4  0   0  9  0  0  0.  0.05
  3  5  0   0  9  0  0  0.  0.05
  3  6 -3   0  9  0  0  0.  0.05
  3  6 -3   0  9  0  0  0.  0.05
  3  7  0   0  9  0  0  0.  0.05
  3  8 -3   0  9  0  0  0.  0.05
  3  9  0   0  9  0  0  0.  0.05
  3 10 -3   0  9  0  0  0.  0.05
  3 11 -3   0  9  0  0  0.  0.05
  3 12  0   0  9  0  0  0.  0.05
  3 13 -3   0  9  0  0  0.  0.05
  3 14  0   0  9  0  0  0.  0.05
  3 15 -3   0  9  0  0  0.  0.05
  3 16  0   0  9  0  0  0.  0.05
  3 17 -3   0  9  0  0  0.  0.05
  3 17 -3   0  9  0  0  0.  0.05
  3 18  0   0  9  0  0  0.  0.05
  3 19 -3   0  9  0  0  0.  0.05
  3 19 -3   0  9  0  0  0.  0.05
  3 20  0   0  9  0  0  0.  0.05
  3 21 -3   0  9  0  0  0.  0.05
  3 22  0   0  9  0  0  0.  0.05
  3 23 -3   0  9  0  0  0.  0.05
  3 24  0   0  9  0  0  0.  0.05
  3 25 -3   0  9  0  0  0.  0.05
  3 26 -3   0  9  0  0  0.  0.05
  3 27  0   0  9  0  0  0.  0.05
  3 28 -3   0  9  0  0  0.  0.05
  3 29  0   0  9  0  0  0.  0.05
  3 30 -3   0  9  0  0  0.  0.05
  3 31 -3   0  9  0  0  0.  0.05
  3 32  0   0  9  0  0  0.  0.05
  3 33 -3   0  9  0  0  0.  0.05
  3 34  0   0  9  0  0  0.  0.05
  3 35 -3   0  9  0  0  0.  0.05
  3 35 -3   0  9  0  0  0.  0.05
  3 36  0   0  9  0  0  0.  0.05
  4  5  0   0  9  0  0  0.  0.05
  4  6 -3   0  9  0  0  0.  0.05
  4  7  0   0  9  0  0  0.  0.05
  4  8 -3   0  9  0  0  0.  0.05
  4  8 -3   0  9  0  0  0.  0.05
  4  9  0   0  9  0  0  0.  0.05
  4 10 -3   0  9  0  0  0.  0.05
  4 11 -3   0  9  0  0  0.  0.05
  4 11 -3   0  9  0  0  0.  0.05
  4 12  0   0  9  0  0  0.  0.05
  4 13 -3   0  9  0  0  0.  0.05
  4 14  0   0  9  0  0  0.  0.05
  4 15 -3   0  9  0  0  0.  0.05
  4 16  0   0  9  0  0  0.  0.05
  4 17 -3   0  9  0  0  0.  0.05
  4 18  0   0  9  0  0  0.  0.05
  4 19 -3   0  9  0  0  0.  0.05
  4 19 -3   0  9  0  0  0.  0.05
  4 20  0   0  9  0  0  0.  0.05
  4 21 -3   0  9  0  0  0.  0.05
  4 21 -3   0  9  0  0  0.  0.05
  4 22  0   0  9  0  0  0.  0.05
  4 23 -3   0  9  0  0  0.  0.05
  4 24  0   0  9  0  0  0.  0.05
  4 25 -3   0  9  0  0  0.  0.05
  4 26 -3   0  9  0  0  0.  0.05
  4 27  0   0  9  0  0  0.  0.05
  4 28 -3   0  9  0  0  0.  0.05
  4 29  0   0  9  0  0  0.  0.05
  4 30 -3   0  9  0  0  0.  0.05
  4 31 -3   0  9  0  0  0.  0.05
  4 32  0   0  9  0  0  0.  0.05
  4 33 -3   0  9  0  0  0.  0.05
  4 34  0   0  9  0  0  0.  0.05
  4 35 -3   0  9  0  0  0.  0.05
  4 36  0   0  9  0  0  0.  0.05
  5  6 -3   0  9  0  0  0.  0.05
  5  7  0   0  9  0  0  0.  0.05
  5  8 -3   0  9  0  0  0.  0.05
  5  8 -3   0  9  0  0  0.  0.05
  5  9  0   0  9  0  0  0.  0.05
  5 10 -3   0  9  0  0  0.  0.05
  5 11 -3   0  9  0  0  0.  0.05
  5 12  0   0  9  0  0  0.  0.05
  5 13 -3   0  9  0  0  0.  0.05
  5 13 -3   0  9  0  0  0.  0.05
  5 14  0   0  9  0  0  0.  0.05
  5 15 -3   0  9  0  0  0.  0.05
  5 16  0   0  9  0  0  0.  0.05
  5 17 -3   0  9  0  0  0.  0.05
  5 18  0   0  9  0  0  0.  0.05
  5 19 -3   0  9  0  0  0.  0.05
  5 20  0   0  9  0  0  0.  0.05
  5 21 -3   0  9  0  0  0.  0.05
  5 21 -3   0  9  0  0  0.  0.05
  5 22  0   0  9  0  0  0.  0.05
  5 23 -3   0  9  0  0  0.  0.05
  5 23 -3   0  9  0  0  0.  0.05
  5 24  0   0  9  0  0  0.  0.05
  5 25 -3   0  9  0  0  0.  0.05
  5 26 -3   0  9  0  0  0.  0.05
  5 27  0   0  9  0  0  0.  0.05
  5 28 -3   0  9  0  0  0.  0.05
  5 29  0   0  9  0  0  0.  0.05
  5 30 -3   0  9  0  0  0.  0.05
  5 31 -3   0  9  0  0  0.  0.05
  5 32  0   0  9  0  0  0.  0.05
  5 33 -3   0  9  0  0  0.  0.05
  5 34  0   0  9  0  0  0.  0.05
  5 35 -3   0  9  0  0  0.  0.05
  5 36  0   0  9  0  0  0.  0.05
  6  7  0   0  9  0  0  0.  0.05
  6  8  0   0  9  0  0  0.  0.05
  6  9 -3   0  9  0  0  0.  0.05
  6 10  0   0  9  0  0  0.  0.05
  6 11  0   0  9  0  0  0.  0.05
  6 12 -3   0  9  0  0  0.  0.05
  6 13  0   0  9  0  0  0.  0.05
  6 14 -3   0  9  0  0  0.  0.05
  6 15  0   0  9  0  0  0.  0.05
  6 16 -3   0  9  0  0  0.  0.05
  6 16 -3   0  9  0  0  0.  0.05
  6 17  0   0  9  0  0  0.  0.05
  6 18 -3   0  9  0  0  0.  0.05
  6 19  0   0  9  0  0  0.  0.05
  6 20 -3   0  9  0  0  0.  0.05
  6 21  0   0  9  0  0  0.  0.05
  6 22 -3   0  9  0  0  0.  0.05
  6 22 -3   0  9  0  0  0.  0.05
  6 23  0   0  9  0  0  0.  0.05
  6 24 -3   0  9  0  0  0.  0.05
  6 25  0   0  9  0  0  0.  0.05
  6 26  0   0  9  0  0  0.  0.05
  6 27 -3   0  9  0  0  0.  0.05
  6 28  0   0  9  0  0  0.  0.05
  6 29 -3   0  9  0  0  0.  0.05
  6 30  0   0  9  0  0  0.  0.05
  6 31  0   0  9  0  0  0.  0.05
  6 32 -3   0  9  0  0  0.  0.05
  6 33  0   0  9  0  0  0.  0.05
  6 34  0   0  9  0  0  0.  0.05
  6 35  0   0  9  0  0  0.  0.05
  6 36  0   0  9  0  0  0.  0.05
  7  8 -3   0  9  0  0  0.  0.05
  7  9  0   0  9  0  0  0.  0.05
  7 10 -3   0  9  0  0  0.  0.05
  7 11 -3   0  9  0  0  0.  0.05
  7 12  0   0  9  0  0  0.  0.05
  7 13 -3   0  9  0  0  0.  0.05
  7 14  0   0  9  0  0  0.  0.05
  7 15 -3   0  9  0  0  0.  0.05
  7 15 -3   0  9  0  0  0.  0.05
  7 16  0   0  9  0  0  0.  0.05
  7 17 -3   0  9  0  0  0.  0.05
  7 18  0   0  9  0  0  0.  0.05
  7 19 -3   0  9  0  0  0.  0.05
  7 20  0   0  9  0  0  0.  0.05
  7 21 -3   0  9  0  0  0.  0.05
  7 22  0   0  9  0  0  0.  0.05
  7 23 -3   0  9  0  0  0.  0.05
  7 23 -3   0  9  0  0  0.  0.05
  7 24  0   0  9  0  0  0.  0.05
  7 25 -3   0  9  0  0  0.  0.05
  7 26 -3   0  9  0  0  0.  0.05
  7 27  0   0  9  0  0  0.  0.05
  7 28 -3   0  9  0  0  0.  0.05
  7 29  0   0  9  0  0  0.  0.05
  7 30 -3   0  9  0  0  0.  0.05
  7 31 -3   0  9  0  0  0.  0.05
  7 32  0   0  9  0  0  0.  0.05
  7 33 -3   0  9  0  0  0.  0.05
  7 34  0   0  9  0  0  0.  0.05
  7 35 -3   0  9  0  0  0.  0.05
  7 36  0   0  9  0  0  0.  0.05
  8  9 -3   0  9  0  0  0.  0.05
  8  9 -3   0  9  0  0  0.  0.05
  8 10  0   0  9  0  0  0.  0.05
  8 11  0   0  9  0  0  0.  0.05
  8 12 -3   0  9  0  0  0.  0.05
  8 12 -3   0  9  0  0  0.  0.05
  8 13  0   0  9  0  0  0.  0.05
  8 14 -3   0  9  0  0  0.  0.05
  8 15  0   0  9  0  0  0.  0.05
  8 16 -3   0  9  0  0  0.  0.05
  8 16 -3   0  9  0  0  0.  0.05
  8 17  0   0  9  0  0  0.  0.05
  8 18 -3   0  9  0  0  0.  0.05
  8 18 -3   0  9  0  0  0.  0.05
  8 19  0   0  9  0  0  0.  0.05
  8 20 -3   0  9  0  0  0.  0.05
  8 21  0   0  9  0  0  0.  0.05
  8 22 -3   0  9  0  0  0.  0.05
  8 22 -3   0  9  0  0  0.  0.05
  8 23  0   0  9  0  0  0.  0.05
  8 24 -3   0  9  0  0  0.  0.05
  8 24 -3   0  9  0  0  0.  0.05
  8 25  0   0  9  0  0  0.  0.05
  8 26  0   0  9  0  0  0.  0.05
  8 27 -3   0  9  0  0  0.  0.05
  8 28  0   0  9  0  0  0.  0.05
  8 29 -3   0  9  0  0  0.  0.05
  8 30  0   0  9  0  0  0.  0.05
  8 31  0   0  9  0  0  0.  0.05
  8 32 -3   0  9  0  0  0.  0.05
  8 33  0   0  9  0  0  0.  0.05
  8 34 -3   0  9  0  0  0.  0.05
  8 35  0   0  9  0  0  0.  0.05
  8 36 -3   0  9  0  0  0.  0.05
  9 10  0   0  9  0  0  0.  0.05
  9 11  0   0  9  0  0  0.  0.05
  9 12  0   0  9  0  0  0.  0.05
  9 13 -3   0  9  0  0  0.  0.05
  9 13 -3   0  9  0  0  0.  0.05
  9 14  0   0  9  0  0  0.  0.05
  9 15 -3   0  9  0  0  0.  0.05
  9 16  0   0  9  0  0  0.  0.05
  9 17 -3   0  9  0  0  0.  0.05
  9 18  0   0  9  0  0  0.  0.05
  9 19 -3   0  9  0  0  0.  0.05
  9 19 -3   0  9  0  0  0.  0.05
  9 20  0   0  9  0  0  0.  0.05
  9 21 -3   0  9  0  0  0.  0.05
  9 22  0   0  9  0  0  0.  0.05
  9 23 -3   0  9  0  0  0.  0.05
  9 24  0   0  9  0  0  0.  0.05
  9 25 -3   0  9  0  0  0.  0.05
  9 25 -3   0  9  0  0  0.  0.05
  9 26 -3   0  9  0  0  0.  0.05
  9 27  0   0  9  0  0  0.  0.05
  9 28 -3   0  9  0  0  0.  0.05
  9 29  0   0  9  0  0  0.  0.05
  9 30 -3   0  9  0  0  0.  0.05
  9 31 -3   0  9  0  0  0.  0.05
  9 32  0   0  9  0  0  0.  0.05
  9 33 -3   0  9  0  0  0.  0.05
  9 34  0   0  9  0  0  0.  0.05
  9 35  0   0  9  0  0  0.  0.05
  9 36  0   0  9  0  0  0.  0.05
 10 11  0   0  9  0  0  0.  0.05
 10 12 -3   0  9  0  0  0.  0.05
 10 12 -3   0  9  0  0  0.  0.05
 10 13  0   0  9  0  0  0.  0.05
 10 14 -3   0  9  0  0  0.  0.05
 10 14 -3   0  9  0  0  0.  0.05
 10 15  0   0  9  0  0  0.  0.05
 10 16 -3   0  9  0  0  0.  0.05
 10 17  0   0  9  0  0  0.  0.05
 10 18 -3   0  9  0  0  0.  0.05
 10 19  0   0  9  0  0  0.  0.05
 10 20 -3   0  9  0  0  0.  0.05
 10 20 -3   0  9  0  0  0.  0.05
 10 21  0   0  9  0  0  0.  0.05
 10 22 -3   0  9  0  0  0.  0.05
 10 23  0   0  9  0  0  0.  0.05
 10 24 -3   0  9  0  0  0.  0.05
 10 24 -3   0  9  0  0  0.  0.05
 10 25  0   0  9  0  0  0.  0.05
 10 26  0   0  9  0  0  0.  0.05
 10 27 -3   0  9  0  0  0.  0.05
 10 27 -3   0  9  0  0  0.  0.05
 10 28  0   0  9  0  0  0.  0.05
 10 29 -3   0  9  0  0  0.  0.05
 10 30  0   0  9  0  0  0.  0.05
 10 31  0   0  9  0  0  0.  0.05
 10 32 -3   0  9  0  0  0.  0.05
 10 33  0   0  9  0  0  0.  0.05
 10 34 -3   0  9  0  0  0.  0.05
 10 35  0   0  9  0  0  0.  0.05
 10 36 -3   0  9  0  0  0.  0.05
 11 12 -3   0  9  0  0  0.  0.05
 11 13  0   0  9  0  0  0.  0.05
 11 14 -3   0  9  0  0  0.  0.05
 11 14 -3   0  9  0  0  0.  0.05
 11 15  0   0  9  0  0  0.  0.05
 11 16 -3   0  9  0  0  0.  0.05
 11 16 -3   0  9  0  0  0.  0.05
 11 17  0   0  9  0  0  0.  0.05
 11 18 -3   0  9  0  0  0.  0.05
 11 19  0   0  9  0  0  0.  0.05
 11 20 -3   0  9  0  0  0.  0.05
 11 20 -3   0  9  0  0  0.  0.05
 11 21  0   0  9  0  0  0.  0.05
 11 22 -3   0  9  0  0  0.  0.05
 11 22 -3   0  9  0  0  0.  0.05
 11 23  0   0  9  0  0  0.  0.05
 11 24 -3   0  9  0  0  0.  0.05
 11 25  0   0  9  0  0  0.  0.05
 11 26  0   0  9  0  0  0.  0.05
 11 27 -3   0  9  0  0  0.  0.05
 11 27 -3   0  9  0  0  0.  0.05
 11 28  0   0  9  0  0  0.  0.05
 11 29 -3   0  9  0  0  0.  0.05
 11 30  0   0  9  0  0  0.  0.05
 11 31  0   0  9  0  0  0.  0.05
 11 32 -3   0  9  0  0  0.  0.05
 11 33  0   0  9  0  0  0.  0.05
 11 34 -3   0  9  0  0  0.  0.05
 11 35  0   0  9  0  0  0.  0.05
 11 36 -3   0  9  0  0  0.  0.05
 12 13 -3   0  9  0  0  0.  0.05
 12 13 -3   0  9  0  0  0.  0.05
 12 14  0   0  9  0  0  0.  0.05
 12 15 -3   0  9  0  0  0.  0.05
 12 15 -3   0  9  0  0  0.  0.05
 12 15 -3   0  9  0  0  0.  0.05
 12 16  0   0  9  0  0  0.  0.05
 12 17 -3   0  9  0  0  0.  0.05
 12 17 -3   0  9  0  0  0.  0.05
 12 18  0   0  9  0  0  0.  0.05
 12 19 -3   0  9  0  0  0.  0.05
 12 20  0   0  9  0  0  0.  0.05
 12 21 -3   0  9  0  0  0.  0.05
 12 21 -3   0  9  0  0  0.  0.05
 12 22  0   0  9  0  0  0.  0.05
 12 23 -3   0  9  0  0  0.  0.05
 12 23 -3   0  9  0  0  0.  0.05
 12 24  0   0  9  0  0  0.  0.05
 12 25 -3   0  9  0  0  0.  0.05
 12 26 -3   0  9  0  0  0.  0.05
 12 27  0   0  9  0  0  0.  0.05
 12 28 -3   0  9  0  0  0.  0.05
 12 28 -3   0  9  0  0  0.  0.05
 12 29  0   0  9  0  0  0.  0.05
 12 30 -3   0  9  0  0  0.  0.05
 12 31 -3   0  9  0  0  0.  0.05
 12 32  0   0  9  0  0  0.  0.05
 12 33 -3   0  9  0  0  0.  0.05
 12 34  0   0  9  0  0  0.  0.05
 12 35 -3   0  9  0  0  0.  0.05
 12 36  0   0  9  0  0  0.  0.05
 13 14 -3   0  9  0  0  0.  0.05
 13 15  0   0  9  0  0  0.  0.05
 13 16 -3   0  9  0  0  0.  0.05
 13 16 -3   0  9  0  0  0.  0.05
 13 17  0   0  9  0  0  0.  0.05
 13 18 -3   0  9  0  0  0.  0.05
 13 18 -3   0  9  0  0  0.  0.05
 13 18 -3   0  9  0  0  0.  0.05
 13 19  0   0  9  0  0  0.  0.05
 13 20 -3   0  9  0  0  0.  0.05
 13 20 -3   0  9  0  0  0.  0.05
 13 21  0   0  9  0  0  0.  0.05
 13 22 -3   0  9  0  0  0.  0.05
 13 22 -3   0  9  0  0  0.  0.05
 13 23  0   0  9  0  0  0.  0.05
 13 24 -3   0  9  0  0  0.  0.05
 13 25  0   0  9  0  0  0.  0.05
 13 26  0   0  9  0  0  0.  0.05
 13 27 -3   0  9  0  0  0.  0.05
 13 28  0   0  9  0  0  0.  0.05
 13 29 -3   0  9  0  0  0.  0.05
 13 29 -3   0  9  0  0  0.  0.05
 13 30  0   0  9  0  0  0.  0.05
 13 31  0   0  9  0  0  0.  0.05
 13 32 -3   0  9  0  0  0.  0.05
 13 33  0   0  9  0  0  0.  0.05
 13 34  0   0  9  0  0  0.  0.05
 13 35  0   0  9  0  0  0.  0.05
 13 36  0   0  9  0  0  0.  0.05
 14 15 -3   0  9  0  0  0.  0.05
 14 15 -3   0  9  0  0  0.  0.05
 14 16  0   0  9  0  0  0.  0.05
 14 17 -3   0  9  0  0  0.  0.05
 14 17 -3   0  9  0  0  0.  0.05
 14 17 -3   0  9  0  0  0.  0.05
 14 18  0   0  9  0  0  0.  0.05
 14 19 -3   0  9  0  0  0.  0.05
 14 19 -3   0  9  0  0  0.  0.05
 14 20  0   0  9  0  0  0.  0.05
 14 21 -3   0  9  0  0  0.  0.05
 14 22  0   0  9  0  0  0.  0.05
 14 23 -3   0  9  0  0  0.  0.05
 14 23 -3   0  9  0  0  0.  0.05
 14 24  0   0  9  0  0  0.  0.05
 14 25 -3   0  9  0  0  0.  0.05
 14 25 -3   0  9  0  0  0.  0.05
 14 26 -3   0  9  0  0  0.  0.05
 14 27  0   0  9  0  0  0.  0.05
 14 28 -3   0  9  0  0  0.  0.05
 14 28 -3   0  9  0  0  0.  0.05
 14 29  0   0  9  0  0  0.  0.05
 14 30 -3   0  9  0  0  0.  0.05
 14 30 -3   0  9  0  0  0.  0.05
 14 31 -3   0  9  0  0  0.  0.05
 14 32  0   0  9  0  0  0.  0.05
 14 33 -3   0  9  0  0  0.  0.05
 14 34  0   0  9  0  0  0.  0.05
 14 35 -3   0  9  0  0  0.  0.05
 14 36  0   0  9  0  0  0.  0.05
 15 16 -3   0  9  0  0  0.  0.05
 15 17  0   0  9  0  0  0.  0.05
 15 18 -3   0  9  0  0  0.  0.05
 15 18 -3   0  9  0  0  0.  0.05
 15 19  0   0  9  0  0  0.  0.05
 15 20 -3   0  9  0  0  0.  0.05
 15 20 -3   0  9  0  0  0.  0.05
 15 20 -3   0  9  0  0  0.  0.05
 15 21  0   0  9  0  0  0.  0.05
 15 22 -3   0  9  0  0  0.  0.05
 15 22 -3   0  9  0  0  0.  0.05
 15 23  0   0  9  0  0  0.  0.05
 15 24 -3   0  9  0  0  0.  0.05
 15 24 -3   0  9  0  0  0.  0.05
 15 25  0   0  9  0  0  0.  0.05
 15 26  0   0  9  0  0  0.  0.05
 15 27 -3   0  9  0  0  0.  0.05
 15 28  0   0  9  0  0  0.  0.05
 15 29 -3   0  9  0  0  0.  0.05
 15 29 -3   0  9  0  0  0.  0.05
 15 30  0   0  9  0  0  0.  0.05
 15 31  0   0  9  0  0  0.  0.05
 15 32 -3   0  9  0  0  0.  0.05
 15 32 -3   0  9  0  0  0.  0.05
 15 33  0   0  9  0  0  0.  0.05
 15 34 -3   0  9  0  0  0.  0.05
 15 35  0   0  9  0  0  0.  0.05
 15 36  0   0  9  0  0  0.  0.05
 16 17 -3   0  9  0  0  0.  0.05
 16 17 -3   0  9  0  0  0.  0.05
 16 18  0   0  9  0  0  0.  0.05
 16 19 -3   0  9  0  0  0.  0.05
 16 19 -3   0  9  0  0  0.  0.05
 16 19 -3   0  9  0  0  0.  0.05
 16 20  0   0  9  0  0  0.  0.05
 16 21 -3   0  9  0  0  0.  0.05
 16 21 -3   0  9  0  0  0.  0.05
 16 22  0   0  9  0  0  0.  0.05
 16 23 -3   0  9  0  0  0.  0.05
 16 24  0   0  9  0  0  0.  0.05
 16 25 -3   0  9  0  0  0.  0.05
 16 25 -3   0  9  0  0  0.  0.05
 16 26 -3   0  9  0  0  0.  0.05
 16 27  0   0  9  0  0  0.  0.05
 16 28 -3   0  9  0  0  0.  0.05
 16 29  0   0  9  0  0  0.  0.05
 16 30 -3   0  9  0  0  0.  0.05
 16 30 -3   0  9  0  0  0.  0.05
 16 31 -3   0  9  0  0  0.  0.05
 16 31 -3   0  9  0  0  0.  0.05
 16 32  0   0  9  0  0  0.  0.05
 16 33 -3   0  9  0  0  0.  0.05
 16 34  0   0  9  0  0  0.  0.05
 16 35 -3   0  9  0  0  0.  0.05
 16 36  0   0  9  0  0  0.  0.05
 17 18 -3   0  9  0  0  0.  0.05
 17 19  0   0  9  0  0  0.  0.05
 17 20 -3   0  9  0  0  0.  0.05
 17 20 -3   0  9  0  0  0.  0.05
 17 20 -3   0  9  0  0  0.  0.05
 17 21  0   0  9  0  0  0.  0.05
 17 22 -3   0  9  0  0  0.  0.05
 17 22 -3   0  9  0  0  0.  0.05
 17 23  0   0  9  0  0  0.  0.05
 17 24 -3   0  9  0  0  0.  0.05
 17 24 -3   0  9  0  0  0.  0.05
 17 25  0   0  9  0  0  0.  0.05
 17 26  0   0  9  0  0  0.  0.05
 17 27 -3   0  9  0  0  0.  0.05
 17 27 -3   0  9  0  0  0.  0.05
 17 28  0   0  9  0  0  0.  0.05
 17 29 -3   0  9  0  0  0.  0.05
 17 30  0   0  9  0  0  0.  0.05
 17 31  0   0  9  0  0  0.  0.05
 17 32 -3   0  9  0  0  0.  0.05
 17 32 -3   0  9  0  0  0.  0.05
 17 33  0   0  9  0  0  0.  0.05
 17 34 -3   0  9  0  0  0.  0.05
 17 35  0   0  9  0  0  0.  0.05
 17 36 -3   0  9  0  0  0.  0.05
 18 19 -3   0  9  0  0  0.  0.05
 18 19 -3   0  9  0  0  0.  0.05
 18 20  0   0  9  0  0  0.  0.05
 18 21 -3   0  9  0  0  0.  0.05
 18 21 -3   0  9  0  0  0.  0.05
 18 21 -3   0  9  0  0  0.  0.05
 18 22  0   0  9  0  0  0.  0.05
 18 23 -3   0  9  0  0  0.  0.05
 18 23 -3   0  9  0  0  0.  0.05
 18 24  0   0  9  0  0  0.  0.05
 18 25 -3   0  9  0  0  0.  0.05
 18 26 -3   0  9  0  0  0.  0.05
 18 26 -3   0  9  0  0  0.  0.05
 18 27  0   0  9  0  0  0.  0.05
 18 28 -3   0  9  0  0  0.  0.05
 18 29  0   0  9  0  0  0.  0.05
 18 30 -3   0  9  0  0  0.  0.05
 18 31 -3   0  9  0  0  0.  0.05
 18 31 -3   0  9  0  0  0.  0.05
 18 32  0   0  9  0  0  0.  0.05
 18 33 -3   0  9  0  0  0.  0.05
 18 33 -3   0  9  0  0  0.  0.05
 18 34  0   0  9  0  0  0.  0.05
 18 35 -3   0  9  0  0  0.  0.05
 18 36  0   0  9  0  0  0.  0.05
 19 20 -3   0  9  0  0  0.  0.05
 19 20 -3   0  9  0  0  0.  0.05
 19 21  0   0  9  0  0  0.  0.05
 19 22 -3   0  9  0  0  0.  0.05
 19 22 -3   0  9  0  0  0.  0.05
 19 22 -3   0  9  0  0  0.  0.05
 19 23  0   0  9  0  0  0.  0.05
 19 24 -3   0  9  0  0  0.  0.05
 19 25  0   0  9  0  0  0.  0.05
 19 26  0   0  9  0  0  0.  0.05
 19 27 -3   0  9  0  0  0.  0.05
 19 27 -3   0  9  0  0  0.  0.05
 19 28  0   0  9  0  0  0.  0.05
 19 29 -3   0  9  0  0  0.  0.05
 19 29 -3   0  9  0  0  0.  0.05
 19 30  0   0  9  0  0  0.  0.05
 19 31  0   0  9  0  0  0.  0.05
 19 32 -3   0  9  0  0  0.  0.05
 19 33  0   0  9  0  0  0.  0.05
 19 34 -3   0  9  0  0  0.  0.05
 19 34 -3   0  9  0  0  0.  0.05
 19 35  0   0  9  0  0  0.  0.05
 19 36 -3   0  9  0  0  0.  0.05
 20 21 -3   0  9  0  0  0.  0.05
 20 21 -3   0  9  0  0  0.  0.05
 20 22  0   0  9  0  0  0.  0.05
 20 23 -3   0  9  0  0  0.  0.05
 20 23 -3   0  9  0  0  0.  0.05
 20 23 -3   0  9  0  0  0.  0.05
 20 24  0   0  9  0  0  0.  0.05
 20 25 -3   0  9  0  0  0.  0.05
 20 25 -3   0  9  0  0  0.  0.05
 20 26 -3   0  9  0  0  0.  0.05
 20 27  0   0  9  0  0  0.  0.05
 20 28 -3   0  9  0  0  0.  0.05
 20 28 -3   0  9  0  0  0.  0.05
 20 29  0   0  9  0  0  0.  0.05
 20 30 -3   0  9  0  0  0.  0.05
 20 31 -3   0  9  0  0  0.  0.05
 20 32  0   0  9  0  0  0.  0.05
 20 33 -3   0  9  0  0  0.  0.05
 20 34  0   0  9  0  0  0.  0.05
 20 35 -3   0  9  0  0  0.  0.05
 20 36  0   0  9  0  0  0.  0.05
 21 22 -3   0  9  0  0  0.  0.05
 21 22 -3   0  9  0  0  0.  0.05
 21 22 -3   0  9  0  0  0.  0.05
 21 23  0   0  9  0  0  0.  0.05
 21 24 -3   0  9  0  0  0.  0.05
 21 24 -3   0  9  0  0  0.  0.05
 21 25  0   0  9  0  0  0.  0.05
 21 26  0   0  9  0  0  0.  0.05
 21 27 -3   0  9  0  0  0.  0.05
 21 28  0   0  9  0  0  0.  0.05
 21 29 -3   0  9  0  0  0.  0.05
 21 29 -3   0  9  0  0  0.  0.05
 21 30  0   0  9  0  0  0.  0.05
 21 31  0   0  9  0  0  0.  0.05
 21 32 -3   0  9  0  0  0.  0.05
 21 33  0   0  9  0  0  0.  0.05
 21 34 -3   0  9  0  0  0.  0.05
 21 35  0   0  9  0  0  0.  0.05
 21 36 -3   0  9  0  0  0.  0.05
 22 23  0   0  9  0  0  0.  0.05
 22 24  0   0  9  0  0  0.  0.05
 22 25  0   0  9  0  0  0.  0.05
 22 26  0   0  9  0  0  0.  0.05
 22 27  0   0  9  0  0  0.  0.05
 22 28  0   0  9  0  0  0.  0.05
 22 29  0   0  9  0  0  0.  0.05
 22 30  0   0  9  0  0  0.  0.05
 22 31  0   0  9  0  0  0.  0.05
 22 32  0   0  9  0  0  0.  0.05
 22 33  0   0  9  0  0  0.  0.05
 22 34  0   0  9  0  0  0.  0.05
 22 35  0   0  9  0  0  0.  0.05
 22 36  0   0  9  0  0  0.  0.05
 23 24  0   0  9  0  0  0.  0.05
 23 25  0   0  9  0  0  0.  0.05
 23 26  0   0  9  0  0  0.  0.05
 23 27  0   0  9  0  0  0.  0.05
 23 28  0   0  9  0  0  0.  0.05
 23 29  0   0  9  0  0  0.  0.05
 23 30  0   0  9  0  0  0.  0.05
 23 31  0   0  9  0  0  0.  0.05
 23 32  0   0  9  0  0  0.  0.05
 23 33  0   0  9  0  0  0.  0.05
 23 34  0   0  9  0  0  0.  0.05
 23 35  0   0  9  0  0  0.  0.05
 23 36  0   0  9  0  0  0.  0.05
 24 25  0   0  9  0  0  0.  0.05
 24 26  0   0  9  0  0  0.  0.05
 24 27  0   0  9  0  0  0.  0.05
 24 28  0   0  9  0  0  0.  0.05
 24 29  0   0  9  0  0  0.  0.05
 24 30  0   0  9  0  0  0.  0.05
 24 31  0   0  9  0  0  0.  0.05
 24 32  0   0  9  0  0  0.  0.05
 24 33  0   0  9  0  0  0.  0.05
 24 34  0   0  9  0  0  0.  0.05
 24 35  0   0  9  0  0  0.  0.05
 24 36  0   0  9  0  0  0.  0.05
 25 26  0   0  9  0  0  0.  0.05
 25 27  0   0  9  0  0  0.  0.05
 25 28  0   0  9  0  0  0.  0.05
 25 29  0   0  9  0  0  0.  0.05
 25 30  0   0  9  0  0  0.  0.05
 25 31  0   0  9  0  0  0.  0.05
 25 32  0   0  9  0  0  0.  0.05
 25 33  0   0  9  0  0  0.  0.05
 25 34  0   0  9  0  0  0.  0.05
 25 35  0   0  9  0  0  0.  0.05
 25 36  0   0  9  0  0  0.  0.05
 26 27  0   0  9  0  0  0.  0.05
 26 28  0   0  9  0  0  0.  0.05
 26 29  0   0  9  0  0  0.  0.05
 26 30  0   0  9  0  0  0.  0.05
 26 31  0   0  9  0  0  0.  0.05
 26 32  0   0  9  0  0  0.  0.05
 26 33  0   0  9  0  0  0.  0.05
 26 34  0   0  9  0  0  0.  0.05
 26 35  0   0  9  0  0  0.  0.05
 26 36  0   0  9  0  0  0.  0.05
 27 28  0   0  9  0  0  0.  0.05
 27 29  0   0  9  0  0  0.  0.05
 27 30  0   0  9  0  0  0.  0.05
 27 31  0   0  9  0  0  0.  0.05
 27 32  0   0  9  0  0  0.  0.05
 27 33  0   0  9  0  0  0.  0.05
 27 34  0   0  9  0  0  0.  0.05
 27 35  0   0  9  0  0  0.  0.05
 27 36  0   0  9  0  0  0.  0.05
 28 29  0   0  9  0  0  0.  0.05
 28 30  0   0  9  0  0  0.  0.05
 28 31  0   0  9  0  0  0.  0.05
 28 32  0   0  9  0  0  0.  0.05
 28 33  0   0  9  0  0  0.  0.05
 28 34  0   0  9  0  0  0.  0.05
 28 35  0   0  9  0  0  0.  0.05
 28 36  0   0  9  0  0  0.  0.05
 29 30  0   0  9  0  0  0.  0.05
 29 31  0   0  9  0  0  0.  0.05
 29 32  0   0  9  0  0  0.  0.05
 29 33  0   0  9  0  0  0.  0.05
 29 34  0   0  9  0  0  0.  0.05
 29 35  0   0  9  0  0  0.  0.05
 29 36  0   0  9  0  0  0.  0.05
 30 31  0   0  9  0  0  0.  0.05
 30 32  0   0  9  0  0  0.  0.05
 30 33  0   0  9  0  0  0.  0.05
 30 34  0   0  9  0  0  0.  0.05
 30 35  0   0  9  0  0  0.  0.05
 30 36  0   0  9  0  0  0.  0.05
 31 32  0   0  9  0  0  0.  0.05
 31 33  0   0  9  0  0  0.  0.05
 31 34  0   0  9  0  0  0.  0.05
 31 35  0   0  9  0  0  0.  0.05
 31 36  0   0  9  0  0  0.  0.05
 32 33  0   0  9  0  0  0.  0.05
 32 34  0   0  9  0  0  0.  0.05
 32 35  0   0  9  0  0  0.  0.05
 32 36  0   0  9  0  0  0.  0.05
 33 34  0   0  9  0  0  0.  0.05
 33 35  0   0  9  0  0  0.  0.05
 33 36  0   0  9  0  0  0.  0.05
 34 35  0   0  9  0  0  0.  0.05
 34 36  0   0  9  0  0  0.  0.05
 35 36  0   0  9  0  0  0.  0.05
****** Energy bands
19
  8000.
 30000.
 67000.
 92000.
110000.
140000.
165000.
195000.
220000.
235000.
260000.
290000.
330000.
355000.
385000.
420000.
455000.
485000.
540000.
17
120000.
150000.
170000.
185000.
220000.
235000.
255000.
280000.
300000.
325000.
355000.
375000.
400000.
425000.
450000.
475000.
510000.
