****** Levels
 1.32462706E+16    28.   2  ' even   1 '  2  0.     0
 1.25735947E+16    68.   2  ' even   2 '  2  0.     0
 1.19713702E+16    14.   2  ' even   3 '  2  0.     0
 1.12500769E+16    10.   2  ' even   4 '  2  0.     0
 9.82077072E+15    50.   2  ' even   5 '  2  0.     0
 8.84093841E+15   266.   2  ' even   6 '  2  0.     0
 7.82567979E+15    92.   3  ' even   7 '  2  0.     0
 7.77793166E+15   150.   3  '  odd   1 '  2  0.     0
 6.94853226E+15   498.   3  '  odd   2 '  2  0.     0
 6.79380416E+15    10.   3  ' even   8 '  2  0.     0
 6.53650916E+15   300.   3  '  odd   3 '  2  0.     0
 5.93008092E+15     2.   3  ' even   9 '  2  0.  -110
 5.74317008E+15   276.   3  '  odd   4 '  2  0.  -110
 4.98090220E+15   306.   3  ' even  10 '  2  0.  -110
 4.70259882E+15    30.   3  '  odd   5 '  2  0.  -110
 3.97678250E+15  1660.   4  ' even  11 '  2  0.  -110
 3.88889714E+15   198.   4  '  odd   6 '  2  0.  -110
 3.13230365E+15   902.   4  '  odd   7 '  2  0.  -110
 2.89291068E+15  1018.   4  ' even  12 '  2  0.  -110
 2.34702965E+15  3138.   5  '  odd   8 '  2  0.  -110
 1.77195421E+15  2900.   5  ' even  13 '  2  0.  -110
 1.58159409E+15  3490.   6  '  odd   9 '  2  0.  -110
 9.61609412E+14  5638.   7  '  odd  10 '  2  0.  -110
 9.48217094E+14  6880.   7  ' even  14 '  2  0.  -110
 3.17958861E+14 10418.  13  '  odd  11 '  2  0.  -110
 3.00987229E+14  9936.  13  ' even  15 '  2  0.  -110
-1.51014823E+14  9948.  20  ' even  16 '  0  0.  -110
-1.68804969E+14  8188.  20  '  odd  12 '  0  0.  -110
-4.62804109E+14  7764.  20  ' even  17 '  0  0.  -110
-5.41572168E+14  6680.  20  '  odd  13 '  0  0.  -110
-1.19120492E+15 11544.  20  ' even  18 '  0  0.  -110
-1.27632821E+15  6262.  20  '  odd  14 '  0  0.  -110
-2.14008994E+15  3696.  20  ' even  19 '  0  0.  -110
-2.68357680E+15  4774.  20  '  odd  15 '  0  0.  -110
-3.61137747E+15  4418.  20  '  odd  16 '  0  0.  -110
-3.76579423E+15  4782.  20  ' even  20 '  0  0.  -110
-4.95190412E+15  1424.  20  '  odd  17 '  0  0.  -110
-5.42783043E+15   886.  20  ' even  21 '  0  0.  -110
****** Continuum transitions
  1 39  1  73  0  0  0  2.96E-19  0.
  2 39  1  73  0  0  0  3.03E-19  0.
  3 39  1  73  0  0  0  3.11E-19  0.
  4 39  1  73  0  0  0  3.21E-19  0.
  5 39  1  73  0  0  0  3.43E-19  0.
  6 39  1  73  0  0  0  3.62E-19  0.
  7 39  1  73  0  0  0  3.84E-19  0.
  8 39  1  73  0  0  0  3.86E-19  0.
  9 39  1  73  0  0  0  4.08E-19  0.
 10 39  1  73  0  0  0  4.13E-19  0.
 11 39  1  73  0  0  0  4.21E-19  0.
 12 39  1  73  0  0  0  4.42E-19  0.
 13 39  1  73  0  0  0  4.49E-19  0.
 14 39  1  73  0  0  0  4.82E-19  0.
 15 39  1  73  0  0  0  4.96E-19  0.
 16 39  1  73  0  0  0  5.39E-19  0.
 17 39  1  73  0  0  0  5.45E-19  0.
 18 39  1  73  0  0  0  6.08E-19  0.
 19 39  1  73  0  0  0  6.32E-19  0.
 20 39  1  73  0  0  0  7.02E-19  0.
 21 39  1  73  0  0  0  8.08E-19  0.
 22 39  1  73  0  0  0  8.55E-19  0.
 23 39  1  73  0  0  0  1.10E-18  0.
 24 39  1  73  0  0  0  1.10E-18  0.
 25 39  1  73  0  0  0  1.91E-18  0.
 26 39  1  73  0  0  0  1.96E-18  0.
 27 39  0   0  0  0  0  1.00E-12  0.
 28 39  0   0  0  0  0  1.00E-12  0.
 29 39  0   0  0  0  0  1.00E-12  0.
 30 39  0   0  0  0  0  1.00E-12  0.
 31 39  0   0  0  0  0  1.00E-12  0.
 32 39  0   0  0  0  0  1.00E-12  0.
 33 39  0   0  0  0  0  1.00E-12  0.
 34 39  0   0  0  0  0  1.00E-12  0.
 35 39  0   0  0  0  0  1.00E-12  0.
 36 39  0   0  0  0  0  1.00E-12  0.
 37 39  0   0  0  0  0  1.00E-12  0.
 38 39  0   0  0  0  0  1.00E-12  0.
*** Line transitions
  1  2  0   0  9  0  0  0.  0.05
  1  3  0   0  9  0  0  0.  0.05
  1  4  0   0  9  0  0  0.  0.05
  1  5  0   0  9  0  0  0.  0.05
  1  6  0   0  9  0  0  0.  0.05
  1  7  0   0  9  0  0  0.  0.05
  1  8 -3   0  9  0  0  0.  0.05
  1  9 -3   0  9  0  0  0.  0.05
  1 10  0   0  9  0  0  0.  0.05
  1 11 -3   0  9  0  0  0.  0.05
  1 12  0   0  9  0  0  0.  0.05
  1 13 -3   0  9  0  0  0.  0.05
  1 14  0   0  9  0  0  0.  0.05
  1 15 -3   0  9  0  0  0.  0.05
  1 16  0   0  9  0  0  0.  0.05
  1 17 -3   0  9  0  0  0.  0.05
  1 18 -3   0  9  0  0  0.  0.05
  1 19  0   0  9  0  0  0.  0.05
  1 20 -3   0  9  0  0  0.  0.05
  1 21  0   0  9  0  0  0.  0.05
  1 22 -3   0  9  0  0  0.  0.05
  1 23 -3   0  9  0  0  0.  0.05
  1 24  0   0  9  0  0  0.  0.05
  1 25 -3   0  9  0  0  0.  0.05
  1 25 -3   0  9  0  0  0.  0.05
  1 26  0   0  9  0  0  0.  0.05
  1 27  0   0  9  0  0  0.  0.05
  1 28 -3   0  9  0  0  0.  0.05
  1 29  0   0  9  0  0  0.  0.05
  1 30 -3   0  9  0  0  0.  0.05
  1 31  0   0  9  0  0  0.  0.05
  1 32 -3   0  9  0  0  0.  0.05
  1 33  0   0  9  0  0  0.  0.05
  1 34 -3   0  9  0  0  0.  0.05
  1 35 -3   0  9  0  0  0.  0.05
  1 36  0   0  9  0  0  0.  0.05
  1 37 -3   0  9  0  0  0.  0.05
  1 38  0   0  9  0  0  0.  0.05
  2  3  0   0  9  0  0  0.  0.05
  2  4  0   0  9  0  0  0.  0.05
  2  5  0   0  9  0  0  0.  0.05
  2  6  0   0  9  0  0  0.  0.05
  2  7  0   0  9  0  0  0.  0.05
  2  8 -3   0  9  0  0  0.  0.05
  2  9 -3   0  9  0  0  0.  0.05
  2  9 -3   0  9  0  0  0.  0.05
  2 10  0   0  9  0  0  0.  0.05
  2 11 -3   0  9  0  0  0.  0.05
  2 11 -3   0  9  0  0  0.  0.05
  2 12  0   0  9  0  0  0.  0.05
  2 13 -3   0  9  0  0  0.  0.05
  2 14  0   0  9  0  0  0.  0.05
  2 15 -3   0  9  0  0  0.  0.05
  2 16  0   0  9  0  0  0.  0.05
  2 17 -3   0  9  0  0  0.  0.05
  2 18 -3   0  9  0  0  0.  0.05
  2 19  0   0  9  0  0  0.  0.05
  2 20 -3   0  9  0  0  0.  0.05
  2 21  0   0  9  0  0  0.  0.05
  2 22 -3   0  9  0  0  0.  0.05
  2 23 -3   0  9  0  0  0.  0.05
  2 24  0   0  9  0  0  0.  0.05
  2 25 -3   0  9  0  0  0.  0.05
  2 26  0   0  9  0  0  0.  0.05
  2 27  0   0  9  0  0  0.  0.05
  2 28 -3   0  9  0  0  0.  0.05
  2 29  0   0  9  0  0  0.  0.05
  2 30 -3   0  9  0  0  0.  0.05
  2 30 -3   0  9  0  0  0.  0.05
  2 31  0   0  9  0  0  0.  0.05
  2 32 -3   0  9  0  0  0.  0.05
  2 33  0   0  9  0  0  0.  0.05
  2 34 -3   0  9  0  0  0.  0.05
  2 35 -3   0  9  0  0  0.  0.05
  2 36  0   0  9  0  0  0.  0.05
  2 37 -3   0  9  0  0  0.  0.05
  2 38  0   0  9  0  0  0.  0.05
  3  4  0   0  9  0  0  0.  0.05
  3  5  0   0  9  0  0  0.  0.05
  3  6  0   0  9  0  0  0.  0.05
  3  7  0   0  9  0  0  0.  0.05
  3  8 -3   0  9  0  0  0.  0.05
  3  9 -3   0  9  0  0  0.  0.05
  3 10  0   0  9  0  0  0.  0.05
  3 11 -3   0  9  0  0  0.  0.05
  3 12  0   0  9  0  0  0.  0.05
  3 13 -3   0  9  0  0  0.  0.05
  3 13 -3   0  9  0  0  0.  0.05
  3 14  0   0  9  0  0  0.  0.05
  3 15 -3   0  9  0  0  0.  0.05
  3 16  0   0  9  0  0  0.  0.05
  3 17 -3   0  9  0  0  0.  0.05
  3 18 -3   0  9  0  0  0.  0.05
  3 19  0   0  9  0  0  0.  0.05
  3 20 -3   0  9  0  0  0.  0.05
  3 21  0   0  9  0  0  0.  0.05
  3 22 -3   0  9  0  0  0.  0.05
  3 23 -3   0  9  0  0  0.  0.05
  3 24  0   0  9  0  0  0.  0.05
  3 25 -3   0  9  0  0  0.  0.05
  3 26  0   0  9  0  0  0.  0.05
  3 27  0   0  9  0  0  0.  0.05
  3 28 -3   0  9  0  0  0.  0.05
  3 29  0   0  9  0  0  0.  0.05
  3 30 -3   0  9  0  0  0.  0.05
  3 31  0   0  9  0  0  0.  0.05
  3 32 -3   0  9  0  0  0.  0.05
  3 32 -3   0  9  0  0  0.  0.05
  3 33  0   0  9  0  0  0.  0.05
  3 34 -3   0  9  0  0  0.  0.05
  3 35 -3   0  9  0  0  0.  0.05
  3 36  0   0  9  0  0  0.  0.05
  3 37 -3   0  9  0  0  0.  0.05
  3 38  0   0  9  0  0  0.  0.05
  4  5  0   0  9  0  0  0.  0.05
  4  6  0   0  9  0  0  0.  0.05
  4  7  0   0  9  0  0  0.  0.05
  4  8 -3   0  9  0  0  0.  0.05
  4  8 -3   0  9  0  0  0.  0.05
  4  9 -3   0  9  0  0  0.  0.05
  4 10  0   0  9  0  0  0.  0.05
  4 11 -3   0  9  0  0  0.  0.05
  4 12  0   0  9  0  0  0.  0.05
  4 13 -3   0  9  0  0  0.  0.05
  4 14  0   0  9  0  0  0.  0.05
  4 15 -3   0  9  0  0  0.  0.05
  4 16  0   0  9  0  0  0.  0.05
  4 17 -3   0  9  0  0  0.  0.05
  4 18 -3   0  9  0  0  0.  0.05
  4 19  0   0  9  0  0  0.  0.05
  4 20 -3   0  9  0  0  0.  0.05
  4 21  0   0  9  0  0  0.  0.05
  4 22 -3   0  9  0  0  0.  0.05
  4 23 -3   0  9  0  0  0.  0.05
  4 24  0   0  9  0  0  0.  0.05
  4 25 -3   0  9  0  0  0.  0.05
  4 26  0   0  9  0  0  0.  0.05
  4 27  0   0  9  0  0  0.  0.05
  4 28 -3   0  9  0  0  0.  0.05
  4 29  0   0  9  0  0  0.  0.05
  4 30 -3   0  9  0  0  0.  0.05
  4 31  0   0  9  0  0  0.  0.05
  4 32 -3   0  9  0  0  0.  0.05
  4 33  0   0  9  0  0  0.  0.05
  4 34 -3   0  9  0  0  0.  0.05
  4 35 -3   0  9  0  0  0.  0.05
  4 36  0   0  9  0  0  0.  0.05
  4 37 -3   0  9  0  0  0.  0.05
  4 38  0   0  9  0  0  0.  0.05
  5  6  0   0  9  0  0  0.  0.05
  5  7  0   0  9  0  0  0.  0.05
  5  8 -3   0  9  0  0  0.  0.05
  5  9 -3   0  9  0  0  0.  0.05
  5 10  0   0  9  0  0  0.  0.05
  5 11 -3   0  9  0  0  0.  0.05
  5 11 -3   0  9  0  0  0.  0.05
  5 12  0   0  9  0  0  0.  0.05
  5 13 -3   0  9  0  0  0.  0.05
  5 14  0   0  9  0  0  0.  0.05
  5 15 -3   0  9  0  0  0.  0.05
  5 16  0   0  9  0  0  0.  0.05
  5 17 -3   0  9  0  0  0.  0.05
  5 17 -3   0  9  0  0  0.  0.05
  5 18 -3   0  9  0  0  0.  0.05
  5 19  0   0  9  0  0  0.  0.05
  5 20 -3   0  9  0  0  0.  0.05
  5 21  0   0  9  0  0  0.  0.05
  5 22 -3   0  9  0  0  0.  0.05
  5 23 -3   0  9  0  0  0.  0.05
  5 24  0   0  9  0  0  0.  0.05
  5 25 -3   0  9  0  0  0.  0.05
  5 26  0   0  9  0  0  0.  0.05
  5 27  0   0  9  0  0  0.  0.05
  5 28 -3   0  9  0  0  0.  0.05
  5 29  0   0  9  0  0  0.  0.05
  5 30 -3   0  9  0  0  0.  0.05
  5 31  0   0  9  0  0  0.  0.05
  5 32 -3   0  9  0  0  0.  0.05
  5 33  0   0  9  0  0  0.  0.05
  5 34 -3   0  9  0  0  0.  0.05
  5 34 -3   0  9  0  0  0.  0.05
  5 35 -3   0  9  0  0  0.  0.05
  5 35 -3   0  9  0  0  0.  0.05
  5 36  0   0  9  0  0  0.  0.05
  5 37 -3   0  9  0  0  0.  0.05
  5 38  0   0  9  0  0  0.  0.05
  6  7  0   0  9  0  0  0.  0.05
  6  8 -3   0  9  0  0  0.  0.05
  6  8 -3   0  9  0  0  0.  0.05
  6  8 -3   0  9  0  0  0.  0.05
  6  9 -3   0  9  0  0  0.  0.05
  6  9 -3   0  9  0  0  0.  0.05
  6 10  0   0  9  0  0  0.  0.05
  6 11 -3   0  9  0  0  0.  0.05
  6 12  0   0  9  0  0  0.  0.05
  6 13 -3   0  9  0  0  0.  0.05
  6 13 -3   0  9  0  0  0.  0.05
  6 14  0   0  9  0  0  0.  0.05
  6 15 -3   0  9  0  0  0.  0.05
  6 16  0   0  9  0  0  0.  0.05
  6 17 -3   0  9  0  0  0.  0.05
  6 18 -3   0  9  0  0  0.  0.05
  6 18 -3   0  9  0  0  0.  0.05
  6 19  0   0  9  0  0  0.  0.05
  6 20 -3   0  9  0  0  0.  0.05
  6 20 -3   0  9  0  0  0.  0.05
  6 21  0   0  9  0  0  0.  0.05
  6 22 -3   0  9  0  0  0.  0.05
  6 23 -3   0  9  0  0  0.  0.05
  6 24  0   0  9  0  0  0.  0.05
  6 25 -3   0  9  0  0  0.  0.05
  6 26  0   0  9  0  0  0.  0.05
  6 27  0   0  9  0  0  0.  0.05
  6 28 -3   0  9  0  0  0.  0.05
  6 29  0   0  9  0  0  0.  0.05
  6 30 -3   0  9  0  0  0.  0.05
  6 31  0   0  9  0  0  0.  0.05
  6 32 -3   0  9  0  0  0.  0.05
  6 33  0   0  9  0  0  0.  0.05
  6 34 -3   0  9  0  0  0.  0.05
  6 35 -3   0  9  0  0  0.  0.05
  6 35 -3   0  9  0  0  0.  0.05
  6 36  0   0  9  0  0  0.  0.05
  6 37 -3   0  9  0  0  0.  0.05
  6 37 -3   0  9  0  0  0.  0.05
  6 38  0   0  9  0  0  0.  0.05
  7  8 -3   0  9  0  0  0.  0.05
  7  9 -3   0  9  0  0  0.  0.05
  7  9 -3   0  9  0  0  0.  0.05
  7 10  0   0  9  0  0  0.  0.05
  7 11 -3   0  9  0  0  0.  0.05
  7 11 -3   0  9  0  0  0.  0.05
  7 12  0   0  9  0  0  0.  0.05
  7 13 -3   0  9  0  0  0.  0.05
  7 13 -3   0  9  0  0  0.  0.05
  7 14  0   0  9  0  0  0.  0.05
  7 15 -3   0  9  0  0  0.  0.05
  7 15 -3   0  9  0  0  0.  0.05
  7 16  0   0  9  0  0  0.  0.05
  7 17 -3   0  9  0  0  0.  0.05
  7 18 -3   0  9  0  0  0.  0.05
  7 19  0   0  9  0  0  0.  0.05
  7 20 -3   0  9  0  0  0.  0.05
  7 20 -3   0  9  0  0  0.  0.05
  7 21  0   0  9  0  0  0.  0.05
  7 22 -3   0  9  0  0  0.  0.05
  7 22 -3   0  9  0  0  0.  0.05
  7 23 -3   0  9  0  0  0.  0.05
  7 24  0   0  9  0  0  0.  0.05
  7 25 -3   0  9  0  0  0.  0.05
  7 26  0   0  9  0  0  0.  0.05
  7 27  0   0  9  0  0  0.  0.05
  7 28 -3   0  9  0  0  0.  0.05
  7 29  0   0  9  0  0  0.  0.05
  7 30 -3   0  9  0  0  0.  0.05
  7 31  0   0  9  0  0  0.  0.05
  7 32 -3   0  9  0  0  0.  0.05
  7 33  0   0  9  0  0  0.  0.05
  7 34 -3   0  9  0  0  0.  0.05
  7 35 -3   0  9  0  0  0.  0.05
  7 36  0   0  9  0  0  0.  0.05
  7 37 -3   0  9  0  0  0.  0.05
  7 37 -3   0  9  0  0  0.  0.05
  7 38  0   0  9  0  0  0.  0.05
  8  9  0   0  9  0  0  0.  0.05
  8 10  0   0  9  0  0  0.  0.05
  8 11  0   0  9  0  0  0.  0.05
  8 12  0   0  9  0  0  0.  0.05
  8 13  0   0  9  0  0  0.  0.05
  8 14 -3   0  9  0  0  0.  0.05
  8 14 -3   0  9  0  0  0.  0.05
  8 15  0   0  9  0  0  0.  0.05
  8 16 -3   0  9  0  0  0.  0.05
  8 16 -3   0  9  0  0  0.  0.05
  8 17  0   0  9  0  0  0.  0.05
  8 18  0   0  9  0  0  0.  0.05
  8 19 -3   0  9  0  0  0.  0.05
  8 20  0   0  9  0  0  0.  0.05
  8 21 -3   0  9  0  0  0.  0.05
  8 21 -3   0  9  0  0  0.  0.05
  8 22  0   0  9  0  0  0.  0.05
  8 23  0   0  9  0  0  0.  0.05
  8 24 -3   0  9  0  0  0.  0.05
  8 25  0   0  9  0  0  0.  0.05
  8 26 -3   0  9  0  0  0.  0.05
  8 27 -3   0  9  0  0  0.  0.05
  8 28  0   0  9  0  0  0.  0.05
  8 29 -3   0  9  0  0  0.  0.05
  8 30  0   0  9  0  0  0.  0.05
  8 31 -3   0  9  0  0  0.  0.05
  8 32  0   0  9  0  0  0.  0.05
  8 33 -3   0  9  0  0  0.  0.05
  8 34  0   0  9  0  0  0.  0.05
  8 35  0   0  9  0  0  0.  0.05
  8 36 -3   0  9  0  0  0.  0.05
  8 37  0   0  9  0  0  0.  0.05
  8 38 -3   0  9  0  0  0.  0.05
  9 10  0   0  9  0  0  0.  0.05
  9 11  0   0  9  0  0  0.  0.05
  9 12 -3   0  9  0  0  0.  0.05
  9 13  0   0  9  0  0  0.  0.05
  9 14 -3   0  9  0  0  0.  0.05
  9 15  0   0  9  0  0  0.  0.05
  9 16 -3   0  9  0  0  0.  0.05
  9 16 -3   0  9  0  0  0.  0.05
  9 17  0   0  9  0  0  0.  0.05
  9 18  0   0  9  0  0  0.  0.05
  9 19 -3   0  9  0  0  0.  0.05
  9 20  0   0  9  0  0  0.  0.05
  9 21 -3   0  9  0  0  0.  0.05
  9 22  0   0  9  0  0  0.  0.05
  9 23  0   0  9  0  0  0.  0.05
  9 24 -3   0  9  0  0  0.  0.05
  9 24 -3   0  9  0  0  0.  0.05
  9 25  0   0  9  0  0  0.  0.05
  9 26 -3   0  9  0  0  0.  0.05
  9 27 -3   0  9  0  0  0.  0.05
  9 28  0   0  9  0  0  0.  0.05
  9 29 -3   0  9  0  0  0.  0.05
  9 30  0   0  9  0  0  0.  0.05
  9 31 -3   0  9  0  0  0.  0.05
  9 32  0   0  9  0  0  0.  0.05
  9 33 -3   0  9  0  0  0.  0.05
  9 34  0   0  9  0  0  0.  0.05
  9 35  0   0  9  0  0  0.  0.05
  9 36 -3   0  9  0  0  0.  0.05
  9 37  0   0  9  0  0  0.  0.05
  9 38 -3   0  9  0  0  0.  0.05
  9 38 -3   0  9  0  0  0.  0.05
 10 11 -3   0  9  0  0  0.  0.05
 10 12  0   0  9  0  0  0.  0.05
 10 13 -3   0  9  0  0  0.  0.05
 10 13 -3   0  9  0  0  0.  0.05
 10 14  0   0  9  0  0  0.  0.05
 10 15 -3   0  9  0  0  0.  0.05
 10 16  0   0  9  0  0  0.  0.05
 10 17 -3   0  9  0  0  0.  0.05
 10 18 -3   0  9  0  0  0.  0.05
 10 19  0   0  9  0  0  0.  0.05
 10 20 -3   0  9  0  0  0.  0.05
 10 21  0   0  9  0  0  0.  0.05
 10 22 -3   0  9  0  0  0.  0.05
 10 23 -3   0  9  0  0  0.  0.05
 10 23 -3   0  9  0  0  0.  0.05
 10 24  0   0  9  0  0  0.  0.05
 10 25 -3   0  9  0  0  0.  0.05
 10 26  0   0  9  0  0  0.  0.05
 10 27  0   0  9  0  0  0.  0.05
 10 28 -3   0  9  0  0  0.  0.05
 10 29  0   0  9  0  0  0.  0.05
 10 30 -3   0  9  0  0  0.  0.05
 10 31  0   0  9  0  0  0.  0.05
 10 32 -3   0  9  0  0  0.  0.05
 10 33  0   0  9  0  0  0.  0.05
 10 34 -3   0  9  0  0  0.  0.05
 10 35 -3   0  9  0  0  0.  0.05
 10 36  0   0  9  0  0  0.  0.05
 10 37 -3   0  9  0  0  0.  0.05
 10 38  0   0  9  0  0  0.  0.05
 11 12 -3   0  9  0  0  0.  0.05
 11 13  0   0  9  0  0  0.  0.05
 11 14 -3   0  9  0  0  0.  0.05
 11 14 -3   0  9  0  0  0.  0.05
 11 15  0   0  9  0  0  0.  0.05
 11 16 -3   0  9  0  0  0.  0.05
 11 16 -3   0  9  0  0  0.  0.05
 11 17  0   0  9  0  0  0.  0.05
 11 18  0   0  9  0  0  0.  0.05
 11 19 -3   0  9  0  0  0.  0.05
 11 19 -3   0  9  0  0  0.  0.05
 11 20  0   0  9  0  0  0.  0.05
 11 21 -3   0  9  0  0  0.  0.05
 11 22  0   0  9  0  0  0.  0.05
 11 23  0   0  9  0  0  0.  0.05
 11 24 -3   0  9  0  0  0.  0.05
 11 24 -3   0  9  0  0  0.  0.05
 11 25  0   0  9  0  0  0.  0.05
 11 26 -3   0  9  0  0  0.  0.05
 11 26 -3   0  9  0  0  0.  0.05
 11 27 -3   0  9  0  0  0.  0.05
 11 28  0   0  9  0  0  0.  0.05
 11 29 -3   0  9  0  0  0.  0.05
 11 30  0   0  9  0  0  0.  0.05
 11 31 -3   0  9  0  0  0.  0.05
 11 32  0   0  9  0  0  0.  0.05
 11 33 -3   0  9  0  0  0.  0.05
 11 34  0   0  9  0  0  0.  0.05
 11 35  0   0  9  0  0  0.  0.05
 11 36 -3   0  9  0  0  0.  0.05
 11 37  0   0  9  0  0  0.  0.05
 11 38 -3   0  9  0  0  0.  0.05
 12 13  0   0  9  0  0  0.  0.05
 12 14  0   0  9  0  0  0.  0.05
 12 15 -3   0  9  0  0  0.  0.05
 12 16  0   0  9  0  0  0.  0.05
 12 17 -3   0  9  0  0  0.  0.05
 12 18 -3   0  9  0  0  0.  0.05
 12 19  0   0  9  0  0  0.  0.05
 12 20 -3   0  9  0  0  0.  0.05
 12 20 -3   0  9  0  0  0.  0.05
 12 21  0   0  9  0  0  0.  0.05
 12 22 -3   0  9  0  0  0.  0.05
 12 23 -3   0  9  0  0  0.  0.05
 12 24  0   0  9  0  0  0.  0.05
 12 25 -3   0  9  0  0  0.  0.05
 12 26  0   0  9  0  0  0.  0.05
 12 27  0   0  9  0  0  0.  0.05
 12 28 -3   0  9  0  0  0.  0.05
 12 28 -3   0  9  0  0  0.  0.05
 12 29  0   0  9  0  0  0.  0.05
 12 30 -3   0  9  0  0  0.  0.05
 12 31  0   0  9  0  0  0.  0.05
 12 32 -3   0  9  0  0  0.  0.05
 12 33  0   0  9  0  0  0.  0.05
 12 34 -3   0  9  0  0  0.  0.05
 12 35 -3   0  9  0  0  0.  0.05
 12 36  0   0  9  0  0  0.  0.05
 12 37 -3   0  9  0  0  0.  0.05
 12 38  0   0  9  0  0  0.  0.05
 13 14 -3   0  9  0  0  0.  0.05
 13 14 -3   0  9  0  0  0.  0.05
 13 15  0   0  9  0  0  0.  0.05
 13 16 -3   0  9  0  0  0.  0.05
 13 16 -3   0  9  0  0  0.  0.05
 13 17  0   0  9  0  0  0.  0.05
 13 18  0   0  9  0  0  0.  0.05
 13 19 -3   0  9  0  0  0.  0.05
 13 19 -3   0  9  0  0  0.  0.05
 13 20  0   0  9  0  0  0.  0.05
 13 21 -3   0  9  0  0  0.  0.05
 13 22  0   0  9  0  0  0.  0.05
 13 23  0   0  9  0  0  0.  0.05
 13 24 -3   0  9  0  0  0.  0.05
 13 25  0   0  9  0  0  0.  0.05
 13 26 -3   0  9  0  0  0.  0.05
 13 26 -3   0  9  0  0  0.  0.05
 13 27 -3   0  9  0  0  0.  0.05
 13 27 -3   0  9  0  0  0.  0.05
 13 28  0   0  9  0  0  0.  0.05
 13 29 -3   0  9  0  0  0.  0.05
 13 29 -3   0  9  0  0  0.  0.05
 13 30  0   0  9  0  0  0.  0.05
 13 31 -3   0  9  0  0  0.  0.05
 13 32  0   0  9  0  0  0.  0.05
 13 33 -3   0  9  0  0  0.  0.05
 13 34  0   0  9  0  0  0.  0.05
 13 35  0   0  9  0  0  0.  0.05
 13 36 -3   0  9  0  0  0.  0.05
 13 37  0   0  9  0  0  0.  0.05
 13 38 -3   0  9  0  0  0.  0.05
 14 15  0   0  9  0  0  0.  0.05
 14 16  0   0  9  0  0  0.  0.05
 14 17 -3   0  9  0  0  0.  0.05
 14 17 -3   0  9  0  0  0.  0.05
 14 17 -3   0  9  0  0  0.  0.05
 14 18 -3   0  9  0  0  0.  0.05
 14 18 -3   0  9  0  0  0.  0.05
 14 19  0   0  9  0  0  0.  0.05
 14 20 -3   0  9  0  0  0.  0.05
 14 20 -3   0  9  0  0  0.  0.05
 14 21  0   0  9  0  0  0.  0.05
 14 22 -3   0  9  0  0  0.  0.05
 14 22 -3   0  9  0  0  0.  0.05
 14 23 -3   0  9  0  0  0.  0.05
 14 23 -3   0  9  0  0  0.  0.05
 14 24  0   0  9  0  0  0.  0.05
 14 25 -3   0  9  0  0  0.  0.05
 14 26  0   0  9  0  0  0.  0.05
 14 27  0   0  9  0  0  0.  0.05
 14 28 -3   0  9  0  0  0.  0.05
 14 29  0   0  9  0  0  0.  0.05
 14 30 -3   0  9  0  0  0.  0.05
 14 30 -3   0  9  0  0  0.  0.05
 14 31  0   0  9  0  0  0.  0.05
 14 32 -3   0  9  0  0  0.  0.05
 14 32 -3   0  9  0  0  0.  0.05
 14 33  0   0  9  0  0  0.  0.05
 14 34 -3   0  9  0  0  0.  0.05
 14 35 -3   0  9  0  0  0.  0.05
 14 36  0   0  9  0  0  0.  0.05
 14 37  0   0  9  0  0  0.  0.05
 14 38  0   0  9  0  0  0.  0.05
 15 16 -3   0  9  0  0  0.  0.05
 15 16 -3   0  9  0  0  0.  0.05
 15 17  0   0  9  0  0  0.  0.05
 15 18  0   0  9  0  0  0.  0.05
 15 19 -3   0  9  0  0  0.  0.05
 15 19 -3   0  9  0  0  0.  0.05
 15 20  0   0  9  0  0  0.  0.05
 15 21 -3   0  9  0  0  0.  0.05
 15 21 -3   0  9  0  0  0.  0.05
 15 22  0   0  9  0  0  0.  0.05
 15 23  0   0  9  0  0  0.  0.05
 15 24 -3   0  9  0  0  0.  0.05
 15 25  0   0  9  0  0  0.  0.05
 15 26 -3   0  9  0  0  0.  0.05
 15 27 -3   0  9  0  0  0.  0.05
 15 28  0   0  9  0  0  0.  0.05
 15 29 -3   0  9  0  0  0.  0.05
 15 30  0   0  9  0  0  0.  0.05
 15 31 -3   0  9  0  0  0.  0.05
 15 31 -3   0  9  0  0  0.  0.05
 15 32  0   0  9  0  0  0.  0.05
 15 33 -3   0  9  0  0  0.  0.05
 15 34  0   0  9  0  0  0.  0.05
 15 35  0   0  9  0  0  0.  0.05
 15 36 -3   0  9  0  0  0.  0.05
 15 37  0   0  9  0  0  0.  0.05
 15 38 -3   0  9  0  0  0.  0.05
 16 17 -3   0  9  0  0  0.  0.05
 16 18 -3   0  9  0  0  0.  0.05
 16 18 -3   0  9  0  0  0.  0.05
 16 18 -3   0  9  0  0  0.  0.05
 16 19  0   0  9  0  0  0.  0.05
 16 20 -3   0  9  0  0  0.  0.05
 16 20 -3   0  9  0  0  0.  0.05
 16 20 -3   0  9  0  0  0.  0.05
 16 21  0   0  9  0  0  0.  0.05
 16 22 -3   0  9  0  0  0.  0.05
 16 22 -3   0  9  0  0  0.  0.05
 16 23 -3   0  9  0  0  0.  0.05
 16 23 -3   0  9  0  0  0.  0.05
 16 24  0   0  9  0  0  0.  0.05
 16 25 -3   0  9  0  0  0.  0.05
 16 25 -3   0  9  0  0  0.  0.05
 16 26  0   0  9  0  0  0.  0.05
 16 27  0   0  9  0  0  0.  0.05
 16 28 -3   0  9  0  0  0.  0.05
 16 29  0   0  9  0  0  0.  0.05
 16 30 -3   0  9  0  0  0.  0.05
 16 31  0   0  9  0  0  0.  0.05
 16 32 -3   0  9  0  0  0.  0.05
 16 32 -3   0  9  0  0  0.  0.05
 16 33  0   0  9  0  0  0.  0.05
 16 34 -3   0  9  0  0  0.  0.05
 16 34 -3   0  9  0  0  0.  0.05
 16 35 -3   0  9  0  0  0.  0.05
 16 36  0   0  9  0  0  0.  0.05
 16 37 -3   0  9  0  0  0.  0.05
 16 38  0   0  9  0  0  0.  0.05
 17 18  0   0  9  0  0  0.  0.05
 17 19 -3   0  9  0  0  0.  0.05
 17 19 -3   0  9  0  0  0.  0.05
 17 19 -3   0  9  0  0  0.  0.05
 17 20  0   0  9  0  0  0.  0.05
 17 21 -3   0  9  0  0  0.  0.05
 17 22  0   0  9  0  0  0.  0.05
 17 23  0   0  9  0  0  0.  0.05
 17 24 -3   0  9  0  0  0.  0.05
 17 24 -3   0  9  0  0  0.  0.05
 17 25  0   0  9  0  0  0.  0.05
 17 26 -3   0  9  0  0  0.  0.05
 17 26 -3   0  9  0  0  0.  0.05
 17 27 -3   0  9  0  0  0.  0.05
 17 28  0   0  9  0  0  0.  0.05
 17 29 -3   0  9  0  0  0.  0.05
 17 30  0   0  9  0  0  0.  0.05
 17 31 -3   0  9  0  0  0.  0.05
 17 32  0   0  9  0  0  0.  0.05
 17 33 -3   0  9  0  0  0.  0.05
 17 33 -3   0  9  0  0  0.  0.05
 17 34  0   0  9  0  0  0.  0.05
 17 35  0   0  9  0  0  0.  0.05
 17 36 -3   0  9  0  0  0.  0.05
 17 37  0   0  9  0  0  0.  0.05
 17 38 -3   0  9  0  0  0.  0.05
 18 19 -3   0  9  0  0  0.  0.05
 18 19 -3   0  9  0  0  0.  0.05
 18 20  0   0  9  0  0  0.  0.05
 18 21 -3   0  9  0  0  0.  0.05
 18 21 -3   0  9  0  0  0.  0.05
 18 21 -3   0  9  0  0  0.  0.05
 18 22  0   0  9  0  0  0.  0.05
 18 23  0   0  9  0  0  0.  0.05
 18 24 -3   0  9  0  0  0.  0.05
 18 25  0   0  9  0  0  0.  0.05
 18 26 -3   0  9  0  0  0.  0.05
 18 26 -3   0  9  0  0  0.  0.05
 18 27 -3   0  9  0  0  0.  0.05
 18 27 -3   0  9  0  0  0.  0.05
 18 28  0   0  9  0  0  0.  0.05
 18 29 -3   0  9  0  0  0.  0.05
 18 29 -3   0  9  0  0  0.  0.05
 18 30  0   0  9  0  0  0.  0.05
 18 31 -3   0  9  0  0  0.  0.05
 18 32  0   0  9  0  0  0.  0.05
 18 33 -3   0  9  0  0  0.  0.05
 18 34  0   0  9  0  0  0.  0.05
 18 35  0   0  9  0  0  0.  0.05
 18 36 -3   0  9  0  0  0.  0.05
 18 36 -3   0  9  0  0  0.  0.05
 18 37  0   0  9  0  0  0.  0.05
 18 38 -3   0  9  0  0  0.  0.05
 19 20 -3   0  9  0  0  0.  0.05
 19 20 -3   0  9  0  0  0.  0.05
 19 21  0   0  9  0  0  0.  0.05
 19 22 -3   0  9  0  0  0.  0.05
 19 22 -3   0  9  0  0  0.  0.05
 19 22 -3   0  9  0  0  0.  0.05
 19 23 -3   0  9  0  0  0.  0.05
 19 23 -3   0  9  0  0  0.  0.05
 19 24  0   0  9  0  0  0.  0.05
 19 25 -3   0  9  0  0  0.  0.05
 19 25 -3   0  9  0  0  0.  0.05
 19 26  0   0  9  0  0  0.  0.05
 19 27  0   0  9  0  0  0.  0.05
 19 28 -3   0  9  0  0  0.  0.05
 19 28 -3   0  9  0  0  0.  0.05
 19 29  0   0  9  0  0  0.  0.05
 19 30 -3   0  9  0  0  0.  0.05
 19 30 -3   0  9  0  0  0.  0.05
 19 31  0   0  9  0  0  0.  0.05
 19 32 -3   0  9  0  0  0.  0.05
 19 32 -3   0  9  0  0  0.  0.05
 19 33  0   0  9  0  0  0.  0.05
 19 34 -3   0  9  0  0  0.  0.05
 19 34 -3   0  9  0  0  0.  0.05
 19 35 -3   0  9  0  0  0.  0.05
 19 35 -3   0  9  0  0  0.  0.05
 19 36  0   0  9  0  0  0.  0.05
 19 37 -3   0  9  0  0  0.  0.05
 19 38  0   0  9  0  0  0.  0.05
 20 21 -3   0  9  0  0  0.  0.05
 20 21 -3   0  9  0  0  0.  0.05
 20 21 -3   0  9  0  0  0.  0.05
 20 22  0   0  9  0  0  0.  0.05
 20 23  0   0  9  0  0  0.  0.05
 20 24 -3   0  9  0  0  0.  0.05
 20 24 -3   0  9  0  0  0.  0.05
 20 24 -3   0  9  0  0  0.  0.05
 20 25  0   0  9  0  0  0.  0.05
 20 26 -3   0  9  0  0  0.  0.05
 20 26 -3   0  9  0  0  0.  0.05
 20 27 -3   0  9  0  0  0.  0.05
 20 28  0   0  9  0  0  0.  0.05
 20 29 -3   0  9  0  0  0.  0.05
 20 29 -3   0  9  0  0  0.  0.05
 20 30  0   0  9  0  0  0.  0.05
 20 31 -3   0  9  0  0  0.  0.05
 20 31 -3   0  9  0  0  0.  0.05
 20 32  0   0  9  0  0  0.  0.05
 20 33 -3   0  9  0  0  0.  0.05
 20 34  0   0  9  0  0  0.  0.05
 20 35  0   0  9  0  0  0.  0.05
 20 36 -3   0  9  0  0  0.  0.05
 20 36 -3   0  9  0  0  0.  0.05
 20 37  0   0  9  0  0  0.  0.05
 20 38 -3   0  9  0  0  0.  0.05
 21 22 -3   0  9  0  0  0.  0.05
 21 23 -3   0  9  0  0  0.  0.05
 21 23 -3   0  9  0  0  0.  0.05
 21 24  0   0  9  0  0  0.  0.05
 21 25 -3   0  9  0  0  0.  0.05
 21 25 -3   0  9  0  0  0.  0.05
 21 25 -3   0  9  0  0  0.  0.05
 21 26  0   0  9  0  0  0.  0.05
 21 27  0   0  9  0  0  0.  0.05
 21 28 -3   0  9  0  0  0.  0.05
 21 28 -3   0  9  0  0  0.  0.05
 21 29  0   0  9  0  0  0.  0.05
 21 30 -3   0  9  0  0  0.  0.05
 21 31  0   0  9  0  0  0.  0.05
 21 32 -3   0  9  0  0  0.  0.05
 21 32 -3   0  9  0  0  0.  0.05
 21 33  0   0  9  0  0  0.  0.05
 21 34 -3   0  9  0  0  0.  0.05
 21 35 -3   0  9  0  0  0.  0.05
 21 35 -3   0  9  0  0  0.  0.05
 21 36  0   0  9  0  0  0.  0.05
 21 37 -3   0  9  0  0  0.  0.05
 21 37 -3   0  9  0  0  0.  0.05
 21 38  0   0  9  0  0  0.  0.05
 22 23  0   0  9  0  0  0.  0.05
 22 24 -3   0  9  0  0  0.  0.05
 22 24 -3   0  9  0  0  0.  0.05
 22 25  0   0  9  0  0  0.  0.05
 22 26 -3   0  9  0  0  0.  0.05
 22 26 -3   0  9  0  0  0.  0.05
 22 26 -3   0  9  0  0  0.  0.05
 22 27 -3   0  9  0  0  0.  0.05
 22 27 -3   0  9  0  0  0.  0.05
 22 28  0   0  9  0  0  0.  0.05
 22 29 -3   0  9  0  0  0.  0.05
 22 30  0   0  9  0  0  0.  0.05
 22 31 -3   0  9  0  0  0.  0.05
 22 31 -3   0  9  0  0  0.  0.05
 22 32  0   0  9  0  0  0.  0.05
 22 33 -3   0  9  0  0  0.  0.05
 22 33 -3   0  9  0  0  0.  0.05
 22 34  0   0  9  0  0  0.  0.05
 22 35  0   0  9  0  0  0.  0.05
 22 36 -3   0  9  0  0  0.  0.05
 22 36 -3   0  9  0  0  0.  0.05
 22 37  0   0  9  0  0  0.  0.05
 22 38 -3   0  9  0  0  0.  0.05
 23 24 -3   0  9  0  0  0.  0.05
 23 25  0   0  9  0  0  0.  0.05
 23 26 -3   0  9  0  0  0.  0.05
 23 26 -3   0  9  0  0  0.  0.05
 23 27 -3   0  9  0  0  0.  0.05
 23 27 -3   0  9  0  0  0.  0.05
 23 27 -3   0  9  0  0  0.  0.05
 23 28  0   0  9  0  0  0.  0.05
 23 29 -3   0  9  0  0  0.  0.05
 23 29 -3   0  9  0  0  0.  0.05
 23 30  0   0  9  0  0  0.  0.05
 23 31 -3   0  9  0  0  0.  0.05
 23 31 -3   0  9  0  0  0.  0.05
 23 32  0   0  9  0  0  0.  0.05
 23 33 -3   0  9  0  0  0.  0.05
 23 33 -3   0  9  0  0  0.  0.05
 23 34  0   0  9  0  0  0.  0.05
 23 35  0   0  9  0  0  0.  0.05
 23 36 -3   0  9  0  0  0.  0.05
 23 36 -3   0  9  0  0  0.  0.05
 23 37  0   0  9  0  0  0.  0.05
 23 38 -3   0  9  0  0  0.  0.05
 23 38 -3   0  9  0  0  0.  0.05
 24 25 -3   0  9  0  0  0.  0.05
 24 25 -3   0  9  0  0  0.  0.05
 24 26  0   0  9  0  0  0.  0.05
 24 27  0   0  9  0  0  0.  0.05
 24 28 -3   0  9  0  0  0.  0.05
 24 28 -3   0  9  0  0  0.  0.05
 24 28 -3   0  9  0  0  0.  0.05
 24 29  0   0  9  0  0  0.  0.05
 24 30 -3   0  9  0  0  0.  0.05
 24 30 -3   0  9  0  0  0.  0.05
 24 31  0   0  9  0  0  0.  0.05
 24 32 -3   0  9  0  0  0.  0.05
 24 33  0   0  9  0  0  0.  0.05
 24 34 -3   0  9  0  0  0.  0.05
 24 34 -3   0  9  0  0  0.  0.05
 24 35 -3   0  9  0  0  0.  0.05
 24 36  0   0  9  0  0  0.  0.05
 24 37 -3   0  9  0  0  0.  0.05
 24 37 -3   0  9  0  0  0.  0.05
 24 38  0   0  9  0  0  0.  0.05
 25 26 -3   0  9  0  0  0.  0.05
 25 27 -3   0  9  0  0  0.  0.05
 25 27 -3   0  9  0  0  0.  0.05
 25 28  0   0  9  0  0  0.  0.05
 25 29 -3   0  9  0  0  0.  0.05
 25 29 -3   0  9  0  0  0.  0.05
 25 30  0   0  9  0  0  0.  0.05
 25 31 -3   0  9  0  0  0.  0.05
 25 31 -3   0  9  0  0  0.  0.05
 25 31 -3   0  9  0  0  0.  0.05
 25 32  0   0  9  0  0  0.  0.05
 25 33 -3   0  9  0  0  0.  0.05
 25 33 -3   0  9  0  0  0.  0.05
 25 34  0   0  9  0  0  0.  0.05
 25 35  0   0  9  0  0  0.  0.05
 25 36 -3   0  9  0  0  0.  0.05
 25 36 -3   0  9  0  0  0.  0.05
 25 37  0   0  9  0  0  0.  0.05
 25 38 -3   0  9  0  0  0.  0.05
 25 38 -3   0  9  0  0  0.  0.05
 26 27  0   0  9  0  0  0.  0.05
 26 28 -3   0  9  0  0  0.  0.05
 26 28 -3   0  9  0  0  0.  0.05
 26 29  0   0  9  0  0  0.  0.05
 26 30 -3   0  9  0  0  0.  0.05
 26 30 -3   0  9  0  0  0.  0.05
 26 31  0   0  9  0  0  0.  0.05
 26 32 -3   0  9  0  0  0.  0.05
 26 32 -3   0  9  0  0  0.  0.05
 26 33  0   0  9  0  0  0.  0.05
 26 34 -3   0  9  0  0  0.  0.05
 26 34 -3   0  9  0  0  0.  0.05
 26 35 -3   0  9  0  0  0.  0.05
 26 35 -3   0  9  0  0  0.  0.05
 26 36  0   0  9  0  0  0.  0.05
 26 37 -3   0  9  0  0  0.  0.05
 26 37 -3   0  9  0  0  0.  0.05
 26 38  0   0  9  0  0  0.  0.05
 27 28  0   0  9  0  0  0.  0.05
 27 29  0   0  9  0  0  0.  0.05
 27 30  0   0  9  0  0  0.  0.05
 27 31  0   0  9  0  0  0.  0.05
 27 32  0   0  9  0  0  0.  0.05
 27 33  0   0  9  0  0  0.  0.05
 27 34  0   0  9  0  0  0.  0.05
 27 35  0   0  9  0  0  0.  0.05
 27 36  0   0  9  0  0  0.  0.05
 27 37  0   0  9  0  0  0.  0.05
 27 38  0   0  9  0  0  0.  0.05
 28 29  0   0  9  0  0  0.  0.05
 28 30  0   0  9  0  0  0.  0.05
 28 31  0   0  9  0  0  0.  0.05
 28 32  0   0  9  0  0  0.  0.05
 28 33  0   0  9  0  0  0.  0.05
 28 34  0   0  9  0  0  0.  0.05
 28 35  0   0  9  0  0  0.  0.05
 28 36  0   0  9  0  0  0.  0.05
 28 37  0   0  9  0  0  0.  0.05
 28 38  0   0  9  0  0  0.  0.05
 29 30  0   0  9  0  0  0.  0.05
 29 31  0   0  9  0  0  0.  0.05
 29 32  0   0  9  0  0  0.  0.05
 29 33  0   0  9  0  0  0.  0.05
 29 34  0   0  9  0  0  0.  0.05
 29 35  0   0  9  0  0  0.  0.05
 29 36  0   0  9  0  0  0.  0.05
 29 37  0   0  9  0  0  0.  0.05
 29 38  0   0  9  0  0  0.  0.05
 30 31  0   0  9  0  0  0.  0.05
 30 32  0   0  9  0  0  0.  0.05
 30 33  0   0  9  0  0  0.  0.05
 30 34  0   0  9  0  0  0.  0.05
 30 35  0   0  9  0  0  0.  0.05
 30 36  0   0  9  0  0  0.  0.05
 30 37  0   0  9  0  0  0.  0.05
 30 38  0   0  9  0  0  0.  0.05
 31 32  0   0  9  0  0  0.  0.05
 31 33  0   0  9  0  0  0.  0.05
 31 34  0   0  9  0  0  0.  0.05
 31 35  0   0  9  0  0  0.  0.05
 31 36  0   0  9  0  0  0.  0.05
 31 37  0   0  9  0  0  0.  0.05
 31 38  0   0  9  0  0  0.  0.05
 32 33  0   0  9  0  0  0.  0.05
 32 34  0   0  9  0  0  0.  0.05
 32 35  0   0  9  0  0  0.  0.05
 32 36  0   0  9  0  0  0.  0.05
 32 37  0   0  9  0  0  0.  0.05
 32 38  0   0  9  0  0  0.  0.05
 33 34  0   0  9  0  0  0.  0.05
 33 35  0   0  9  0  0  0.  0.05
 33 36  0   0  9  0  0  0.  0.05
 33 37  0   0  9  0  0  0.  0.05
 33 38  0   0  9  0  0  0.  0.05
 34 35  0   0  9  0  0  0.  0.05
 34 36  0   0  9  0  0  0.  0.05
 34 37  0   0  9  0  0  0.  0.05
 34 38  0   0  9  0  0  0.  0.05
 35 36  0   0  9  0  0  0.  0.05
 35 37  0   0  9  0  0  0.  0.05
 35 38  0   0  9  0  0  0.  0.05
 36 37  0   0  9  0  0  0.  0.05
 36 38  0   0  9  0  0  0.  0.05
 37 38  0   0  9  0  0  0.  0.05
****** Energy bands
21
 10000.
 30000.
 60000.
 70000.
130000.
165000.
200000.
230000.
260000.
295000.
330000.
370000.
400000.
422000.
443000.
452000.
465000.
500000.
540000.
600000.
680000.
17
200000.
219000.
235000.
270000.
300000.
325000.
350000.
375000.
400000.
422000.
443000.
453000.
470000.
505000.
550000.
585000.
680000.
