****** Levels
 1.83666682E+16    25.   2  ' even   1 '  0  0.  0
 1.74979125E+16    90.   2  ' even   2 '  0  0.  0
 1.71421913E+16    37.   2  ' even   3 '  0  0.  0
 1.69396018E+16     6.   2  ' even   4 '  0  0.  0
 1.66557488E+16     7.   2  ' even   5 '  0  0.  0
 1.63349202E+16    30.   2  ' even   6 '  0  0.  0
 1.60569013E+16     9.   2  ' even   7 '  0  0.  0
 1.52618216E+16     5.   2  ' even   8 '  0  0.  0
 1.43856585E+16     1.   2  ' even   9 '  0  0.  0
 1.32913497E+16    12.   2  ' even  10 '  0  0.  0
 1.19970553E+16   121.   3  ' even  11 '  0  0.  0
 1.15477911E+16    54.   3  ' even  12 '  0  0.  0
 1.13679321E+16    84.   3  ' even  13 '  0  0.  0
 1.10779767E+16    21.   3  '  odd   1 '  0  0.  0
 1.10750537E+16   144.   3  ' even  14 '  0  0.  0
 1.07692023E+16    15.   3  '  odd   2 '  0  0.  0
 1.02467585E+16    57.   3  ' even  15 '  0  0.  0
 9.63292669E+15   399.   3  '  odd   3 '  0  0.  0
 9.27517498E+15    32.   3  ' even  16 '  0  0.  0
 8.86883979E+15   813.   3  '  odd   4 '  0  0.  0
 7.83959043E+15   168.   3  '  odd   5 '  0  0.  0
 7.63866614E+15    60.   3  ' even  17 '  0  0.  5
 6.87663404E+15    93.   3  '  odd   6 '  0  0.  5
 6.31113118E+15   660.   4  ' even  18 '  0  0.  5
 5.54706085E+15  1359.   4  ' even  19 '  0  0.  5
 5.42574726E+15   123.   4  '  odd   7 '  0  0.  5
 4.52516169E+15   857.   4  ' even  20 '  0  0.  5
 4.38967098E+15   408.   4  '  odd   8 '  0  0.  5
 3.83765147E+15  1512.   5  '  odd   9 '  0  0.  5
 3.17948180E+15  2503.   5  '  odd  10 '  0  0.  5
 3.14917602E+15  1241.   5  ' even  21 '  0  0.  5
 2.03719656E+15  3756.   6  '  odd  11 '  0  0.  5
 1.96607862E+15  4482.   6  ' even  22 '  0  0.  5
 1.09029926E+15  6956.   9  '  odd  12 '  0  0.  5
 1.01851578E+15  6101.   9  ' even  23 '  0  0.  5
 2.38209631E+14  9935.  19  '  odd  13 '  0  0.  5
 2.35795427E+14  9328.  19  ' even  24 '  0  0.  5
-3.45366658E+14 13000.  20  ' even  25 '  0  0.  5
-3.61942905E+14  9877.  20  '  odd  14 '  0  0.  5
-9.43082622E+14 11361.  20  ' even  26 '  0  0.  5
-1.03099673E+15  9674.  20  '  odd  15 '  0  0.  5
-1.88555964E+15  6214.  20  ' even  27 '  0  0.  5
-2.31784110E+15  3179.  20  '  odd  16 '  0  0.  5
-2.94380123E+15  3567.  20  ' even  28 '  0  0.  5
-3.71275961E+15  1966.  20  '  odd  17 '  0  0.  5
-4.41932648E+15   444.  20  ' even  29 '  0  0.  5
-4.71625450E+15  5005.  20  '  odd  18 '  0  0.  5
-6.08074178E+15  1389.  20  '  odd  19 '  0  0.  5
****** Continuum transitions
  1 49  1  74  0  0  0  2.01E-19  0.
  2 49  1  74  0  0  0  2.06E-19  0.
  3 49  1  74  0  0  0  2.08E-19  0.
  4 49  1  74  0  0  0  2.09E-19  0.
  5 49  1  74  0  0  0  2.11E-19  0.
  6 49  1  74  0  0  0  2.13E-19  0.
  7 49  1  74  0  0  0  2.15E-19  0.
  8 49  1  74  0  0  0  2.20E-19  0.
  9 49  1  74  0  0  0  2.27E-19  0.
 10 49  1  74  0  0  0  2.36E-19  0.
 11 49  1  74  0  0  0  2.48E-19  0.
 12 49  1  74  0  0  0  2.53E-19  0.
 13 49  1  74  0  0  0  2.55E-19  0.
 14 49  1  74  0  0  0  2.59E-19  0.
 15 49  1  74  0  0  0  2.59E-19  0.
 16 49  1  74  0  0  0  2.62E-19  0.
 17 49  1  74  0  0  0  2.69E-19  0.
 18 49  1  74  0  0  0  2.77E-19  0.
 19 49  1  74  0  0  0  2.83E-19  0.
 20 49  1  74  0  0  0  2.89E-19  0.
 21 49  1  74  0  0  0  3.07E-19  0.
 22 49  1  74  0  0  0  3.11E-19  0.
 23 49  1  74  0  0  0  3.28E-19  0.
 24 49  1  74  0  0  0  3.42E-19  0.
 25 49  1  74  0  0  0  3.65E-19  0.
 26 49  1  74  0  0  0  3.69E-19  0.
 27 49  1  74  0  0  0  4.04E-19  0.
 28 49  1  74  0  0  0  4.11E-19  0.
 29 49  1  74  0  0  0  4.39E-19  0.
 30 49  1  74  0  0  0  4.83E-19  0.
 31 49  1  74  0  0  0  4.85E-19  0.
 32 49  1  74  0  0  0  6.03E-19  0.
 33 49  1  74  0  0  0  6.14E-19  0.
 34 49  1  74  0  0  0  8.24E-19  0.
 35 49  1  74  0  0  0  8.53E-19  0.
 36 49  1  74  0  0  0  1.76E-18  0.
 37 49  1  74  0  0  0  1.77E-18  0.
 38 49  0   0  0  0  0  1.00E-18  0.
 39 49  0   0  0  0  0  1.00E-18  0.
 40 49  0   0  0  0  0  1.00E-18  0.
 41 49  0   0  0  0  0  1.00E-18  0.
 42 49  0   0  0  0  0  1.00E-18  0.
 43 49  0   0  0  0  0  1.00E-18  0.
 44 49  0   0  0  0  0  1.00E-18  0.
 45 49  0   0  0  0  0  1.00E-18  0.
 46 49  0   0  0  0  0  1.00E-18  0.
 47 49  0   0  0  0  0  1.00E-18  0.
 48 49  0   0  0  0  0  1.00E-18  0.
****** Line transitions
  1  2  0   0  1  0  0  1.  0.7
  1  3  0   0  1  0  0  1.  0.7
  1  4  0   0  1  0  0  1.  0.7
  1  5  0   0  1  0  0  1.  0.7
  1  6  0   0  1  0  0  1.  0.7
  1  7  0   0  1  0  0  1.  0.7
  1  8  0   0  1  0  0  1.  0.7
  1  9  0   0  1  0  0  1.  0.7
  1 10  0   0  1  0  0  1.  0.7
  1 11  0   0  0  0  0  1.  0.0
  1 12  0   0  0  0  0  1.  0.0
  1 13  0   0  0  0  0  1.  0.0
  1 14 -3   0  0  0  0  1.  0.0
  1 15  0   0  0  0  0  1.  0.0
  1 16 -3   0  0  0  0  1.  0.0
  1 17  0   0  0  0  0  1.  0.0
  1 18 -3   0  0  0  0  1.  0.0
  1 19  0   0  0  0  0  1.  0.0
  1 20 -3   0  0  0  0  1.  0.0
  1 21 -3   0  0  0  0  1.  0.0
  1 22  0   0  0  0  0  1.  0.0
  1 23 -3   0  0  0  0  1.  0.0
  1 24  0   0  0  0  0  1.  0.0
  1 25  0   0  0  0  0  1.  0.0
  1 26 -3   0  0  0  0  1.  0.0
  1 26 -3   0  0  0  0  1.  0.0
  1 27  0   0  0  0  0  1.  0.0
  1 28 -3   0  0  0  0  1.  0.0
  1 29 -3   0  0  0  0  1.  0.0
  1 30 -3   0  0  0  0  1.  0.0
  1 31  0   0  0  0  0  1.  0.0
  1 32 -3   0  0  0  0  1.  0.0
  1 33  0   0  0  0  0  1.  0.0
  1 34 -3   0  0  0  0  1.  0.0
  1 35  0   0  0  0  0  1.  0.0
  1 36 -3   0  0  0  0  1.  0.0
  1 37  0   0  0  0  0  1.  0.0
  1 38  0   0  0  0  0  1.  0.0
  1 39 -3   0  0  0  0  1.  0.0
  1 40  0   0  0  0  0  1.  0.0
  1 41 -3   0  0  0  0  1.  0.0
  1 42  0   0  0  0  0  1.  0.0
  1 43 -3   0  0  0  0  1.  0.0
  1 44  0   0  0  0  0  1.  0.0
  1 45 -3   0  0  0  0  1.  0.0
  1 46  0   0  0  0  0  1.  0.0
  1 47 -3   0  0  0  0  1.  0.0
  1 48 -3   0  0  0  0  1.  0.0
  2  3  0   0  1  0  0  1.  0.7
  2  4  0   0  1  0  0  1.  0.7
  2  5  0   0  1  0  0  1.  0.7
  2  6  0   0  1  0  0  1.  0.7
  2  7  0   0  1  0  0  1.  0.7
  2  8  0   0  1  0  0  1.  0.7
  2  9  0   0  1  0  0  1.  0.7
  2 10  0   0  1  0  0  1.  0.7
  2 11  0   0  0  0  0  1.  0.0
  2 12  0   0  0  0  0  1.  0.0
  2 13  0   0  0  0  0  1.  0.0
  2 14 -3   0  0  0  0  1.  0.0
  2 15  0   0  0  0  0  1.  0.0
  2 16 -3   0  0  0  0  1.  0.0
  2 17  0   0  0  0  0  1.  0.0
  2 18 -3   0  0  0  0  1.  0.0
  2 19  0   0  0  0  0  1.  0.0
  2 20 -3   0  0  0  0  1.  0.0
  2 21 -3   0  0  0  0  1.  0.0
  2 22  0   0  0  0  0  1.  0.0
  2 23 -3   0  0  0  0  1.  0.0
  2 24  0   0  0  0  0  1.  0.0
  2 25  0   0  0  0  0  1.  0.0
  2 26 -3   0  0  0  0  1.  0.0
  2 27  0   0  0  0  0  1.  0.0
  2 28 -3   0  0  0  0  1.  0.0
  2 28 -3   0  0  0  0  1.  0.0
  2 29 -3   0  0  0  0  1.  0.0
  2 30 -3   0  0  0  0  1.  0.0
  2 31  0   0  0  0  0  1.  0.0
  2 32 -3   0  0  0  0  1.  0.0
  2 33  0   0  0  0  0  1.  0.0
  2 34 -3   0  0  0  0  1.  0.0
  2 35  0   0  0  0  0  1.  0.0
  2 36 -3   0  0  0  0  1.  0.0
  2 37  0   0  0  0  0  1.  0.0
  2 38  0   0  0  0  0  1.  0.0
  2 39 -3   0  0  0  0  1.  0.0
  2 40  0   0  0  0  0  1.  0.0
  2 41 -3   0  0  0  0  1.  0.0
  2 42  0   0  0  0  0  1.  0.0
  2 43 -3   0  0  0  0  1.  0.0
  2 44  0   0  0  0  0  1.  0.0
  2 45 -3   0  0  0  0  1.  0.0
  2 46  0   0  0  0  0  1.  0.0
  2 47 -3   0  0  0  0  1.  0.0
  2 48 -3   0  0  0  0  1.  0.0
  3  4  0   0  1  0  0  1.  0.7
  3  5  0   0  1  0  0  1.  0.7
  3  6  0   0  1  0  0  1.  0.7
  3  7  0   0  1  0  0  1.  0.7
  3  8  0   0  1  0  0  1.  0.7
  3  9  0   0  1  0  0  1.  0.7
  3 10  0   0  1  0  0  1.  0.7
  3 11  0   0  0  0  0  1.  0.0
  3 12  0   0  0  0  0  1.  0.0
  3 13  0   0  0  0  0  1.  0.0
  3 14 -3   0  0  0  0  1.  0.0
  3 15  0   0  0  0  0  1.  0.0
  3 16 -3   0  0  0  0  1.  0.0
  3 17  0   0  0  0  0  1.  0.0
  3 18 -3   0  0  0  0  1.  0.0
  3 19  0   0  0  0  0  1.  0.0
  3 20 -3   0  0  0  0  1.  0.0
  3 21 -3   0  0  0  0  1.  0.0
  3 22  0   0  0  0  0  1.  0.0
  3 23 -3   0  0  0  0  1.  0.0
  3 24  0   0  0  0  0  1.  0.0
  3 25  0   0  0  0  0  1.  0.0
  3 26 -3   0  0  0  0  1.  0.0
  3 27  0   0  0  0  0  1.  0.0
  3 28 -3   0  0  0  0  1.  0.0
  3 29 -3   0  0  0  0  1.  0.0
  3 29 -3   0  0  0  0  1.  0.0
  3 30 -3   0  0  0  0  1.  0.0
  3 31  0   0  0  0  0  1.  0.0
  3 32 -3   0  0  0  0  1.  0.0
  3 33  0   0  0  0  0  1.  0.0
  3 34 -3   0  0  0  0  1.  0.0
  3 35  0   0  0  0  0  1.  0.0
  3 36 -3   0  0  0  0  1.  0.0
  3 37  0   0  0  0  0  1.  0.0
  3 38  0   0  0  0  0  1.  0.0
  3 39 -3   0  0  0  0  1.  0.0
  3 40  0   0  0  0  0  1.  0.0
  3 41 -3   0  0  0  0  1.  0.0
  3 42  0   0  0  0  0  1.  0.0
  3 43 -3   0  0  0  0  1.  0.0
  3 44  0   0  0  0  0  1.  0.0
  3 45 -3   0  0  0  0  1.  0.0
  3 46  0   0  0  0  0  1.  0.0
  3 47 -3   0  0  0  0  1.  0.0
  3 48 -3   0  0  0  0  1.  0.0
  4  5  0   0  1  0  0  1.  0.7
  4  6  0   0  1  0  0  1.  0.7
  4  7  0   0  1  0  0  1.  0.7
  4  8  0   0  1  0  0  1.  0.7
  4  9  0   0  1  0  0  1.  0.7
  4 10  0   0  1  0  0  1.  0.7
  4 11  0   0  0  0  0  1.  0.0
  4 12  0   0  0  0  0  1.  0.0
  4 13  0   0  0  0  0  1.  0.0
  4 14 -3   0  0  0  0  1.  0.0
  4 15  0   0  0  0  0  1.  0.0
  4 16 -3   0  0  0  0  1.  0.0
  4 17  0   0  0  0  0  1.  0.0
  4 18 -3   0  0  0  0  1.  0.0
  4 19  0   0  0  0  0  1.  0.0
  4 20 -3   0  0  0  0  1.  0.0
  4 21 -3   0  0  0  0  1.  0.0
  4 22  0   0  0  0  0  1.  0.0
  4 23 -3   0  0  0  0  1.  0.0
  4 24  0   0  0  0  0  1.  0.0
  4 25  0   0  0  0  0  1.  0.0
  4 26 -3   0  0  0  0  1.  0.0
  4 27  0   0  0  0  0  1.  0.0
  4 28 -3   0  0  0  0  1.  0.0
  4 29 -3   0  0  0  0  1.  0.0
  4 29 -3   0  0  0  0  1.  0.0
  4 30 -3   0  0  0  0  1.  0.0
  4 31  0   0  0  0  0  1.  0.0
  4 32 -3   0  0  0  0  1.  0.0
  4 33  0   0  0  0  0  1.  0.0
  4 34 -3   0  0  0  0  1.  0.0
  4 35  0   0  0  0  0  1.  0.0
  4 36 -3   0  0  0  0  1.  0.0
  4 37  0   0  0  0  0  1.  0.0
  4 38  0   0  0  0  0  1.  0.0
  4 39 -3   0  0  0  0  1.  0.0
  4 40  0   0  0  0  0  1.  0.0
  4 41 -3   0  0  0  0  1.  0.0
  4 42  0   0  0  0  0  1.  0.0
  4 43 -3   0  0  0  0  1.  0.0
  4 44  0   0  0  0  0  1.  0.0
  4 45 -3   0  0  0  0  1.  0.0
  4 46  0   0  0  0  0  1.  0.0
  4 47 -3   0  0  0  0  1.  0.0
  4 48 -3   0  0  0  0  1.  0.0
  5  6  0   0  1  0  0  1.  0.7
  5  7  0   0  1  0  0  1.  0.7
  5  8  0   0  1  0  0  1.  0.7
  5  9  0   0  1  0  0  1.  0.7
  5 10  0   0  1  0  0  1.  0.7
  5 11  0   0  0  0  0  1.  0.0
  5 12  0   0  0  0  0  1.  0.0
  5 13  0   0  0  0  0  1.  0.0
  5 14 -3   0  0  0  0  1.  0.0
  5 15  0   0  0  0  0  1.  0.0
  5 16 -3   0  0  0  0  1.  0.0
  5 17  0   0  0  0  0  1.  0.0
  5 18 -3   0  0  0  0  1.  0.0
  5 19  0   0  0  0  0  1.  0.0
  5 20 -3   0  0  0  0  1.  0.0
  5 21 -3   0  0  0  0  1.  0.0
  5 22  0   0  0  0  0  1.  0.0
  5 23 -3   0  0  0  0  1.  0.0
  5 24  0   0  0  0  0  1.  0.0
  5 25  0   0  0  0  0  1.  0.0
  5 26 -3   0  0  0  0  1.  0.0
  5 27  0   0  0  0  0  1.  0.0
  5 28 -3   0  0  0  0  1.  0.0
  5 29 -3   0  0  0  0  1.  0.0
  5 30 -3   0  0  0  0  1.  0.0
  5 30 -3   0  0  0  0  1.  0.0
  5 31  0   0  0  0  0  1.  0.0
  5 32 -3   0  0  0  0  1.  0.0
  5 33  0   0  0  0  0  1.  0.0
  5 34 -3   0  0  0  0  1.  0.0
  5 35  0   0  0  0  0  1.  0.0
  5 36 -3   0  0  0  0  1.  0.0
  5 37  0   0  0  0  0  1.  0.0
  5 38  0   0  0  0  0  1.  0.0
  5 39 -3   0  0  0  0  1.  0.0
  5 40  0   0  0  0  0  1.  0.0
  5 41 -3   0  0  0  0  1.  0.0
  5 42  0   0  0  0  0  1.  0.0
  5 43 -3   0  0  0  0  1.  0.0
  5 44  0   0  0  0  0  1.  0.0
  5 45 -3   0  0  0  0  1.  0.0
  5 46  0   0  0  0  0  1.  0.0
  5 47 -3   0  0  0  0  1.  0.0
  5 48 -3   0  0  0  0  1.  0.0
  6  7  0   0  1  0  0  1.  0.7
  6  8  0   0  1  0  0  1.  0.7
  6  9  0   0  1  0  0  1.  0.7
  6 10  0   0  1  0  0  1.  0.7
  6 11  0   0  0  0  0  1.  0.0
  6 12  0   0  0  0  0  1.  0.0
  6 13  0   0  0  0  0  1.  0.0
  6 14 -3   0  0  0  0  1.  0.0
  6 15  0   0  0  0  0  1.  0.0
  6 16 -3   0  0  0  0  1.  0.0
  6 17  0   0  0  0  0  1.  0.0
  6 18 -3   0  0  0  0  1.  0.0
  6 19  0   0  0  0  0  1.  0.0
  6 20 -3   0  0  0  0  1.  0.0
  6 21 -3   0  0  0  0  1.  0.0
  6 22  0   0  0  0  0  1.  0.0
  6 23 -3   0  0  0  0  1.  0.0
  6 24  0   0  0  0  0  1.  0.0
  6 25  0   0  0  0  0  1.  0.0
  6 26 -3   0  0  0  0  1.  0.0
  6 27  0   0  0  0  0  1.  0.0
  6 28 -3   0  0  0  0  1.  0.0
  6 29 -3   0  0  0  0  1.  0.0
  6 30 -3   0  0  0  0  1.  0.0
  6 30 -3   0  0  0  0  1.  0.0
  6 31  0   0  0  0  0  1.  0.0
  6 32 -3   0  0  0  0  1.  0.0
  6 33  0   0  0  0  0  1.  0.0
  6 34 -3   0  0  0  0  1.  0.0
  6 35  0   0  0  0  0  1.  0.0
  6 36 -3   0  0  0  0  1.  0.0
  6 37  0   0  0  0  0  1.  0.0
  6 38  0   0  0  0  0  1.  0.0
  6 39 -3   0  0  0  0  1.  0.0
  6 40  0   0  0  0  0  1.  0.0
  6 41 -3   0  0  0  0  1.  0.0
  6 42  0   0  0  0  0  1.  0.0
  6 43 -3   0  0  0  0  1.  0.0
  6 44  0   0  0  0  0  1.  0.0
  6 45 -3   0  0  0  0  1.  0.0
  6 46  0   0  0  0  0  1.  0.0
  6 47 -3   0  0  0  0  1.  0.0
  6 48 -3   0  0  0  0  1.  0.0
  7  8  0   0  1  0  0  1.  0.7
  7  9  0   0  1  0  0  1.  0.7
  7 10  0   0  1  0  0  1.  0.7
  7 11  0   0  0  0  0  1.  0.0
  7 12  0   0  0  0  0  1.  0.0
  7 13  0   0  0  0  0  1.  0.0
  7 14 -3   0  0  0  0  1.  0.0
  7 15  0   0  0  0  0  1.  0.0
  7 16 -3   0  0  0  0  1.  0.0
  7 17  0   0  0  0  0  1.  0.0
  7 18 -3   0  0  0  0  1.  0.0
  7 19  0   0  0  0  0  1.  0.0
  7 20 -3   0  0  0  0  1.  0.0
  7 21 -3   0  0  0  0  1.  0.0
  7 22  0   0  0  0  0  1.  0.0
  7 23 -3   0  0  0  0  1.  0.0
  7 24  0   0  0  0  0  1.  0.0
  7 25  0   0  0  0  0  1.  0.0
  7 26 -3   0  0  0  0  1.  0.0
  7 27  0   0  0  0  0  1.  0.0
  7 28 -3   0  0  0  0  1.  0.0
  7 29 -3   0  0  0  0  1.  0.0
  7 30 -3   0  0  0  0  1.  0.0
  7 30 -3   0  0  0  0  1.  0.0
  7 31  0   0  0  0  0  1.  0.0
  7 32 -3   0  0  0  0  1.  0.0
  7 33  0   0  0  0  0  1.  0.0
  7 34 -3   0  0  0  0  1.  0.0
  7 35  0   0  0  0  0  1.  0.0
  7 36 -3   0  0  0  0  1.  0.0
  7 37  0   0  0  0  0  1.  0.0
  7 38  0   0  0  0  0  1.  0.0
  7 39 -3   0  0  0  0  1.  0.0
  7 40  0   0  0  0  0  1.  0.0
  7 41 -3   0  0  0  0  1.  0.0
  7 42  0   0  0  0  0  1.  0.0
  7 43 -3   0  0  0  0  1.  0.0
  7 44  0   0  0  0  0  1.  0.0
  7 45 -3   0  0  0  0  1.  0.0
  7 46  0   0  0  0  0  1.  0.0
  7 47 -3   0  0  0  0  1.  0.0
  7 48 -3   0  0  0  0  1.  0.0
  8  9  0   0  1  0  0  1.  0.7
  8 10  0   0  1  0  0  1.  0.7
  8 11  0   0  0  0  0  1.  0.0
  8 12  0   0  0  0  0  1.  0.0
  8 13  0   0  0  0  0  1.  0.0
  8 14  0   0  0  0  0  1.  0.0
  8 15  0   0  0  0  0  1.  0.0
  8 16 -3   0  0  0  0  1.  0.0
  8 17  0   0  0  0  0  1.  0.0
  8 18 -3   0  0  0  0  1.  0.0
  8 18 -3   0  0  0  0  1.  0.0
  8 19  0   0  0  0  0  1.  0.0
  8 20 -3   0  0  0  0  1.  0.0
  8 21 -3   0  0  0  0  1.  0.0
  8 22  0   0  0  0  0  1.  0.0
  8 23 -3   0  0  0  0  1.  0.0
  8 24  0   0  0  0  0  1.  0.0
  8 25  0   0  0  0  0  1.  0.0
  8 26 -3   0  0  0  0  1.  0.0
  8 27  0   0  0  0  0  1.  0.0
  8 28 -3   0  0  0  0  1.  0.0
  8 29 -3   0  0  0  0  1.  0.0
  8 30 -3   0  0  0  0  1.  0.0
  8 31  0   0  0  0  0  1.  0.0
  8 32 -3   0  0  0  0  1.  0.0
  8 32 -3   0  0  0  0  1.  0.0
  8 33  0   0  0  0  0  1.  0.0
  8 34 -3   0  0  0  0  1.  0.0
  8 35  0   0  0  0  0  1.  0.0
  8 36 -3   0  0  0  0  1.  0.0
  8 37  0   0  0  0  0  1.  0.0
  8 38  0   0  0  0  0  1.  0.0
  8 39 -3   0  0  0  0  1.  0.0
  8 40  0   0  0  0  0  1.  0.0
  8 41 -3   0  0  0  0  1.  0.0
  8 42  0   0  0  0  0  1.  0.0
  8 43 -3   0  0  0  0  1.  0.0
  8 44  0   0  0  0  0  1.  0.0
  8 45 -3   0  0  0  0  1.  0.0
  8 46  0   0  0  0  0  1.  0.0
  8 47 -3   0  0  0  0  1.  0.0
  8 48 -3   0  0  0  0  1.  0.0
  9 10  0   0  1  0  0  1.  0.7
  9 11  0   0  0  0  0  1.  0.0
  9 12  0   0  0  0  0  1.  0.0
  9 13  0   0  0  0  0  1.  0.0
  9 14  0   0  0  0  0  1.  0.0
  9 15  0   0  0  0  0  1.  0.0
  9 16  0   0  0  0  0  1.  0.0
  9 17  0   0  0  0  0  1.  0.0
  9 18 -3   0  0  0  0  1.  0.0
  9 19  0   0  0  0  0  1.  0.0
  9 20 -3   0  0  0  0  1.  0.0
  9 20 -3   0  0  0  0  1.  0.0
  9 21 -3   0  0  0  0  1.  0.0
  9 22  0   0  0  0  0  1.  0.0
  9 23 -3   0  0  0  0  1.  0.0
  9 24  0   0  0  0  0  1.  0.0
  9 25  0   0  0  0  0  1.  0.0
  9 26 -3   0  0  0  0  1.  0.0
  9 27  0   0  0  0  0  1.  0.0
  9 28 -3   0  0  0  0  1.  0.0
  9 29 -3   0  0  0  0  1.  0.0
  9 30 -3   0  0  0  0  1.  0.0
  9 31  0   0  0  0  0  1.  0.0
  9 32 -3   0  0  0  0  1.  0.0
  9 33  0   0  0  0  0  1.  0.0
  9 34 -3   0  0  0  0  1.  0.0
  9 34 -3   0  0  0  0  1.  0.0
  9 35  0   0  0  0  0  1.  0.0
  9 36 -3   0  0  0  0  1.  0.0
  9 37  0   0  0  0  0  1.  0.0
  9 38  0   0  0  0  0  1.  0.0
  9 39 -3   0  0  0  0  1.  0.0
  9 40  0   0  0  0  0  1.  0.0
  9 41 -3   0  0  0  0  1.  0.0
  9 42  0   0  0  0  0  1.  0.0
  9 43 -3   0  0  0  0  1.  0.0
  9 44  0   0  0  0  0  1.  0.0
  9 45 -3   0  0  0  0  1.  0.0
  9 46  0   0  0  0  0  1.  0.0
  9 47 -3   0  0  0  0  1.  0.0
  9 48 -3   0  0  0  0  1.  0.0
 10 11  0   0  0  0  0  1.  0.0
 10 12  0   0  0  0  0  1.  0.0
 10 13  0   0  0  0  0  1.  0.0
 10 14 -3   0  0  0  0  1.  0.0
 10 15  0   0  0  0  0  1.  0.0
 10 16 -3   0  0  0  0  1.  0.0
 10 17  0   0  0  0  0  1.  0.0
 10 18 -3   0  0  0  0  1.  0.0
 10 18 -3   0  0  0  0  1.  0.0
 10 19  0   0  0  0  0  1.  0.0
 10 20 -3   0  0  0  0  1.  0.0
 10 21 -3   0  0  0  0  1.  0.0
 10 22  0   0  0  0  0  1.  0.0
 10 23 -3   0  0  0  0  1.  0.0
 10 23 -3   0  0  0  0  1.  0.0
 10 24  0   0  0  0  0  1.  0.0
 10 25  0   0  0  0  0  1.  0.0
 10 26 -3   0  0  0  0  1.  0.0
 10 27  0   0  0  0  0  1.  0.0
 10 28 -3   0  0  0  0  1.  0.0
 10 29 -3   0  0  0  0  1.  0.0
 10 30 -3   0  0  0  0  1.  0.0
 10 31  0   0  0  0  0  1.  0.0
 10 32 -3   0  0  0  0  1.  0.0
 10 33  0   0  0  0  0  1.  0.0
 10 34 -3   0  0  0  0  1.  0.0
 10 35  0   0  0  0  0  1.  0.0
 10 36 -3   0  0  0  0  1.  0.0
 10 36 -3   0  0  0  0  1.  0.0
 10 37  0   0  0  0  0  1.  0.0
 10 38  0   0  0  0  0  1.  0.0
 10 39 -3   0  0  0  0  1.  0.0
 10 39 -3   0  0  0  0  1.  0.0
 10 40  0   0  0  0  0  1.  0.0
 10 41 -3   0  0  0  0  1.  0.0
 10 42  0   0  0  0  0  1.  0.0
 10 43 -3   0  0  0  0  1.  0.0
 10 44  0   0  0  0  0  1.  0.0
 10 45 -3   0  0  0  0  1.  0.0
 10 46  0   0  0  0  0  1.  0.0
 10 47 -3   0  0  0  0  1.  0.0
 10 48 -3   0  0  0  0  1.  0.0
 11 12  0   0  1  0  0  1.  0.7
 11 13  0   0  1  0  0  1.  0.7
 11 14 -3   0  1  0  0  1.  0.7
 11 14 -3   0  1  0  0  1.  0.7
 11 15  0   0  1  0  0  1.  0.7
 11 16 -3   0  1  0  0  1.  0.7
 11 17  0   0  1  0  0  1.  0.7
 11 18 -3   0  1  0  0  1.  0.7
 11 19  0   0  1  0  0  1.  0.7
 11 20 -3   0  1  0  0  1.  0.7
 11 20 -3   0  1  0  0  1.  0.7
 11 21 -3   0  1  0  0  1.  0.7
 11 22  0   0  1  0  0  1.  0.7
 11 23 -3   0  1  0  0  1.  0.7
 11 24  0   0  0  0  0  1.  0.0
 11 25  0   0  0  0  0  1.  0.0
 11 26 -3   0  0  0  0  1.  0.0
 11 26 -3   0  0  0  0  1.  0.0
 11 27  0   0  0  0  0  1.  0.0
 11 28 -3   0  0  0  0  1.  0.0
 11 29 -3   0  0  0  0  1.  0.0
 11 30 -3   0  0  0  0  1.  0.0
 11 31  0   0  0  0  0  1.  0.0
 11 32 -3   0  0  0  0  1.  0.0
 11 33  0   0  0  0  0  1.  0.0
 11 34 -3   0  0  0  0  1.  0.0
 11 35  0   0  0  0  0  1.  0.0
 11 36 -3   0  0  0  0  1.  0.0
 11 37  0   0  0  0  0  1.  0.0
 11 38  0   0  0  0  0  1.  0.0
 11 39 -3   0  0  0  0  1.  0.0
 11 40  0   0  0  0  0  1.  0.0
 11 41 -3   0  0  0  0  1.  0.0
 11 41 -3   0  0  0  0  1.  0.0
 11 42  0   0  0  0  0  1.  0.0
 11 43 -3   0  0  0  0  1.  0.0
 11 44  0   0  0  0  0  1.  0.0
 11 45 -3   0  0  0  0  1.  0.0
 11 46  0   0  0  0  0  1.  0.0
 11 47 -3   0  0  0  0  1.  0.0
 11 48 -3   0  0  0  0  1.  0.0
 12 13  0   0  1  0  0  1.  0.7
 12 14 -3   0  1  0  0  1.  0.7
 12 15  0   0  1  0  0  1.  0.7
 12 16 -3   0  1  0  0  1.  0.7
 12 17  0   0  1  0  0  1.  0.7
 12 18 -3   0  1  0  0  1.  0.7
 12 19  0   0  1  0  0  1.  0.7
 12 20 -3   0  1  0  0  1.  0.7
 12 21 -3   0  1  0  0  1.  0.7
 12 22  0   0  1  0  0  1.  0.7
 12 23 -3   0  1  0  0  1.  0.7
 12 24  0   0  0  0  0  1.  0.0
 12 25  0   0  0  0  0  1.  0.0
 12 26 -3   0  0  0  0  1.  0.0
 12 26 -3   0  0  0  0  1.  0.0
 12 27  0   0  0  0  0  1.  0.0
 12 28 -3   0  0  0  0  1.  0.0
 12 29 -3   0  0  0  0  1.  0.0
 12 30 -3   0  0  0  0  1.  0.0
 12 31  0   0  0  0  0  1.  0.0
 12 32 -3   0  0  0  0  1.  0.0
 12 33  0   0  0  0  0  1.  0.0
 12 34 -3   0  0  0  0  1.  0.0
 12 35  0   0  0  0  0  1.  0.0
 12 36 -3   0  0  0  0  1.  0.0
 12 37  0   0  0  0  0  1.  0.0
 12 38  0   0  0  0  0  1.  0.0
 12 39 -3   0  0  0  0  1.  0.0
 12 40  0   0  0  0  0  1.  0.0
 12 41 -3   0  0  0  0  1.  0.0
 12 41 -3   0  0  0  0  1.  0.0
 12 42  0   0  0  0  0  1.  0.0
 12 43 -3   0  0  0  0  1.  0.0
 12 44  0   0  0  0  0  1.  0.0
 12 45 -3   0  0  0  0  1.  0.0
 12 46  0   0  0  0  0  1.  0.0
 12 47 -3   0  0  0  0  1.  0.0
 12 48 -3   0  0  0  0  1.  0.0
 13 14 -3   0  1  0  0  1.  0.7
 13 15  0   0  1  0  0  1.  0.7
 13 16 -3   0  1  0  0  1.  0.7
 13 17  0   0  1  0  0  1.  0.7
 13 18 -3   0  1  0  0  1.  0.7
 13 18 -3   0  1  0  0  1.  0.7
 13 19  0   0  1  0  0  1.  0.7
 13 20 -3   0  1  0  0  1.  0.7
 13 21 -3   0  1  0  0  1.  0.7
 13 21 -3   0  1  0  0  1.  0.7
 13 22  0   0  1  0  0  1.  0.7
 13 23 -3   0  1  0  0  1.  0.7
 13 24  0   0  0  0  0  1.  0.0
 13 25  0   0  0  0  0  1.  0.0
 13 26 -3   0  0  0  0  1.  0.0
 13 26 -3   0  0  0  0  1.  0.0
 13 27  0   0  0  0  0  1.  0.0
 13 28 -3   0  0  0  0  1.  0.0
 13 29 -3   0  0  0  0  1.  0.0
 13 30 -3   0  0  0  0  1.  0.0
 13 31  0   0  0  0  0  1.  0.0
 13 32 -3   0  0  0  0  1.  0.0
 13 33  0   0  0  0  0  1.  0.0
 13 34 -3   0  0  0  0  1.  0.0
 13 35  0   0  0  0  0  1.  0.0
 13 36 -3   0  0  0  0  1.  0.0
 13 37  0   0  0  0  0  1.  0.0
 13 38  0   0  0  0  0  1.  0.0
 13 39 -3   0  0  0  0  1.  0.0
 13 40  0   0  0  0  0  1.  0.0
 13 41 -3   0  0  0  0  1.  0.0
 13 42  0   0  0  0  0  1.  0.0
 13 43 -3   0  0  0  0  1.  0.0
 13 43 -3   0  0  0  0  1.  0.0
 13 44  0   0  0  0  0  1.  0.0
 13 45 -3   0  0  0  0  1.  0.0
 13 46  0   0  0  0  0  1.  0.0
 13 47 -3   0  0  0  0  1.  0.0
 13 48 -3   0  0  0  0  1.  0.0
 14 15  0   0  1  0  0  1.  0.7
 14 16  0   0  1  0  0  1.  0.7
 14 17 -3   0  1  0  0  1.  0.7
 14 17 -3   0  1  0  0  1.  0.7
 14 18  0   0  1  0  0  1.  0.7
 14 19 -3   0  1  0  0  1.  0.7
 14 20  0   0  1  0  0  1.  0.7
 14 21  0   0  1  0  0  1.  0.7
 14 22 -3   0  1  0  0  1.  0.7
 14 23  0   0  1  0  0  1.  0.7
 14 24 -3   0  0  0  0  1.  0.0
 14 25 -3   0  0  0  0  1.  0.0
 14 25 -3   0  0  0  0  1.  0.0
 14 26  0   0  0  0  0  1.  0.0
 14 27 -3   0  0  0  0  1.  0.0
 14 28  0   0  0  0  0  1.  0.0
 14 29  0   0  0  0  0  1.  0.0
 14 30  0   0  0  0  0  1.  0.0
 14 31 -3   0  0  0  0  1.  0.0
 14 32  0   0  0  0  0  1.  0.0
 14 33 -3   0  0  0  0  1.  0.0
 14 34  0   0  0  0  0  1.  0.0
 14 35 -3   0  0  0  0  1.  0.0
 14 36  0   0  0  0  0  1.  0.0
 14 37 -3   0  0  0  0  1.  0.0
 14 38 -3   0  0  0  0  1.  0.0
 14 39  0   0  0  0  0  1.  0.0
 14 40 -3   0  0  0  0  1.  0.0
 14 41  0   0  0  0  0  1.  0.0
 14 42 -3   0  0  0  0  1.  0.0
 14 42 -3   0  0  0  0  1.  0.0
 14 43  0   0  0  0  0  1.  0.0
 14 44 -3   0  0  0  0  1.  0.0
 14 45  0   0  0  0  0  1.  0.0
 14 46 -3   0  0  0  0  1.  0.0
 14 47  0   0  0  0  0  1.  0.0
 14 48  0   0  0  0  0  1.  0.0
 15 16 -3   0  1  0  0  1.  0.7
 15 17  0   0  1  0  0  1.  0.7
 15 18 -3   0  1  0  0  1.  0.7
 15 18 -3   0  1  0  0  1.  0.7
 15 19  0   0  1  0  0  1.  0.7
 15 20 -3   0  1  0  0  1.  0.7
 15 21 -3   0  1  0  0  1.  0.7
 15 21 -3   0  1  0  0  1.  0.7
 15 22  0   0  1  0  0  1.  0.7
 15 23 -3   0  1  0  0  1.  0.7
 15 24  0   0  0  0  0  1.  0.0
 15 25  0   0  0  0  0  1.  0.0
 15 26 -3   0  0  0  0  1.  0.0
 15 26 -3   0  0  0  0  1.  0.0
 15 27  0   0  0  0  0  1.  0.0
 15 28 -3   0  0  0  0  1.  0.0
 15 29 -3   0  0  0  0  1.  0.0
 15 30 -3   0  0  0  0  1.  0.0
 15 31  0   0  0  0  0  1.  0.0
 15 32 -3   0  0  0  0  1.  0.0
 15 33  0   0  0  0  0  1.  0.0
 15 34 -3   0  0  0  0  1.  0.0
 15 35  0   0  0  0  0  1.  0.0
 15 36 -3   0  0  0  0  1.  0.0
 15 37  0   0  0  0  0  1.  0.0
 15 38  0   0  0  0  0  1.  0.0
 15 39 -3   0  0  0  0  1.  0.0
 15 40  0   0  0  0  0  1.  0.0
 15 41 -3   0  0  0  0  1.  0.0
 15 42  0   0  0  0  0  1.  0.0
 15 43 -3   0  0  0  0  1.  0.0
 15 43 -3   0  0  0  0  1.  0.0
 15 44  0   0  0  0  0  1.  0.0
 15 45 -3   0  0  0  0  1.  0.0
 15 46  0   0  0  0  0  1.  0.0
 15 47 -3   0  0  0  0  1.  0.0
 15 48 -3   0  0  0  0  1.  0.0
 16 17  0   0  1  0  0  1.  0.7
 16 18  0   0  1  0  0  1.  0.7
 16 19  0   0  1  0  0  1.  0.7
 16 20  0   0  1  0  0  1.  0.7
 16 21  0   0  1  0  0  1.  0.7
 16 22 -3   0  1  0  0  1.  0.7
 16 22 -3   0  1  0  0  1.  0.7
 16 23  0   0  1  0  0  1.  0.7
 16 24 -3   0  0  0  0  1.  0.0
 16 25 -3   0  0  0  0  1.  0.0
 16 26  0   0  0  0  0  1.  0.0
 16 27 -3   0  0  0  0  1.  0.0
 16 27 -3   0  0  0  0  1.  0.0
 16 28  0   0  0  0  0  1.  0.0
 16 29  0   0  0  0  0  1.  0.0
 16 30  0   0  0  0  0  1.  0.0
 16 31 -3   0  0  0  0  1.  0.0
 16 32  0   0  0  0  0  1.  0.0
 16 33 -3   0  0  0  0  1.  0.0
 16 34  0   0  0  0  0  1.  0.0
 16 35 -3   0  0  0  0  1.  0.0
 16 36  0   0  0  0  0  1.  0.0
 16 37 -3   0  0  0  0  1.  0.0
 16 38 -3   0  0  0  0  1.  0.0
 16 39  0   0  0  0  0  1.  0.0
 16 40 -3   0  0  0  0  1.  0.0
 16 41  0   0  0  0  0  1.  0.0
 16 42 -3   0  0  0  0  1.  0.0
 16 43  0   0  0  0  0  1.  0.0
 16 44 -3   0  0  0  0  1.  0.0
 16 45  0   0  0  0  0  1.  0.0
 16 46  0   0  0  0  0  1.  0.0
 16 47  0   0  0  0  0  1.  0.0
 16 48  0   0  0  0  0  1.  0.0
 17 18 -3   0  1  0  0  1.  0.7
 17 18 -3   0  1  0  0  1.  0.7
 17 19  0   0  1  0  0  1.  0.7
 17 20 -3   0  1  0  0  1.  0.7
 17 20 -3   0  1  0  0  1.  0.7
 17 20 -3   0  1  0  0  1.  0.7
 17 21 -3   0  1  0  0  1.  0.7
 17 22  0   0  1  0  0  1.  0.7
 17 23 -3   0  1  0  0  1.  0.7
 17 23 -3   0  1  0  0  1.  0.7
 17 24  0   0  0  0  0  1.  0.0
 17 25  0   0  0  0  0  1.  0.0
 17 26 -3   0  0  0  0  1.  0.0
 17 27  0   0  0  0  0  1.  0.0
 17 28 -3   0  0  0  0  1.  0.0
 17 28 -3   0  0  0  0  1.  0.0
 17 29 -3   0  0  0  0  1.  0.0
 17 30 -3   0  0  0  0  1.  0.0
 17 31  0   0  0  0  0  1.  0.0
 17 32 -3   0  0  0  0  1.  0.0
 17 33  0   0  0  0  0  1.  0.0
 17 34 -3   0  0  0  0  1.  0.0
 17 35  0   0  0  0  0  1.  0.0
 17 36 -3   0  0  0  0  1.  0.0
 17 37  0   0  0  0  0  1.  0.0
 17 38  0   0  0  0  0  1.  0.0
 17 39 -3   0  0  0  0  1.  0.0
 17 40  0   0  0  0  0  1.  0.0
 17 41 -3   0  0  0  0  1.  0.0
 17 42  0   0  0  0  0  1.  0.0
 17 43 -3   0  0  0  0  1.  0.0
 17 43 -3   0  0  0  0  1.  0.0
 17 44  0   0  0  0  0  1.  0.0
 17 45 -3   0  0  0  0  1.  0.0
 17 46  0   0  0  0  0  1.  0.0
 17 47 -3   0  0  0  0  1.  0.0
 17 48 -3   0  0  0  0  1.  0.0
 18 19 -3   0  1  0  0  1.  0.7
 18 20  0   0  1  0  0  1.  0.7
 18 21  0   0  1  0  0  1.  0.7
 18 22 -3   0  1  0  0  1.  0.7
 18 23  0   0  1  0  0  1.  0.7
 18 24 -3   0  0  0  0  1.  0.0
 18 24 -3   0  0  0  0  1.  0.0
 18 25 -3   0  0  0  0  1.  0.0
 18 26  0   0  0  0  0  1.  0.0
 18 27 -3   0  0  0  0  1.  0.0
 18 28  0   0  0  0  0  1.  0.0
 18 29  0   0  0  0  0  1.  0.0
 18 30  0   0  0  0  0  1.  0.0
 18 31 -3   0  0  0  0  1.  0.0
 18 31 -3   0  0  0  0  1.  0.0
 18 32  0   0  0  0  0  1.  0.0
 18 33 -3   0  0  0  0  1.  0.0
 18 34  0   0  0  0  0  1.  0.0
 18 35 -3   0  0  0  0  1.  0.0
 18 36  0   0  0  0  0  1.  0.0
 18 37 -3   0  0  0  0  1.  0.0
 18 38 -3   0  0  0  0  1.  0.0
 18 39  0   0  0  0  0  1.  0.0
 18 40 -3   0  0  0  0  1.  0.0
 18 41  0   0  0  0  0  1.  0.0
 18 42 -3   0  0  0  0  1.  0.0
 18 43  0   0  0  0  0  1.  0.0
 18 44 -3   0  0  0  0  1.  0.0
 18 44 -3   0  0  0  0  1.  0.0
 18 45  0   0  0  0  0  1.  0.0
 18 46 -3   0  0  0  0  1.  0.0
 18 47  0   0  0  0  0  1.  0.0
 18 48  0   0  0  0  0  1.  0.0
 19 20 -3   0  1  0  0  1.  0.7
 19 20 -3   0  1  0  0  1.  0.7
 19 21 -3   0  1  0  0  1.  0.7
 19 21 -3   0  1  0  0  1.  0.7
 19 22  0   0  1  0  0  1.  0.7
 19 23 -3   0  1  0  0  1.  0.7
 19 24  0   0  0  0  0  1.  0.0
 19 25  0   0  0  0  0  1.  0.0
 19 26 -3   0  0  0  0  1.  0.0
 19 27  0   0  0  0  0  1.  0.0
 19 28 -3   0  0  0  0  1.  0.0
 19 29 -3   0  0  0  0  1.  0.0
 19 30 -3   0  0  0  0  1.  0.0
 19 30 -3   0  0  0  0  1.  0.0
 19 31  0   0  0  0  0  1.  0.0
 19 32 -3   0  0  0  0  1.  0.0
 19 33  0   0  0  0  0  1.  0.0
 19 34 -3   0  0  0  0  1.  0.0
 19 35  0   0  0  0  0  1.  0.0
 19 36 -3   0  0  0  0  1.  0.0
 19 37  0   0  0  0  0  1.  0.0
 19 38  0   0  0  0  0  1.  0.0
 19 39 -3   0  0  0  0  1.  0.0
 19 40  0   0  0  0  0  1.  0.0
 19 41 -3   0  0  0  0  1.  0.0
 19 42  0   0  0  0  0  1.  0.0
 19 43 -3   0  0  0  0  1.  0.0
 19 44  0   0  0  0  0  1.  0.0
 19 45 -3   0  0  0  0  1.  0.0
 19 45 -3   0  0  0  0  1.  0.0
 19 46  0   0  0  0  0  1.  0.0
 19 47 -3   0  0  0  0  1.  0.0
 19 48 -3   0  0  0  0  1.  0.0
 20 21  0   0  1  0  0  1.  0.7
 20 22 -3   0  1  0  0  1.  0.7
 20 22 -3   0  1  0  0  1.  0.7
 20 23  0   0  1  0  0  1.  0.7
 20 24 -3   0  0  0  0  1.  0.0
 20 25 -3   0  0  0  0  1.  0.0
 20 25 -3   0  0  0  0  1.  0.0
 20 26  0   0  0  0  0  1.  0.0
 20 27 -3   0  0  0  0  1.  0.0
 20 28  0   0  0  0  0  1.  0.0
 20 29  0   0  0  0  0  1.  0.0
 20 30  0   0  0  0  0  1.  0.0
 20 31 -3   0  0  0  0  1.  0.0
 20 31 -3   0  0  0  0  1.  0.0
 20 32  0   0  0  0  0  1.  0.0
 20 33 -3   0  0  0  0  1.  0.0
 20 33 -3   0  0  0  0  1.  0.0
 20 34  0   0  0  0  0  1.  0.0
 20 35 -3   0  0  0  0  1.  0.0
 20 36  0   0  0  0  0  1.  0.0
 20 37 -3   0  0  0  0  1.  0.0
 20 38 -3   0  0  0  0  1.  0.0
 20 39  0   0  0  0  0  1.  0.0
 20 40 -3   0  0  0  0  1.  0.0
 20 41  0   0  0  0  0  1.  0.0
 20 42 -3   0  0  0  0  1.  0.0
 20 43  0   0  0  0  0  1.  0.0
 20 44 -3   0  0  0  0  1.  0.0
 20 45  0   0  0  0  0  1.  0.0
 20 46 -3   0  0  0  0  1.  0.0
 20 46 -3   0  0  0  0  1.  0.0
 20 47  0   0  0  0  0  1.  0.0
 20 48  0   0  0  0  0  1.  0.0
 21 22  0   0  1  0  0  1.  0.7
 21 23  0   0  1  0  0  1.  0.7
 21 24 -3   0  0  0  0  1.  0.0
 21 24 -3   0  0  0  0  1.  0.0
 21 25 -3   0  0  0  0  1.  0.0
 21 26  0   0  0  0  0  1.  0.0
 21 27 -3   0  0  0  0  1.  0.0
 21 27 -3   0  0  0  0  1.  0.0
 21 28  0   0  0  0  0  1.  0.0
 21 29  0   0  0  0  0  1.  0.0
 21 30  0   0  0  0  0  1.  0.0
 21 31 -3   0  0  0  0  1.  0.0
 21 32  0   0  0  0  0  1.  0.0
 21 33 -3   0  0  0  0  1.  0.0
 21 33 -3   0  0  0  0  1.  0.0
 21 34  0   0  0  0  0  1.  0.0
 21 35 -3   0  0  0  0  1.  0.0
 21 36  0   0  0  0  0  1.  0.0
 21 37 -3   0  0  0  0  1.  0.0
 21 38 -3   0  0  0  0  1.  0.0
 21 39  0   0  0  0  0  1.  0.0
 21 40 -3   0  0  0  0  1.  0.0
 21 41  0   0  0  0  0  1.  0.0
 21 42 -3   0  0  0  0  1.  0.0
 21 43  0   0  0  0  0  1.  0.0
 21 44 -3   0  0  0  0  1.  0.0
 21 45  0   0  0  0  0  1.  0.0
 21 46 -3   0  0  0  0  1.  0.0
 21 46 -3   0  0  0  0  1.  0.0
 21 47  0   0  0  0  0  1.  0.0
 21 48  0   0  0  0  0  1.  0.0
 22 23  0   0  1  0  0  1.  0.7
 22 24  0   0  0  0  0  1.  0.0
 22 25  0   0  0  0  0  1.  0.0
 22 26 -3   0  0  0  0  1.  0.0
 22 27  0   0  0  0  0  1.  0.0
 22 28 -3   0  0  0  0  1.  0.0
 22 28 -3   0  0  0  0  1.  0.0
 22 29 -3   0  0  0  0  1.  0.0
 22 30 -3   0  0  0  0  1.  0.0
 22 31  0   0  0  0  0  1.  0.0
 22 32 -3   0  0  0  0  1.  0.0
 22 32 -3   0  0  0  0  1.  0.0
 22 33  0   0  0  0  0  1.  0.0
 22 34 -3   0  0  0  0  1.  0.0
 22 35  0   0  0  0  0  1.  0.0
 22 36 -3   0  0  0  0  1.  0.0
 22 37  0   0  0  0  0  1.  0.0
 22 38  0   0  0  0  0  1.  0.0
 22 39 -3   0  0  0  0  1.  0.0
 22 40  0   0  0  0  0  1.  0.0
 22 41 -3   0  0  0  0  1.  0.0
 22 42  0   0  0  0  0  1.  0.0
 22 43 -3   0  0  0  0  1.  0.0
 22 44  0   0  0  0  0  1.  0.0
 22 45 -3   0  0  0  0  1.  0.0
 22 46  0   0  0  0  0  1.  0.0
 22 47 -3   0  0  0  0  1.  0.0
 22 48  0   0  0  0  0  1.  0.0
 23 24 -3   0  0  0  0  1.  0.0
 23 24 -3   0  0  0  0  1.  0.0
 23 25 -3   0  0  0  0  1.  0.0
 23 25 -3   0  0  0  0  1.  0.0
 23 25 -3   0  0  0  0  1.  0.0
 23 26  0   0  0  0  0  1.  0.0
 23 27 -3   0  0  0  0  1.  0.0
 23 27 -3   0  0  0  0  1.  0.0
 23 28  0   0  0  0  0  1.  0.0
 23 29  0   0  0  0  0  1.  0.0
 23 30  0   0  0  0  0  1.  0.0
 23 31 -3   0  0  0  0  1.  0.0
 23 31 -3   0  0  0  0  1.  0.0
 23 32  0   0  0  0  0  1.  0.0
 23 33 -3   0  0  0  0  1.  0.0
 23 34  0   0  0  0  0  1.  0.0
 23 35 -3   0  0  0  0  1.  0.0
 23 35 -3   0  0  0  0  1.  0.0
 23 36  0   0  0  0  0  1.  0.0
 23 37 -3   0  0  0  0  1.  0.0
 23 38 -3   0  0  0  0  1.  0.0
 23 39  0   0  0  0  0  1.  0.0
 23 40 -3   0  0  0  0  1.  0.0
 23 41  0   0  0  0  0  1.  0.0
 23 42 -3   0  0  0  0  1.  0.0
 23 43  0   0  0  0  0  1.  0.0
 23 44 -3   0  0  0  0  1.  0.0
 23 45  0   0  0  0  0  1.  0.0
 23 46 -3   0  0  0  0  1.  0.0
 23 47  0   0  0  0  0  1.  0.0
 23 48  0   0  0  0  0  1.  0.0
 24 25  0   0  1  0  0  1.  0.7
 24 26 -3   0  1  0  0  1.  0.7
 24 26 -3   0  1  0  0  1.  0.7
 24 27  0   0  1  0  0  1.  0.7
 24 28 -3   0  1  0  0  1.  0.7
 24 28 -3   0  1  0  0  1.  0.7
 24 29 -3   0  0  0  0  1.  0.0
 24 30 -3   0  0  0  0  1.  0.0
 24 30 -3   0  0  0  0  1.  0.0
 24 31  0   0  0  0  0  1.  0.0
 24 32 -3   0  0  0  0  1.  0.0
 24 33  0   0  0  0  0  1.  0.0
 24 34 -3   0  0  0  0  1.  0.0
 24 35  0   0  0  0  0  1.  0.0
 24 36 -3   0  0  0  0  1.  0.0
 24 36 -3   0  0  0  0  1.  0.0
 24 37  0   0  0  0  0  1.  0.0
 24 38  0   0  0  0  0  1.  0.0
 24 39 -3   0  0  0  0  1.  0.0
 24 40  0   0  0  0  0  1.  0.0
 24 41 -3   0  0  0  0  1.  0.0
 24 42  0   0  0  0  0  1.  0.0
 24 43 -3   0  0  0  0  1.  0.0
 24 44  0   0  0  0  0  1.  0.0
 24 45 -3   0  0  0  0  1.  0.0
 24 46  0   0  0  0  0  1.  0.0
 24 47 -3   0  0  0  0  1.  0.0
 24 48 -3   0  0  0  0  1.  0.0
 25 26 -3   0  1  0  0  1.  0.7
 25 26 -3   0  1  0  0  1.  0.7
 25 27  0   0  1  0  0  1.  0.7
 25 28 -3   0  1  0  0  1.  0.7
 25 28 -3   0  1  0  0  1.  0.7
 25 28 -3   0  1  0  0  1.  0.7
 25 29 -3   0  0  0  0  1.  0.0
 25 29 -3   0  0  0  0  1.  0.0
 25 30 -3   0  0  0  0  1.  0.0
 25 31  0   0  0  0  0  1.  0.0
 25 32 -3   0  0  0  0  1.  0.0
 25 32 -3   0  0  0  0  1.  0.0
 25 33  0   0  0  0  0  1.  0.0
 25 34 -3   0  0  0  0  1.  0.0
 25 35  0   0  0  0  0  1.  0.0
 25 36 -3   0  0  0  0  1.  0.0
 25 37  0   0  0  0  0  1.  0.0
 25 38  0   0  0  0  0  1.  0.0
 25 39 -3   0  0  0  0  1.  0.0
 25 39 -3   0  0  0  0  1.  0.0
 25 40  0   0  0  0  0  1.  0.0
 25 41 -3   0  0  0  0  1.  0.0
 25 41 -3   0  0  0  0  1.  0.0
 25 42  0   0  0  0  0  1.  0.0
 25 43 -3   0  0  0  0  1.  0.0
 25 44  0   0  0  0  0  1.  0.0
 25 45 -3   0  0  0  0  1.  0.0
 25 46  0   0  0  0  0  1.  0.0
 25 47 -3   0  0  0  0  1.  0.0
 25 48 -3   0  0  0  0  1.  0.0
 25 48 -3   0  0  0  0  1.  0.0
 26 27 -3   0  1  0  0  1.  0.7
 26 27 -3   0  1  0  0  1.  0.7
 26 27 -3   0  1  0  0  1.  0.7
 26 28  0   0  1  0  0  1.  0.7
 26 29  0   0  0  0  0  1.  0.0
 26 30  0   0  0  0  0  1.  0.0
 26 31 -3   0  0  0  0  1.  0.0
 26 31 -3   0  0  0  0  1.  0.0
 26 32  0   0  0  0  0  1.  0.0
 26 33 -3   0  0  0  0  1.  0.0
 26 33 -3   0  0  0  0  1.  0.0
 26 34  0   0  0  0  0  1.  0.0
 26 35 -3   0  0  0  0  1.  0.0
 26 36  0   0  0  0  0  1.  0.0
 26 37 -3   0  0  0  0  1.  0.0
 26 37 -3   0  0  0  0  1.  0.0
 26 38 -3   0  0  0  0  1.  0.0
 26 38 -3   0  0  0  0  1.  0.0
 26 39  0   0  0  0  0  1.  0.0
 26 40 -3   0  0  0  0  1.  0.0
 26 40 -3   0  0  0  0  1.  0.0
 26 41  0   0  0  0  0  1.  0.0
 26 42 -3   0  0  0  0  1.  0.0
 26 43  0   0  0  0  0  1.  0.0
 26 44 -3   0  0  0  0  1.  0.0
 26 45  0   0  0  0  0  1.  0.0
 26 46 -3   0  0  0  0  1.  0.0
 26 47  0   0  0  0  0  1.  0.0
 26 48  0   0  0  0  0  1.  0.0
 27 28 -3   0  1  0  0  1.  0.7
 27 28 -3   0  1  0  0  1.  0.7
 27 29 -3   0  0  0  0  1.  0.0
 27 29 -3   0  0  0  0  1.  0.0
 27 30 -3   0  0  0  0  1.  0.0
 27 30 -3   0  0  0  0  1.  0.0
 27 30 -3   0  0  0  0  1.  0.0
 27 31  0   0  0  0  0  1.  0.0
 27 32 -3   0  0  0  0  1.  0.0
 27 32 -3   0  0  0  0  1.  0.0
 27 32 -3   0  0  0  0  1.  0.0
 27 33  0   0  0  0  0  1.  0.0
 27 34 -3   0  0  0  0  1.  0.0
 27 34 -3   0  0  0  0  1.  0.0
 27 35  0   0  0  0  0  1.  0.0
 27 36 -3   0  0  0  0  1.  0.0
 27 37  0   0  0  0  0  1.  0.0
 27 38  0   0  0  0  0  1.  0.0
 27 39 -3   0  0  0  0  1.  0.0
 27 40  0   0  0  0  0  1.  0.0
 27 41 -3   0  0  0  0  1.  0.0
 27 41 -3   0  0  0  0  1.  0.0
 27 42  0   0  0  0  0  1.  0.0
 27 43 -3   0  0  0  0  1.  0.0
 27 43 -3   0  0  0  0  1.  0.0
 27 44  0   0  0  0  0  1.  0.0
 27 45 -3   0  0  0  0  1.  0.0
 27 46  0   0  0  0  0  1.  0.0
 27 47 -3   0  0  0  0  1.  0.0
 27 48 -3   0  0  0  0  1.  0.0
 28 29  0   0  0  0  0  1.  0.0
 28 30  0   0  0  0  0  1.  0.0
 28 31 -3   0  0  0  0  1.  0.0
 28 31 -3   0  0  0  0  1.  0.0
 28 31 -3   0  0  0  0  1.  0.0
 28 32  0   0  0  0  0  1.  0.0
 28 33 -3   0  0  0  0  1.  0.0
 28 34  0   0  0  0  0  1.  0.0
 28 35 -3   0  0  0  0  1.  0.0
 28 35 -3   0  0  0  0  1.  0.0
 28 36  0   0  0  0  0  1.  0.0
 28 37 -3   0  0  0  0  1.  0.0
 28 38 -3   0  0  0  0  1.  0.0
 28 39  0   0  0  0  0  1.  0.0
 28 40 -3   0  0  0  0  1.  0.0
 28 41  0   0  0  0  0  1.  0.0
 28 42 -3   0  0  0  0  1.  0.0
 28 42 -3   0  0  0  0  1.  0.0
 28 43  0   0  0  0  0  1.  0.0
 28 44 -3   0  0  0  0  1.  0.0
 28 45  0   0  0  0  0  1.  0.0
 28 46 -3   0  0  0  0  1.  0.0
 28 47  0   0  0  0  0  1.  0.0
 28 48  0   0  0  0  0  1.  0.0
 29 30  0   0  1  0  0  1.  0.7
 29 31 -3   0  1  0  0  1.  0.7
 29 31 -3   0  1  0  0  1.  0.7
 29 32  0   0  0  0  0  1.  0.0
 29 33 -3   0  0  0  0  1.  0.0
 29 33 -3   0  0  0  0  1.  0.0
 29 34  0   0  0  0  0  1.  0.0
 29 35 -3   0  0  0  0  1.  0.0
 29 35 -3   0  0  0  0  1.  0.0
 29 36  0   0  0  0  0  1.  0.0
 29 37 -3   0  0  0  0  1.  0.0
 29 37 -3   0  0  0  0  1.  0.0
 29 38 -3   0  0  0  0  1.  0.0
 29 39  0   0  0  0  0  1.  0.0
 29 40 -3   0  0  0  0  1.  0.0
 29 41  0   0  0  0  0  1.  0.0
 29 42 -3   0  0  0  0  1.  0.0
 29 42 -3   0  0  0  0  1.  0.0
 29 43  0   0  0  0  0  1.  0.0
 29 44 -3   0  0  0  0  1.  0.0
 29 45  0   0  0  0  0  1.  0.0
 29 46 -3   0  0  0  0  1.  0.0
 29 47  0   0  0  0  0  1.  0.0
 29 48  0   0  0  0  0  1.  0.0
 30 31 -3   0  1  0  0  1.  0.7
 30 31 -3   0  1  0  0  1.  0.7
 30 32  0   0  0  0  0  1.  0.0
 30 33 -3   0  0  0  0  1.  0.0
 30 33 -3   0  0  0  0  1.  0.0
 30 33 -3   0  0  0  0  1.  0.0
 30 34  0   0  0  0  0  1.  0.0
 30 35 -3   0  0  0  0  1.  0.0
 30 35 -3   0  0  0  0  1.  0.0
 30 36  0   0  0  0  0  1.  0.0
 30 37 -3   0  0  0  0  1.  0.0
 30 37 -3   0  0  0  0  1.  0.0
 30 38 -3   0  0  0  0  1.  0.0
 30 38 -3   0  0  0  0  1.  0.0
 30 39  0   0  0  0  0  1.  0.0
 30 40 -3   0  0  0  0  1.  0.0
 30 41  0   0  0  0  0  1.  0.0
 30 42 -3   0  0  0  0  1.  0.0
 30 42 -3   0  0  0  0  1.  0.0
 30 43  0   0  0  0  0  1.  0.0
 30 44 -3   0  0  0  0  1.  0.0
 30 44 -3   0  0  0  0  1.  0.0
 30 45  0   0  0  0  0  1.  0.0
 30 46 -3   0  0  0  0  1.  0.0
 30 47  0   0  0  0  0  1.  0.0
 30 48  0   0  0  0  0  1.  0.0
 31 32 -3   0  0  0  0  1.  0.0
 31 32 -3   0  0  0  0  1.  0.0
 31 32 -3   0  0  0  0  1.  0.0
 31 33  0   0  0  0  0  1.  0.0
 31 34 -3   0  0  0  0  1.  0.0
 31 34 -3   0  0  0  0  1.  0.0
 31 35  0   0  0  0  0  1.  0.0
 31 36 -3   0  0  0  0  1.  0.0
 31 36 -3   0  0  0  0  1.  0.0
 31 37  0   0  0  0  0  1.  0.0
 31 38  0   0  0  0  0  1.  0.0
 31 39 -3   0  0  0  0  1.  0.0
 31 39 -3   0  0  0  0  1.  0.0
 31 40  0   0  0  0  0  1.  0.0
 31 41 -3   0  0  0  0  1.  0.0
 31 42  0   0  0  0  0  1.  0.0
 31 43 -3   0  0  0  0  1.  0.0
 31 43 -3   0  0  0  0  1.  0.0
 31 44  0   0  0  0  0  1.  0.0
 31 45 -3   0  0  0  0  1.  0.0
 31 45 -3   0  0  0  0  1.  0.0
 31 46  0   0  0  0  0  1.  0.0
 31 47 -3   0  0  0  0  1.  0.0
 31 48 -3   0  0  0  0  1.  0.0
 32 33 -3   0  1  0  0  1.  0.7
 32 33 -3   0  1  0  0  1.  0.7
 32 34  0   0  0  0  0  1.  0.0
 32 35 -3   0  0  0  0  1.  0.0
 32 35 -3   0  0  0  0  1.  0.0
 32 35 -3   0  0  0  0  1.  0.0
 32 36  0   0  0  0  0  1.  0.0
 32 37 -3   0  0  0  0  1.  0.0
 32 37 -3   0  0  0  0  1.  0.0
 32 38 -3   0  0  0  0  1.  0.0
 32 39  0   0  0  0  0  1.  0.0
 32 40 -3   0  0  0  0  1.  0.0
 32 40 -3   0  0  0  0  1.  0.0
 32 41  0   0  0  0  0  1.  0.0
 32 42 -3   0  0  0  0  1.  0.0
 32 42 -3   0  0  0  0  1.  0.0
 32 43  0   0  0  0  0  1.  0.0
 32 44 -3   0  0  0  0  1.  0.0
 32 44 -3   0  0  0  0  1.  0.0
 32 45  0   0  0  0  0  1.  0.0
 32 46 -3   0  0  0  0  1.  0.0
 32 46 -3   0  0  0  0  1.  0.0
 32 47  0   0  0  0  0  1.  0.0
 32 48  0   0  0  0  0  1.  0.0
 33 34 -3   0  0  0  0  1.  0.0
 33 34 -3   0  0  0  0  1.  0.0
 33 34 -3   0  0  0  0  1.  0.0
 33 35  0   0  0  0  0  1.  0.0
 33 36 -3   0  0  0  0  1.  0.0
 33 36 -3   0  0  0  0  1.  0.0
 33 37  0   0  0  0  0  1.  0.0
 33 38  0   0  0  0  0  1.  0.0
 33 39 -3   0  0  0  0  1.  0.0
 33 40  0   0  0  0  0  1.  0.0
 33 41 -3   0  0  0  0  1.  0.0
 33 41 -3   0  0  0  0  1.  0.0
 33 42  0   0  0  0  0  1.  0.0
 33 43 -3   0  0  0  0  1.  0.0
 33 43 -3   0  0  0  0  1.  0.0
 33 44  0   0  0  0  0  1.  0.0
 33 45 -3   0  0  0  0  1.  0.0
 33 45 -3   0  0  0  0  1.  0.0
 33 46  0   0  0  0  0  1.  0.0
 33 47 -3   0  0  0  0  1.  0.0
 33 47 -3   0  0  0  0  1.  0.0
 33 48 -3   0  0  0  0  1.  0.0
 34 35 -3   0  1  0  0  1.  0.7
 34 35 -3   0  1  0  0  1.  0.7
 34 36  0   0  0  0  0  1.  0.0
 34 37 -3   0  0  0  0  1.  0.0
 34 37 -3   0  0  0  0  1.  0.0
 34 37 -3   0  0  0  0  1.  0.0
 34 38 -3   0  0  0  0  1.  0.0
 34 38 -3   0  0  0  0  1.  0.0
 34 38 -3   0  0  0  0  1.  0.0
 34 39  0   0  0  0  0  1.  0.0
 34 40 -3   0  0  0  0  1.  0.0
 34 40 -3   0  0  0  0  1.  0.0
 34 41  0   0  0  0  0  1.  0.0
 34 42 -3   0  0  0  0  1.  0.0
 34 42 -3   0  0  0  0  1.  0.0
 34 43  0   0  0  0  0  1.  0.0
 34 44 -3   0  0  0  0  1.  0.0
 34 44 -3   0  0  0  0  1.  0.0
 34 45  0   0  0  0  0  1.  0.0
 34 46 -3   0  0  0  0  1.  0.0
 34 46 -3   0  0  0  0  1.  0.0
 34 47  0   0  0  0  0  1.  0.0
 34 48  0   0  0  0  0  1.  0.0
 35 36 -3   0  0  0  0  1.  0.0
 35 36 -3   0  0  0  0  1.  0.0
 35 37  0   0  0  0  0  1.  0.0
 35 38  0   0  0  0  0  1.  0.0
 35 39 -3   0  0  0  0  1.  0.0
 35 39 -3   0  0  0  0  1.  0.0
 35 39 -3   0  0  0  0  1.  0.0
 35 40  0   0  0  0  0  1.  0.0
 35 41 -3   0  0  0  0  1.  0.0
 35 41 -3   0  0  0  0  1.  0.0
 35 42  0   0  0  0  0  1.  0.0
 35 43 -3   0  0  0  0  1.  0.0
 35 43 -3   0  0  0  0  1.  0.0
 35 44  0   0  0  0  0  1.  0.0
 35 45 -3   0  0  0  0  1.  0.0
 35 46  0   0  0  0  0  1.  0.0
 35 47 -3   0  0  0  0  1.  0.0
 35 47 -3   0  0  0  0  1.  0.0
 35 48 -3   0  0  0  0  1.  0.0
 36 37 -3   0  1  0  0  1.  0.7
 36 38 -3   0  0  0  0  1.  0.0
 36 38 -3   0  0  0  0  1.  0.0
 36 39  0   0  0  0  0  1.  0.0
 36 40 -3   0  0  0  0  1.  0.0
 36 40 -3   0  0  0  0  1.  0.0
 36 40 -3   0  0  0  0  1.  0.0
 36 41  0   0  0  0  0  1.  0.0
 36 42 -3   0  0  0  0  1.  0.0
 36 42 -3   0  0  0  0  1.  0.0
 36 43  0   0  0  0  0  1.  0.0
 36 44 -3   0  0  0  0  1.  0.0
 36 44 -3   0  0  0  0  1.  0.0
 36 45  0   0  0  0  0  1.  0.0
 36 46 -3   0  0  0  0  1.  0.0
 36 46 -3   0  0  0  0  1.  0.0
 36 47  0   0  0  0  0  1.  0.0
 36 48  0   0  0  0  0  1.  0.0
 37 38  0   0  0  0  0  1.  0.0
 37 39 -3   0  0  0  0  1.  0.0
 37 39 -3   0  0  0  0  1.  0.0
 37 40  0   0  0  0  0  1.  0.0
 37 41 -3   0  0  0  0  1.  0.0
 37 41 -3   0  0  0  0  1.  0.0
 37 41 -3   0  0  0  0  1.  0.0
 37 42  0   0  0  0  0  1.  0.0
 37 43 -3   0  0  0  0  1.  0.0
 37 43 -3   0  0  0  0  1.  0.0
 37 44  0   0  0  0  0  1.  0.0
 37 45 -3   0  0  0  0  1.  0.0
 37 45 -3   0  0  0  0  1.  0.0
 37 46  0   0  0  0  0  1.  0.0
 37 47 -3   0  0  0  0  1.  0.0
 37 47 -3   0  0  0  0  1.  0.0
 37 48 -3   0  0  0  0  1.  0.0
 37 48 -3   0  0  0  0  1.  0.0
 38 39  0   0  0  0  0  1.  0.0
 38 40  0   0  0  0  0  1.  0.0
 38 41  0   0  0  0  0  1.  0.0
 38 42  0   0  0  0  0  1.  0.0
 38 43  0   0  0  0  0  1.  0.0
 38 44  0   0  0  0  0  1.  0.0
 38 45  0   0  0  0  0  1.  0.0
 38 46  0   0  0  0  0  1.  0.0
 38 47  0   0  0  0  0  1.  0.0
 38 48  0   0  0  0  0  1.  0.0
 39 40  0   0  0  0  0  1.  0.0
 39 41  0   0  0  0  0  1.  0.0
 39 42  0   0  0  0  0  1.  0.0
 39 43  0   0  0  0  0  1.  0.0
 39 44  0   0  0  0  0  1.  0.0
 39 45  0   0  0  0  0  1.  0.0
 39 46  0   0  0  0  0  1.  0.0
 39 47  0   0  0  0  0  1.  0.0
 39 48  0   0  0  0  0  1.  0.0
 40 41  0   0  0  0  0  1.  0.0
 40 42  0   0  0  0  0  1.  0.0
 40 43  0   0  0  0  0  1.  0.0
 40 44  0   0  0  0  0  1.  0.0
 40 45  0   0  0  0  0  1.  0.0
 40 46  0   0  0  0  0  1.  0.0
 40 47  0   0  0  0  0  1.  0.0
 40 48  0   0  0  0  0  1.  0.0
 41 42  0   0  0  0  0  1.  0.0
 41 43  0   0  0  0  0  1.  0.0
 41 44  0   0  0  0  0  1.  0.0
 41 45  0   0  0  0  0  1.  0.0
 41 46  0   0  0  0  0  1.  0.0
 41 47  0   0  0  0  0  1.  0.0
 41 48  0   0  0  0  0  1.  0.0
 42 43  0   0  0  0  0  1.  0.0
 42 44  0   0  0  0  0  1.  0.0
 42 45  0   0  0  0  0  1.  0.0
 42 46  0   0  0  0  0  1.  0.0
 42 47  0   0  0  0  0  1.  0.0
 42 48  0   0  0  0  0  1.  0.0
 43 44  0   0  0  0  0  1.  0.0
 43 45  0   0  0  0  0  1.  0.0
 43 46  0   0  0  0  0  1.  0.0
 43 47  0   0  0  0  0  1.  0.0
 43 48  0   0  0  0  0  1.  0.0
 44 45  0   0  0  0  0  1.  0.0
 44 46  0   0  0  0  0  1.  0.0
 44 47  0   0  0  0  0  1.  0.0
 44 48  0   0  0  0  0  1.  0.0
 45 46  0   0  0  0  0  1.  0.0
 45 47  0   0  0  0  0  1.  0.0
 45 48  0   0  0  0  0  1.  0.0
 46 47  0   0  0  0  0  1.  0.0
 46 48  0   0  0  0  0  1.  0.0
 47 48  0   0  0  0  0  1.  0.0
