****** Levels
 2.61119268E+16     6.   2  ' even   1 '  2  0.     0
 2.47559475E+16    68.   2  ' even   2 '  2  0.     0
 2.40590770E+16   118.   2  ' even   3 '  2  0.     0
 2.37018218E+16    16.   2  ' even   4 '  2  0.     0
 2.29996279E+16    28.   2  ' even   5 '  2  0.     0
 2.20096063E+16    16.   2  ' even   6 '  2  0.     0
 1.70582075E+16    50.   3  ' even   7 '  2  0.     0
 1.59606250E+16   256.   3  ' even   8 '  2  0.     0
 1.48229144E+16   102.   3  ' even   9 '  2  0.     0
 1.44410940E+16   150.   3  '  odd   1 '  2  0.     0
 1.34382113E+16    12.   3  ' even  10 '  2  0.     0
 1.33545350E+16   744.   3  '  odd   2 '  2  0.     0
 1.22055991E+16   330.   3  '  odd   3 '  2  0.     0
 1.09199444E+16    30.   3  '  odd   4 '  2  0.  -110
 1.05884556E+16   244.   3  ' even  11 '  2  0.  -110
 9.85692457E+15     6.   3  '  odd   5 '  2  0.  -110
 9.52865550E+15  1128.   4  ' even  12 '  2  0.  -110
 8.28557371E+15   888.   4  ' even  13 '  2  0.  -110
 7.71196737E+15   500.   4  '  odd   6 '  2  0.  -110
 6.58707011E+15   500.   4  ' even  14 '  2  0.  -110
 6.57967170E+15  2674.   4  '  odd   7 '  2  0.  -110
 5.16781953E+15  1554.   5  '  odd   8 '  2  0.  -110
 5.00705427E+15  2074.   5  ' even  15 '  2  0.  -110
 3.63940480E+15  4798.   6  '  odd   9 '  2  0.  -110
 3.62610971E+15  4490.   6  ' even  16 '  2  0.  -110
 2.31047451E+15  7858.   7  ' even  17 '  2  0.  -110
 2.23488028E+15  9490.   7  '  odd  10 '  2  0.  -110
 1.33376881E+15 12962.   9  ' even  18 '  2  0.  -110
 1.14674207E+15 16122.  10  '  odd  11 '  2  0.  -110
 4.82880601E+14 18562.  16  ' even  19 '  2  0.  -110
 3.97499845E+14 12868.  17  '  odd  12 '  2  0.  -110
-4.90078969E+14  7636.  20  ' even  20 '  0  0.  -110
-4.92987443E+14  6948.  20  '  odd  13 '  0  0.  -110
-1.41814683E+15  3052.  20  ' even  21 '  0  0.  -110
-1.52244110E+15  1440.  20  '  odd  14 '  0  0.  -110
-2.90675947E+15   686.  20  ' even  22 '  0  0.  -110
-3.98814184E+15  4464.  20  '  odd  15 '  0  0.  -110
-5.44555371E+15  2102.  20  ' even  23 '  0  0.  -110
-6.03011175E+15  1112.  20  '  odd  16 '  0  0.  -110
-7.31864891E+15  2650.  20  '  odd  17 '  0  0.  -110
-7.39388956E+15  2738.  20  ' even  24 '  0  0.  -110
-9.01943596E+15   480.  20  ' even  25 '  0  0.  -110
****** Continuum transitions
  1 43  1  75  0  0  0  1.40E-19  0.
  2 43  1  75  0  0  0  1.44E-19  0.
  3 43  1  75  0  0  0  1.46E-19  0.
  4 43  1  75  0  0  0  1.47E-19  0.
  5 43  1  75  0  0  0  1.50E-19  0.
  6 43  1  75  0  0  0  1.53E-19  0.
  7 43  1  75  0  0  0  1.74E-19  0.
  8 43  1  75  0  0  0  1.79E-19  0.
  9 43  1  75  0  0  0  1.86E-19  0.
 10 43  1  75  0  0  0  1.89E-19  0.
 11 43  1  75  0  0  0  1.96E-19  0.
 12 43  1  75  0  0  0  1.96E-19  0.
 13 43  1  75  0  0  0  2.05E-19  0.
 14 43  1  75  0  0  0  2.17E-19  0.
 15 43  1  75  0  0  0  2.20E-19  0.
 16 43  1  75  0  0  0  2.28E-19  0.
 17 43  1  75  0  0  0  2.32E-19  0.
 18 43  1  75  0  0  0  2.49E-19  0.
 19 43  1  75  0  0  0  2.58E-19  0.
 20 43  1  75  0  0  0  2.79E-19  0.
 21 43  1  75  0  0  0  2.80E-19  0.
 22 43  1  75  0  0  0  3.15E-19  0.
 23 43  1  75  0  0  0  3.20E-19  0.
 24 43  1  75  0  0  0  3.76E-19  0.
 25 43  1  75  0  0  0  3.77E-19  0.
 26 43  1  75  0  0  0  4.72E-19  0.
 27 43  1  75  0  0  0  4.80E-19  0.
 28 43  1  75  0  0  0  6.21E-19  0.
 29 43  1  75  0  0  0  6.70E-19  0.
 30 43  1  75  0  0  0  1.03E-18  0.
 31 43  1  75  0  0  0  1.14E-18  0.
 32 43  0   0  0  0  0  1.00E-12  0.
 33 43  0   0  0  0  0  1.00E-12  0.
 34 43  0   0  0  0  0  1.00E-12  0.
 35 43  0   0  0  0  0  1.00E-12  0.
 36 43  0   0  0  0  0  1.00E-12  0.
 37 43  0   0  0  0  0  1.00E-12  0.
 38 43  0   0  0  0  0  1.00E-12  0.
 39 43  0   0  0  0  0  1.00E-12  0.
 40 43  0   0  0  0  0  1.00E-12  0.
 41 43  0   0  0  0  0  1.00E-12  0.
 42 43  0   0  0  0  0  1.00E-12  0.
*** Line transitions
  1  2  0   0  9  0  0  0.  0.05
  1  3  0   0  9  0  0  0.  0.05
  1  4  0   0  9  0  0  0.  0.05
  1  5  0   0  9  0  0  0.  0.05
  1  6  0   0  9  0  0  0.  0.05
  1  7  0   0  9  0  0  0.  0.05
  1  8  0   0  9  0  0  0.  0.05
  1  9  0   0  9  0  0  0.  0.05
  1 10 -3   0  9  0  0  0.  0.05
  1 11  0   0  9  0  0  0.  0.05
  1 12 -3   0  9  0  0  0.  0.05
  1 12 -3   0  9  0  0  0.  0.05
  1 13 -3   0  9  0  0  0.  0.05
  1 14 -3   0  9  0  0  0.  0.05
  1 15  0   0  9  0  0  0.  0.05
  1 16 -3   0  9  0  0  0.  0.05
  1 17  0   0  9  0  0  0.  0.05
  1 18  0   0  9  0  0  0.  0.05
  1 19 -3   0  9  0  0  0.  0.05
  1 20  0   0  9  0  0  0.  0.05
  1 21 -3   0  9  0  0  0.  0.05
  1 22 -3   0  9  0  0  0.  0.05
  1 23  0   0  9  0  0  0.  0.05
  1 24 -3   0  9  0  0  0.  0.05
  1 25  0   0  9  0  0  0.  0.05
  1 26  0   0  9  0  0  0.  0.05
  1 27 -3   0  9  0  0  0.  0.05
  1 28  0   0  9  0  0  0.  0.05
  1 29 -3   0  9  0  0  0.  0.05
  1 30  0   0  9  0  0  0.  0.05
  1 31 -3   0  9  0  0  0.  0.05
  1 32  0   0  9  0  0  0.  0.05
  1 33 -3   0  9  0  0  0.  0.05
  1 34  0   0  9  0  0  0.  0.05
  1 35 -3   0  9  0  0  0.  0.05
  1 36  0   0  9  0  0  0.  0.05
  1 37 -3   0  9  0  0  0.  0.05
  1 38  0   0  9  0  0  0.  0.05
  1 39 -3   0  9  0  0  0.  0.05
  1 40 -3   0  9  0  0  0.  0.05
  1 41  0   0  9  0  0  0.  0.05
  1 42  0   0  9  0  0  0.  0.05
  2  3  0   0  9  0  0  0.  0.05
  2  4  0   0  9  0  0  0.  0.05
  2  5  0   0  9  0  0  0.  0.05
  2  6  0   0  9  0  0  0.  0.05
  2  7  0   0  9  0  0  0.  0.05
  2  8  0   0  9  0  0  0.  0.05
  2  9  0   0  9  0  0  0.  0.05
  2 10 -3   0  9  0  0  0.  0.05
  2 11  0   0  9  0  0  0.  0.05
  2 12 -3   0  9  0  0  0.  0.05
  2 13 -3   0  9  0  0  0.  0.05
  2 13 -3   0  9  0  0  0.  0.05
  2 14 -3   0  9  0  0  0.  0.05
  2 15  0   0  9  0  0  0.  0.05
  2 16 -3   0  9  0  0  0.  0.05
  2 17  0   0  9  0  0  0.  0.05
  2 18  0   0  9  0  0  0.  0.05
  2 19 -3   0  9  0  0  0.  0.05
  2 20  0   0  9  0  0  0.  0.05
  2 21 -3   0  9  0  0  0.  0.05
  2 22 -3   0  9  0  0  0.  0.05
  2 23  0   0  9  0  0  0.  0.05
  2 24 -3   0  9  0  0  0.  0.05
  2 25  0   0  9  0  0  0.  0.05
  2 26  0   0  9  0  0  0.  0.05
  2 27 -3   0  9  0  0  0.  0.05
  2 28  0   0  9  0  0  0.  0.05
  2 29 -3   0  9  0  0  0.  0.05
  2 30  0   0  9  0  0  0.  0.05
  2 31 -3   0  9  0  0  0.  0.05
  2 32  0   0  9  0  0  0.  0.05
  2 33 -3   0  9  0  0  0.  0.05
  2 34  0   0  9  0  0  0.  0.05
  2 35 -3   0  9  0  0  0.  0.05
  2 36  0   0  9  0  0  0.  0.05
  2 37 -3   0  9  0  0  0.  0.05
  2 38  0   0  9  0  0  0.  0.05
  2 39 -3   0  9  0  0  0.  0.05
  2 40 -3   0  9  0  0  0.  0.05
  2 41  0   0  9  0  0  0.  0.05
  2 42  0   0  9  0  0  0.  0.05
  3  4  0   0  9  0  0  0.  0.05
  3  5  0   0  9  0  0  0.  0.05
  3  6  0   0  9  0  0  0.  0.05
  3  7  0   0  9  0  0  0.  0.05
  3  8  0   0  9  0  0  0.  0.05
  3  9  0   0  9  0  0  0.  0.05
  3 10 -3   0  9  0  0  0.  0.05
  3 11  0   0  9  0  0  0.  0.05
  3 12 -3   0  9  0  0  0.  0.05
  3 13 -3   0  9  0  0  0.  0.05
  3 14 -3   0  9  0  0  0.  0.05
  3 14 -3   0  9  0  0  0.  0.05
  3 15  0   0  9  0  0  0.  0.05
  3 16 -3   0  9  0  0  0.  0.05
  3 17  0   0  9  0  0  0.  0.05
  3 18  0   0  9  0  0  0.  0.05
  3 19 -3   0  9  0  0  0.  0.05
  3 20  0   0  9  0  0  0.  0.05
  3 21 -3   0  9  0  0  0.  0.05
  3 22 -3   0  9  0  0  0.  0.05
  3 23  0   0  9  0  0  0.  0.05
  3 24 -3   0  9  0  0  0.  0.05
  3 25  0   0  9  0  0  0.  0.05
  3 26  0   0  9  0  0  0.  0.05
  3 27 -3   0  9  0  0  0.  0.05
  3 28  0   0  9  0  0  0.  0.05
  3 29 -3   0  9  0  0  0.  0.05
  3 30  0   0  9  0  0  0.  0.05
  3 31 -3   0  9  0  0  0.  0.05
  3 32  0   0  9  0  0  0.  0.05
  3 33 -3   0  9  0  0  0.  0.05
  3 34  0   0  9  0  0  0.  0.05
  3 35 -3   0  9  0  0  0.  0.05
  3 36  0   0  9  0  0  0.  0.05
  3 37 -3   0  9  0  0  0.  0.05
  3 38  0   0  9  0  0  0.  0.05
  3 39 -3   0  9  0  0  0.  0.05
  3 40 -3   0  9  0  0  0.  0.05
  3 41  0   0  9  0  0  0.  0.05
  3 42  0   0  9  0  0  0.  0.05
  4  5  0   0  9  0  0  0.  0.05
  4  6  0   0  9  0  0  0.  0.05
  4  7  0   0  9  0  0  0.  0.05
  4  8  0   0  9  0  0  0.  0.05
  4  9  0   0  9  0  0  0.  0.05
  4 10 -3   0  9  0  0  0.  0.05
  4 11  0   0  9  0  0  0.  0.05
  4 12 -3   0  9  0  0  0.  0.05
  4 13 -3   0  9  0  0  0.  0.05
  4 14 -3   0  9  0  0  0.  0.05
  4 15  0   0  9  0  0  0.  0.05
  4 16 -3   0  9  0  0  0.  0.05
  4 17  0   0  9  0  0  0.  0.05
  4 18  0   0  9  0  0  0.  0.05
  4 19 -3   0  9  0  0  0.  0.05
  4 20  0   0  9  0  0  0.  0.05
  4 21 -3   0  9  0  0  0.  0.05
  4 22 -3   0  9  0  0  0.  0.05
  4 23  0   0  9  0  0  0.  0.05
  4 24 -3   0  9  0  0  0.  0.05
  4 25  0   0  9  0  0  0.  0.05
  4 26  0   0  9  0  0  0.  0.05
  4 27 -3   0  9  0  0  0.  0.05
  4 28  0   0  9  0  0  0.  0.05
  4 29 -3   0  9  0  0  0.  0.05
  4 30  0   0  9  0  0  0.  0.05
  4 31 -3   0  9  0  0  0.  0.05
  4 32  0   0  9  0  0  0.  0.05
  4 33 -3   0  9  0  0  0.  0.05
  4 34  0   0  9  0  0  0.  0.05
  4 35 -3   0  9  0  0  0.  0.05
  4 36  0   0  9  0  0  0.  0.05
  4 37 -3   0  9  0  0  0.  0.05
  4 38  0   0  9  0  0  0.  0.05
  4 39 -3   0  9  0  0  0.  0.05
  4 40 -3   0  9  0  0  0.  0.05
  4 41  0   0  9  0  0  0.  0.05
  4 42  0   0  9  0  0  0.  0.05
  5  6  0   0  9  0  0  0.  0.05
  5  7  0   0  9  0  0  0.  0.05
  5  8  0   0  9  0  0  0.  0.05
  5  9  0   0  9  0  0  0.  0.05
  5 10 -3   0  9  0  0  0.  0.05
  5 11  0   0  9  0  0  0.  0.05
  5 12 -3   0  9  0  0  0.  0.05
  5 13 -3   0  9  0  0  0.  0.05
  5 14 -3   0  9  0  0  0.  0.05
  5 15  0   0  9  0  0  0.  0.05
  5 16 -3   0  9  0  0  0.  0.05
  5 17  0   0  9  0  0  0.  0.05
  5 18  0   0  9  0  0  0.  0.05
  5 19 -3   0  9  0  0  0.  0.05
  5 20  0   0  9  0  0  0.  0.05
  5 21 -3   0  9  0  0  0.  0.05
  5 22 -3   0  9  0  0  0.  0.05
  5 23  0   0  9  0  0  0.  0.05
  5 24 -3   0  9  0  0  0.  0.05
  5 25  0   0  9  0  0  0.  0.05
  5 26  0   0  9  0  0  0.  0.05
  5 27 -3   0  9  0  0  0.  0.05
  5 28  0   0  9  0  0  0.  0.05
  5 29 -3   0  9  0  0  0.  0.05
  5 30  0   0  9  0  0  0.  0.05
  5 31 -3   0  9  0  0  0.  0.05
  5 32  0   0  9  0  0  0.  0.05
  5 33 -3   0  9  0  0  0.  0.05
  5 34  0   0  9  0  0  0.  0.05
  5 35 -3   0  9  0  0  0.  0.05
  5 36  0   0  9  0  0  0.  0.05
  5 37 -3   0  9  0  0  0.  0.05
  5 38  0   0  9  0  0  0.  0.05
  5 39 -3   0  9  0  0  0.  0.05
  5 40 -3   0  9  0  0  0.  0.05
  5 41  0   0  9  0  0  0.  0.05
  5 42  0   0  9  0  0  0.  0.05
  6  7  0   0  9  0  0  0.  0.05
  6  8  0   0  9  0  0  0.  0.05
  6  9  0   0  9  0  0  0.  0.05
  6 10 -3   0  9  0  0  0.  0.05
  6 11  0   0  9  0  0  0.  0.05
  6 12 -3   0  9  0  0  0.  0.05
  6 13 -3   0  9  0  0  0.  0.05
  6 14 -3   0  9  0  0  0.  0.05
  6 15  0   0  9  0  0  0.  0.05
  6 16 -3   0  9  0  0  0.  0.05
  6 17  0   0  9  0  0  0.  0.05
  6 18  0   0  9  0  0  0.  0.05
  6 19 -3   0  9  0  0  0.  0.05
  6 20  0   0  9  0  0  0.  0.05
  6 21 -3   0  9  0  0  0.  0.05
  6 22 -3   0  9  0  0  0.  0.05
  6 23  0   0  9  0  0  0.  0.05
  6 24 -3   0  9  0  0  0.  0.05
  6 25  0   0  9  0  0  0.  0.05
  6 26  0   0  9  0  0  0.  0.05
  6 27 -3   0  9  0  0  0.  0.05
  6 28  0   0  9  0  0  0.  0.05
  6 29 -3   0  9  0  0  0.  0.05
  6 30  0   0  9  0  0  0.  0.05
  6 31 -3   0  9  0  0  0.  0.05
  6 32  0   0  9  0  0  0.  0.05
  6 33 -3   0  9  0  0  0.  0.05
  6 34  0   0  9  0  0  0.  0.05
  6 35 -3   0  9  0  0  0.  0.05
  6 36  0   0  9  0  0  0.  0.05
  6 37 -3   0  9  0  0  0.  0.05
  6 38  0   0  9  0  0  0.  0.05
  6 39 -3   0  9  0  0  0.  0.05
  6 40 -3   0  9  0  0  0.  0.05
  6 41  0   0  9  0  0  0.  0.05
  6 42  0   0  9  0  0  0.  0.05
  7  8  0   0  9  0  0  0.  0.05
  7  9  0   0  9  0  0  0.  0.05
  7 10 -3   0  9  0  0  0.  0.05
  7 11  0   0  9  0  0  0.  0.05
  7 12 -3   0  9  0  0  0.  0.05
  7 12 -3   0  9  0  0  0.  0.05
  7 13 -3   0  9  0  0  0.  0.05
  7 14 -3   0  9  0  0  0.  0.05
  7 14 -3   0  9  0  0  0.  0.05
  7 15  0   0  9  0  0  0.  0.05
  7 16 -3   0  9  0  0  0.  0.05
  7 17  0   0  9  0  0  0.  0.05
  7 18  0   0  9  0  0  0.  0.05
  7 19 -3   0  9  0  0  0.  0.05
  7 20  0   0  9  0  0  0.  0.05
  7 21 -3   0  9  0  0  0.  0.05
  7 22 -3   0  9  0  0  0.  0.05
  7 23  0   0  9  0  0  0.  0.05
  7 24 -3   0  9  0  0  0.  0.05
  7 24 -3   0  9  0  0  0.  0.05
  7 25  0   0  9  0  0  0.  0.05
  7 26  0   0  9  0  0  0.  0.05
  7 27 -3   0  9  0  0  0.  0.05
  7 28  0   0  9  0  0  0.  0.05
  7 29 -3   0  9  0  0  0.  0.05
  7 30  0   0  9  0  0  0.  0.05
  7 31 -3   0  9  0  0  0.  0.05
  7 32  0   0  9  0  0  0.  0.05
  7 33 -3   0  9  0  0  0.  0.05
  7 34  0   0  9  0  0  0.  0.05
  7 35 -3   0  9  0  0  0.  0.05
  7 36  0   0  9  0  0  0.  0.05
  7 37 -3   0  9  0  0  0.  0.05
  7 38  0   0  9  0  0  0.  0.05
  7 39 -3   0  9  0  0  0.  0.05
  7 40 -3   0  9  0  0  0.  0.05
  7 41  0   0  9  0  0  0.  0.05
  7 42  0   0  9  0  0  0.  0.05
  8  9  0   0  9  0  0  0.  0.05
  8 10 -3   0  9  0  0  0.  0.05
  8 10 -3   0  9  0  0  0.  0.05
  8 11  0   0  9  0  0  0.  0.05
  8 12 -3   0  9  0  0  0.  0.05
  8 12 -3   0  9  0  0  0.  0.05
  8 13 -3   0  9  0  0  0.  0.05
  8 13 -3   0  9  0  0  0.  0.05
  8 14 -3   0  9  0  0  0.  0.05
  8 15  0   0  9  0  0  0.  0.05
  8 16 -3   0  9  0  0  0.  0.05
  8 16 -3   0  9  0  0  0.  0.05
  8 17  0   0  9  0  0  0.  0.05
  8 18  0   0  9  0  0  0.  0.05
  8 19 -3   0  9  0  0  0.  0.05
  8 20  0   0  9  0  0  0.  0.05
  8 21 -3   0  9  0  0  0.  0.05
  8 22 -3   0  9  0  0  0.  0.05
  8 23  0   0  9  0  0  0.  0.05
  8 24 -3   0  9  0  0  0.  0.05
  8 24 -3   0  9  0  0  0.  0.05
  8 25  0   0  9  0  0  0.  0.05
  8 26  0   0  9  0  0  0.  0.05
  8 27 -3   0  9  0  0  0.  0.05
  8 27 -3   0  9  0  0  0.  0.05
  8 28  0   0  9  0  0  0.  0.05
  8 29 -3   0  9  0  0  0.  0.05
  8 30  0   0  9  0  0  0.  0.05
  8 31 -3   0  9  0  0  0.  0.05
  8 32  0   0  9  0  0  0.  0.05
  8 33 -3   0  9  0  0  0.  0.05
  8 34  0   0  9  0  0  0.  0.05
  8 35 -3   0  9  0  0  0.  0.05
  8 36  0   0  9  0  0  0.  0.05
  8 37 -3   0  9  0  0  0.  0.05
  8 38  0   0  9  0  0  0.  0.05
  8 39 -3   0  9  0  0  0.  0.05
  8 40 -3   0  9  0  0  0.  0.05
  8 41  0   0  9  0  0  0.  0.05
  8 42  0   0  9  0  0  0.  0.05
  9 10 -3   0  9  0  0  0.  0.05
  9 10 -3   0  9  0  0  0.  0.05
  9 11  0   0  9  0  0  0.  0.05
  9 12 -3   0  9  0  0  0.  0.05
  9 12 -3   0  9  0  0  0.  0.05
  9 12 -3   0  9  0  0  0.  0.05
  9 13 -3   0  9  0  0  0.  0.05
  9 13 -3   0  9  0  0  0.  0.05
  9 14 -3   0  9  0  0  0.  0.05
  9 15  0   0  9  0  0  0.  0.05
  9 16 -3   0  9  0  0  0.  0.05
  9 17  0   0  9  0  0  0.  0.05
  9 18  0   0  9  0  0  0.  0.05
  9 19 -3   0  9  0  0  0.  0.05
  9 20  0   0  9  0  0  0.  0.05
  9 21 -3   0  9  0  0  0.  0.05
  9 22 -3   0  9  0  0  0.  0.05
  9 23  0   0  9  0  0  0.  0.05
  9 24 -3   0  9  0  0  0.  0.05
  9 25  0   0  9  0  0  0.  0.05
  9 26  0   0  9  0  0  0.  0.05
  9 27 -3   0  9  0  0  0.  0.05
  9 27 -3   0  9  0  0  0.  0.05
  9 28  0   0  9  0  0  0.  0.05
  9 29 -3   0  9  0  0  0.  0.05
  9 29 -3   0  9  0  0  0.  0.05
  9 30  0   0  9  0  0  0.  0.05
  9 31 -3   0  9  0  0  0.  0.05
  9 32  0   0  9  0  0  0.  0.05
  9 33 -3   0  9  0  0  0.  0.05
  9 34  0   0  9  0  0  0.  0.05
  9 35 -3   0  9  0  0  0.  0.05
  9 36  0   0  9  0  0  0.  0.05
  9 37 -3   0  9  0  0  0.  0.05
  9 38  0   0  9  0  0  0.  0.05
  9 39 -3   0  9  0  0  0.  0.05
  9 40 -3   0  9  0  0  0.  0.05
  9 41  0   0  9  0  0  0.  0.05
  9 42  0   0  9  0  0  0.  0.05
 10 11  0   0  9  0  0  0.  0.05
 10 12  0   0  9  0  0  0.  0.05
 10 13  0   0  9  0  0  0.  0.05
 10 14  0   0  9  0  0  0.  0.05
 10 15 -3   0  9  0  0  0.  0.05
 10 15 -3   0  9  0  0  0.  0.05
 10 16  0   0  9  0  0  0.  0.05
 10 17 -3   0  9  0  0  0.  0.05
 10 18 -3   0  9  0  0  0.  0.05
 10 18 -3   0  9  0  0  0.  0.05
 10 19  0   0  9  0  0  0.  0.05
 10 20 -3   0  9  0  0  0.  0.05
 10 21  0   0  9  0  0  0.  0.05
 10 22  0   0  9  0  0  0.  0.05
 10 23 -3   0  9  0  0  0.  0.05
 10 24  0   0  9  0  0  0.  0.05
 10 25 -3   0  9  0  0  0.  0.05
 10 26 -3   0  9  0  0  0.  0.05
 10 27  0   0  9  0  0  0.  0.05
 10 28 -3   0  9  0  0  0.  0.05
 10 28 -3   0  9  0  0  0.  0.05
 10 29  0   0  9  0  0  0.  0.05
 10 30 -3   0  9  0  0  0.  0.05
 10 31  0   0  9  0  0  0.  0.05
 10 32 -3   0  9  0  0  0.  0.05
 10 33  0   0  9  0  0  0.  0.05
 10 34 -3   0  9  0  0  0.  0.05
 10 35  0   0  9  0  0  0.  0.05
 10 36  0   0  9  0  0  0.  0.05
 10 37  0   0  9  0  0  0.  0.05
 10 38 -3   0  9  0  0  0.  0.05
 10 39  0   0  9  0  0  0.  0.05
 10 40  0   0  9  0  0  0.  0.05
 10 41 -3   0  9  0  0  0.  0.05
 10 42  0   0  9  0  0  0.  0.05
 11 12 -3   0  9  0  0  0.  0.05
 11 13 -3   0  9  0  0  0.  0.05
 11 13 -3   0  9  0  0  0.  0.05
 11 13 -3   0  9  0  0  0.  0.05
 11 14 -3   0  9  0  0  0.  0.05
 11 14 -3   0  9  0  0  0.  0.05
 11 15  0   0  9  0  0  0.  0.05
 11 16 -3   0  9  0  0  0.  0.05
 11 16 -3   0  9  0  0  0.  0.05
 11 17  0   0  9  0  0  0.  0.05
 11 18  0   0  9  0  0  0.  0.05
 11 19  0   0  9  0  0  0.  0.05
 11 20  0   0  9  0  0  0.  0.05
 11 21 -3   0  9  0  0  0.  0.05
 11 22 -3   0  9  0  0  0.  0.05
 11 23  0   0  9  0  0  0.  0.05
 11 24 -3   0  9  0  0  0.  0.05
 11 25  0   0  9  0  0  0.  0.05
 11 26  0   0  9  0  0  0.  0.05
 11 27 -3   0  9  0  0  0.  0.05
 11 28  0   0  9  0  0  0.  0.05
 11 29 -3   0  9  0  0  0.  0.05
 11 30  0   0  9  0  0  0.  0.05
 11 31 -3   0  9  0  0  0.  0.05
 11 31 -3   0  9  0  0  0.  0.05
 11 32  0   0  9  0  0  0.  0.05
 11 33 -3   0  9  0  0  0.  0.05
 11 33 -3   0  9  0  0  0.  0.05
 11 34  0   0  9  0  0  0.  0.05
 11 35 -3   0  9  0  0  0.  0.05
 11 36  0   0  9  0  0  0.  0.05
 11 37 -3   0  9  0  0  0.  0.05
 11 38  0   0  9  0  0  0.  0.05
 11 39 -3   0  9  0  0  0.  0.05
 11 40 -3   0  9  0  0  0.  0.05
 11 41  0   0  9  0  0  0.  0.05
 11 42  0   0  9  0  0  0.  0.05
 12 13  0   0  9  0  0  0.  0.05
 12 14  0   0  9  0  0  0.  0.05
 12 15 -3   0  9  0  0  0.  0.05
 12 15 -3   0  9  0  0  0.  0.05
 12 16  0   0  9  0  0  0.  0.05
 12 17 -3   0  9  0  0  0.  0.05
 12 17 -3   0  9  0  0  0.  0.05
 12 18 -3   0  9  0  0  0.  0.05
 12 18 -3   0  9  0  0  0.  0.05
 12 19  0   0  9  0  0  0.  0.05
 12 20 -3   0  9  0  0  0.  0.05
 12 20 -3   0  9  0  0  0.  0.05
 12 21  0   0  9  0  0  0.  0.05
 12 22  0   0  9  0  0  0.  0.05
 12 23 -3   0  9  0  0  0.  0.05
 12 24  0   0  9  0  0  0.  0.05
 12 25 -3   0  9  0  0  0.  0.05
 12 26 -3   0  9  0  0  0.  0.05
 12 27  0   0  9  0  0  0.  0.05
 12 28 -3   0  9  0  0  0.  0.05
 12 29  0   0  9  0  0  0.  0.05
 12 30 -3   0  9  0  0  0.  0.05
 12 30 -3   0  9  0  0  0.  0.05
 12 31  0   0  9  0  0  0.  0.05
 12 32 -3   0  9  0  0  0.  0.05
 12 32 -3   0  9  0  0  0.  0.05
 12 33  0   0  9  0  0  0.  0.05
 12 34 -3   0  9  0  0  0.  0.05
 12 35  0   0  9  0  0  0.  0.05
 12 36 -3   0  9  0  0  0.  0.05
 12 37  0   0  9  0  0  0.  0.05
 12 38 -3   0  9  0  0  0.  0.05
 12 39  0   0  9  0  0  0.  0.05
 12 40  0   0  9  0  0  0.  0.05
 12 41 -3   0  9  0  0  0.  0.05
 12 42 -3   0  9  0  0  0.  0.05
 13 14  0   0  9  0  0  0.  0.05
 13 15 -3   0  9  0  0  0.  0.05
 13 15 -3   0  9  0  0  0.  0.05
 13 16  0   0  9  0  0  0.  0.05
 13 17 -3   0  9  0  0  0.  0.05
 13 17 -3   0  9  0  0  0.  0.05
 13 18 -3   0  9  0  0  0.  0.05
 13 18 -3   0  9  0  0  0.  0.05
 13 19  0   0  9  0  0  0.  0.05
 13 20 -3   0  9  0  0  0.  0.05
 13 20 -3   0  9  0  0  0.  0.05
 13 21  0   0  9  0  0  0.  0.05
 13 22  0   0  9  0  0  0.  0.05
 13 23 -3   0  9  0  0  0.  0.05
 13 23 -3   0  9  0  0  0.  0.05
 13 24  0   0  9  0  0  0.  0.05
 13 25 -3   0  9  0  0  0.  0.05
 13 26 -3   0  9  0  0  0.  0.05
 13 27  0   0  9  0  0  0.  0.05
 13 28 -3   0  9  0  0  0.  0.05
 13 29  0   0  9  0  0  0.  0.05
 13 30 -3   0  9  0  0  0.  0.05
 13 31  0   0  9  0  0  0.  0.05
 13 32 -3   0  9  0  0  0.  0.05
 13 32 -3   0  9  0  0  0.  0.05
 13 33  0   0  9  0  0  0.  0.05
 13 34 -3   0  9  0  0  0.  0.05
 13 34 -3   0  9  0  0  0.  0.05
 13 35  0   0  9  0  0  0.  0.05
 13 36 -3   0  9  0  0  0.  0.05
 13 37  0   0  9  0  0  0.  0.05
 13 38 -3   0  9  0  0  0.  0.05
 13 39  0   0  9  0  0  0.  0.05
 13 40  0   0  9  0  0  0.  0.05
 13 41 -3   0  9  0  0  0.  0.05
 13 42 -3   0  9  0  0  0.  0.05
 14 15  0   0  9  0  0  0.  0.05
 14 16  0   0  9  0  0  0.  0.05
 14 17 -3   0  9  0  0  0.  0.05
 14 17 -3   0  9  0  0  0.  0.05
 14 18 -3   0  9  0  0  0.  0.05
 14 18 -3   0  9  0  0  0.  0.05
 14 19  0   0  9  0  0  0.  0.05
 14 20 -3   0  9  0  0  0.  0.05
 14 20 -3   0  9  0  0  0.  0.05
 14 21  0   0  9  0  0  0.  0.05
 14 22  0   0  9  0  0  0.  0.05
 14 23 -3   0  9  0  0  0.  0.05
 14 23 -3   0  9  0  0  0.  0.05
 14 24  0   0  9  0  0  0.  0.05
 14 25 -3   0  9  0  0  0.  0.05
 14 26 -3   0  9  0  0  0.  0.05
 14 27  0   0  9  0  0  0.  0.05
 14 28 -3   0  9  0  0  0.  0.05
 14 29  0   0  9  0  0  0.  0.05
 14 30 -3   0  9  0  0  0.  0.05
 14 31  0   0  9  0  0  0.  0.05
 14 32 -3   0  9  0  0  0.  0.05
 14 33  0   0  9  0  0  0.  0.05
 14 34 -3   0  9  0  0  0.  0.05
 14 34 -3   0  9  0  0  0.  0.05
 14 35  0   0  9  0  0  0.  0.05
 14 36 -3   0  9  0  0  0.  0.05
 14 37  0   0  9  0  0  0.  0.05
 14 38 -3   0  9  0  0  0.  0.05
 14 39  0   0  9  0  0  0.  0.05
 14 40  0   0  9  0  0  0.  0.05
 14 41 -3   0  9  0  0  0.  0.05
 14 42 -3   0  9  0  0  0.  0.05
 15 16  0   0  9  0  0  0.  0.05
 15 17  0   0  9  0  0  0.  0.05
 15 18  0   0  9  0  0  0.  0.05
 15 19 -3   0  9  0  0  0.  0.05
 15 20  0   0  9  0  0  0.  0.05
 15 21 -3   0  9  0  0  0.  0.05
 15 22 -3   0  9  0  0  0.  0.05
 15 22 -3   0  9  0  0  0.  0.05
 15 23  0   0  9  0  0  0.  0.05
 15 24 -3   0  9  0  0  0.  0.05
 15 25  0   0  9  0  0  0.  0.05
 15 26  0   0  9  0  0  0.  0.05
 15 27 -3   0  9  0  0  0.  0.05
 15 28  0   0  9  0  0  0.  0.05
 15 29 -3   0  9  0  0  0.  0.05
 15 30  0   0  9  0  0  0.  0.05
 15 31 -3   0  9  0  0  0.  0.05
 15 32  0   0  9  0  0  0.  0.05
 15 33 -3   0  9  0  0  0.  0.05
 15 34  0   0  9  0  0  0.  0.05
 15 35  0   0  9  0  0  0.  0.05
 15 36  0   0  9  0  0  0.  0.05
 15 37 -3   0  9  0  0  0.  0.05
 15 38  0   0  9  0  0  0.  0.05
 15 39 -3   0  9  0  0  0.  0.05
 15 40 -3   0  9  0  0  0.  0.05
 15 41  0   0  9  0  0  0.  0.05
 15 42  0   0  9  0  0  0.  0.05
 16 17 -3   0  9  0  0  0.  0.05
 16 17 -3   0  9  0  0  0.  0.05
 16 18 -3   0  9  0  0  0.  0.05
 16 18 -3   0  9  0  0  0.  0.05
 16 19  0   0  9  0  0  0.  0.05
 16 20 -3   0  9  0  0  0.  0.05
 16 20 -3   0  9  0  0  0.  0.05
 16 21  0   0  9  0  0  0.  0.05
 16 22  0   0  9  0  0  0.  0.05
 16 23 -3   0  9  0  0  0.  0.05
 16 24  0   0  9  0  0  0.  0.05
 16 25 -3   0  9  0  0  0.  0.05
 16 25 -3   0  9  0  0  0.  0.05
 16 26 -3   0  9  0  0  0.  0.05
 16 27  0   0  9  0  0  0.  0.05
 16 28 -3   0  9  0  0  0.  0.05
 16 29  0   0  9  0  0  0.  0.05
 16 30 -3   0  9  0  0  0.  0.05
 16 31  0   0  9  0  0  0.  0.05
 16 32 -3   0  9  0  0  0.  0.05
 16 33  0   0  9  0  0  0.  0.05
 16 34 -3   0  9  0  0  0.  0.05
 16 35  0   0  9  0  0  0.  0.05
 16 36 -3   0  9  0  0  0.  0.05
 16 36 -3   0  9  0  0  0.  0.05
 16 37  0   0  9  0  0  0.  0.05
 16 38  0   0  9  0  0  0.  0.05
 16 39  0   0  9  0  0  0.  0.05
 16 40  0   0  9  0  0  0.  0.05
 16 41 -3   0  9  0  0  0.  0.05
 16 42 -3   0  9  0  0  0.  0.05
 17 18  0   0  9  0  0  0.  0.05
 17 19 -3   0  9  0  0  0.  0.05
 17 19 -3   0  9  0  0  0.  0.05
 17 20  0   0  9  0  0  0.  0.05
 17 21 -3   0  9  0  0  0.  0.05
 17 21 -3   0  9  0  0  0.  0.05
 17 22 -3   0  9  0  0  0.  0.05
 17 22 -3   0  9  0  0  0.  0.05
 17 23  0   0  9  0  0  0.  0.05
 17 24 -3   0  9  0  0  0.  0.05
 17 24 -3   0  9  0  0  0.  0.05
 17 25  0   0  9  0  0  0.  0.05
 17 26  0   0  9  0  0  0.  0.05
 17 27 -3   0  9  0  0  0.  0.05
 17 28  0   0  9  0  0  0.  0.05
 17 29 -3   0  9  0  0  0.  0.05
 17 30  0   0  9  0  0  0.  0.05
 17 31 -3   0  9  0  0  0.  0.05
 17 32  0   0  9  0  0  0.  0.05
 17 33 -3   0  9  0  0  0.  0.05
 17 34  0   0  9  0  0  0.  0.05
 17 35 -3   0  9  0  0  0.  0.05
 17 36  0   0  9  0  0  0.  0.05
 17 37 -3   0  9  0  0  0.  0.05
 17 37 -3   0  9  0  0  0.  0.05
 17 38  0   0  9  0  0  0.  0.05
 17 39 -3   0  9  0  0  0.  0.05
 17 40 -3   0  9  0  0  0.  0.05
 17 41  0   0  9  0  0  0.  0.05
 17 42  0   0  9  0  0  0.  0.05
 18 19 -3   0  9  0  0  0.  0.05
 18 19 -3   0  9  0  0  0.  0.05
 18 20  0   0  9  0  0  0.  0.05
 18 21 -3   0  9  0  0  0.  0.05
 18 21 -3   0  9  0  0  0.  0.05
 18 21 -3   0  9  0  0  0.  0.05
 18 22 -3   0  9  0  0  0.  0.05
 18 22 -3   0  9  0  0  0.  0.05
 18 23  0   0  9  0  0  0.  0.05
 18 24 -3   0  9  0  0  0.  0.05
 18 24 -3   0  9  0  0  0.  0.05
 18 24 -3   0  9  0  0  0.  0.05
 18 25  0   0  9  0  0  0.  0.05
 18 26  0   0  9  0  0  0.  0.05
 18 27 -3   0  9  0  0  0.  0.05
 18 27 -3   0  9  0  0  0.  0.05
 18 28  0   0  9  0  0  0.  0.05
 18 29 -3   0  9  0  0  0.  0.05
 18 29 -3   0  9  0  0  0.  0.05
 18 30  0   0  9  0  0  0.  0.05
 18 31 -3   0  9  0  0  0.  0.05
 18 32  0   0  9  0  0  0.  0.05
 18 33 -3   0  9  0  0  0.  0.05
 18 34  0   0  9  0  0  0.  0.05
 18 35 -3   0  9  0  0  0.  0.05
 18 36  0   0  9  0  0  0.  0.05
 18 37 -3   0  9  0  0  0.  0.05
 18 37 -3   0  9  0  0  0.  0.05
 18 38  0   0  9  0  0  0.  0.05
 18 39 -3   0  9  0  0  0.  0.05
 18 39 -3   0  9  0  0  0.  0.05
 18 40 -3   0  9  0  0  0.  0.05
 18 41  0   0  9  0  0  0.  0.05
 18 42  0   0  9  0  0  0.  0.05
 19 20 -3   0  9  0  0  0.  0.05
 19 20 -3   0  9  0  0  0.  0.05
 19 20 -3   0  9  0  0  0.  0.05
 19 21  0   0  9  0  0  0.  0.05
 19 22  0   0  9  0  0  0.  0.05
 19 23 -3   0  9  0  0  0.  0.05
 19 23 -3   0  9  0  0  0.  0.05
 19 24  0   0  9  0  0  0.  0.05
 19 25 -3   0  9  0  0  0.  0.05
 19 25 -3   0  9  0  0  0.  0.05
 19 26 -3   0  9  0  0  0.  0.05
 19 26 -3   0  9  0  0  0.  0.05
 19 27  0   0  9  0  0  0.  0.05
 19 28 -3   0  9  0  0  0.  0.05
 19 28 -3   0  9  0  0  0.  0.05
 19 29  0   0  9  0  0  0.  0.05
 19 30 -3   0  9  0  0  0.  0.05
 19 31  0   0  9  0  0  0.  0.05
 19 32 -3   0  9  0  0  0.  0.05
 19 33  0   0  9  0  0  0.  0.05
 19 34 -3   0  9  0  0  0.  0.05
 19 35  0   0  9  0  0  0.  0.05
 19 36  0   0  9  0  0  0.  0.05
 19 37  0   0  9  0  0  0.  0.05
 19 38 -3   0  9  0  0  0.  0.05
 19 38 -3   0  9  0  0  0.  0.05
 19 39  0   0  9  0  0  0.  0.05
 19 40  0   0  9  0  0  0.  0.05
 19 41 -3   0  9  0  0  0.  0.05
 19 42  0   0  9  0  0  0.  0.05
 20 21 -3   0  9  0  0  0.  0.05
 20 21 -3   0  9  0  0  0.  0.05
 20 21 -3   0  9  0  0  0.  0.05
 20 22 -3   0  9  0  0  0.  0.05
 20 22 -3   0  9  0  0  0.  0.05
 20 22 -3   0  9  0  0  0.  0.05
 20 23  0   0  9  0  0  0.  0.05
 20 24 -3   0  9  0  0  0.  0.05
 20 24 -3   0  9  0  0  0.  0.05
 20 25  0   0  9  0  0  0.  0.05
 20 26  0   0  9  0  0  0.  0.05
 20 27 -3   0  9  0  0  0.  0.05
 20 27 -3   0  9  0  0  0.  0.05
 20 28  0   0  9  0  0  0.  0.05
 20 29 -3   0  9  0  0  0.  0.05
 20 29 -3   0  9  0  0  0.  0.05
 20 30  0   0  9  0  0  0.  0.05
 20 31 -3   0  9  0  0  0.  0.05
 20 31 -3   0  9  0  0  0.  0.05
 20 32  0   0  9  0  0  0.  0.05
 20 33 -3   0  9  0  0  0.  0.05
 20 34  0   0  9  0  0  0.  0.05
 20 35 -3   0  9  0  0  0.  0.05
 20 36  0   0  9  0  0  0.  0.05
 20 37 -3   0  9  0  0  0.  0.05
 20 38  0   0  9  0  0  0.  0.05
 20 39 -3   0  9  0  0  0.  0.05
 20 39 -3   0  9  0  0  0.  0.05
 20 40 -3   0  9  0  0  0.  0.05
 20 40 -3   0  9  0  0  0.  0.05
 20 41  0   0  9  0  0  0.  0.05
 20 42  0   0  9  0  0  0.  0.05
 21 22  0   0  9  0  0  0.  0.05
 21 23 -3   0  9  0  0  0.  0.05
 21 23 -3   0  9  0  0  0.  0.05
 21 23 -3   0  9  0  0  0.  0.05
 21 24  0   0  9  0  0  0.  0.05
 21 25 -3   0  9  0  0  0.  0.05
 21 25 -3   0  9  0  0  0.  0.05
 21 26 -3   0  9  0  0  0.  0.05
 21 26 -3   0  9  0  0  0.  0.05
 21 27  0   0  9  0  0  0.  0.05
 21 28 -3   0  9  0  0  0.  0.05
 21 28 -3   0  9  0  0  0.  0.05
 21 29  0   0  9  0  0  0.  0.05
 21 30 -3   0  9  0  0  0.  0.05
 21 30 -3   0  9  0  0  0.  0.05
 21 31  0   0  9  0  0  0.  0.05
 21 32 -3   0  9  0  0  0.  0.05
 21 32 -3   0  9  0  0  0.  0.05
 21 33  0   0  9  0  0  0.  0.05
 21 34 -3   0  9  0  0  0.  0.05
 21 35  0   0  9  0  0  0.  0.05
 21 36 -3   0  9  0  0  0.  0.05
 21 37  0   0  9  0  0  0.  0.05
 21 38 -3   0  9  0  0  0.  0.05
 21 39  0   0  9  0  0  0.  0.05
 21 40  0   0  9  0  0  0.  0.05
 21 41 -3   0  9  0  0  0.  0.05
 21 41 -3   0  9  0  0  0.  0.05
 21 42 -3   0  9  0  0  0.  0.05
 22 23 -3   0  9  0  0  0.  0.05
 22 23 -3   0  9  0  0  0.  0.05
 22 24  0   0  9  0  0  0.  0.05
 22 25 -3   0  9  0  0  0.  0.05
 22 25 -3   0  9  0  0  0.  0.05
 22 25 -3   0  9  0  0  0.  0.05
 22 26 -3   0  9  0  0  0.  0.05
 22 26 -3   0  9  0  0  0.  0.05
 22 26 -3   0  9  0  0  0.  0.05
 22 27  0   0  9  0  0  0.  0.05
 22 28 -3   0  9  0  0  0.  0.05
 22 28 -3   0  9  0  0  0.  0.05
 22 29  0   0  9  0  0  0.  0.05
 22 30 -3   0  9  0  0  0.  0.05
 22 31  0   0  9  0  0  0.  0.05
 22 32 -3   0  9  0  0  0.  0.05
 22 32 -3   0  9  0  0  0.  0.05
 22 33  0   0  9  0  0  0.  0.05
 22 34 -3   0  9  0  0  0.  0.05
 22 34 -3   0  9  0  0  0.  0.05
 22 35  0   0  9  0  0  0.  0.05
 22 36 -3   0  9  0  0  0.  0.05
 22 37  0   0  9  0  0  0.  0.05
 22 38 -3   0  9  0  0  0.  0.05
 22 39  0   0  9  0  0  0.  0.05
 22 40  0   0  9  0  0  0.  0.05
 22 41 -3   0  9  0  0  0.  0.05
 22 41 -3   0  9  0  0  0.  0.05
 22 42 -3   0  9  0  0  0.  0.05
 22 42 -3   0  9  0  0  0.  0.05
 23 24 -3   0  9  0  0  0.  0.05
 23 24 -3   0  9  0  0  0.  0.05
 23 24 -3   0  9  0  0  0.  0.05
 23 25  0   0  9  0  0  0.  0.05
 23 26  0   0  9  0  0  0.  0.05
 23 27 -3   0  9  0  0  0.  0.05
 23 27 -3   0  9  0  0  0.  0.05
 23 28  0   0  9  0  0  0.  0.05
 23 29 -3   0  9  0  0  0.  0.05
 23 29 -3   0  9  0  0  0.  0.05
 23 30  0   0  9  0  0  0.  0.05
 23 31 -3   0  9  0  0  0.  0.05
 23 32  0   0  9  0  0  0.  0.05
 23 33 -3   0  9  0  0  0.  0.05
 23 33 -3   0  9  0  0  0.  0.05
 23 34  0   0  9  0  0  0.  0.05
 23 35 -3   0  9  0  0  0.  0.05
 23 35 -3   0  9  0  0  0.  0.05
 23 36  0   0  9  0  0  0.  0.05
 23 37 -3   0  9  0  0  0.  0.05
 23 38  0   0  9  0  0  0.  0.05
 23 39 -3   0  9  0  0  0.  0.05
 23 40 -3   0  9  0  0  0.  0.05
 23 40 -3   0  9  0  0  0.  0.05
 23 41  0   0  9  0  0  0.  0.05
 23 42  0   0  9  0  0  0.  0.05
 24 25 -3   0  9  0  0  0.  0.05
 24 25 -3   0  9  0  0  0.  0.05
 24 26 -3   0  9  0  0  0.  0.05
 24 26 -3   0  9  0  0  0.  0.05
 24 26 -3   0  9  0  0  0.  0.05
 24 27  0   0  9  0  0  0.  0.05
 24 28 -3   0  9  0  0  0.  0.05
 24 28 -3   0  9  0  0  0.  0.05
 24 28 -3   0  9  0  0  0.  0.05
 24 29  0   0  9  0  0  0.  0.05
 24 30 -3   0  9  0  0  0.  0.05
 24 30 -3   0  9  0  0  0.  0.05
 24 31  0   0  9  0  0  0.  0.05
 24 32 -3   0  9  0  0  0.  0.05
 24 32 -3   0  9  0  0  0.  0.05
 24 33  0   0  9  0  0  0.  0.05
 24 34 -3   0  9  0  0  0.  0.05
 24 34 -3   0  9  0  0  0.  0.05
 24 35  0   0  9  0  0  0.  0.05
 24 36 -3   0  9  0  0  0.  0.05
 24 36 -3   0  9  0  0  0.  0.05
 24 37  0   0  9  0  0  0.  0.05
 24 38 -3   0  9  0  0  0.  0.05
 24 39  0   0  9  0  0  0.  0.05
 24 40  0   0  9  0  0  0.  0.05
 24 41 -3   0  9  0  0  0.  0.05
 24 42 -3   0  9  0  0  0.  0.05
 24 42 -3   0  9  0  0  0.  0.05
 25 26  0   0  9  0  0  0.  0.05
 25 27 -3   0  9  0  0  0.  0.05
 25 27 -3   0  9  0  0  0.  0.05
 25 27 -3   0  9  0  0  0.  0.05
 25 28  0   0  9  0  0  0.  0.05
 25 29 -3   0  9  0  0  0.  0.05
 25 29 -3   0  9  0  0  0.  0.05
 25 29 -3   0  9  0  0  0.  0.05
 25 30  0   0  9  0  0  0.  0.05
 25 31 -3   0  9  0  0  0.  0.05
 25 31 -3   0  9  0  0  0.  0.05
 25 32  0   0  9  0  0  0.  0.05
 25 33 -3   0  9  0  0  0.  0.05
 25 33 -3   0  9  0  0  0.  0.05
 25 34  0   0  9  0  0  0.  0.05
 25 35 -3   0  9  0  0  0.  0.05
 25 35 -3   0  9  0  0  0.  0.05
 25 36  0   0  9  0  0  0.  0.05
 25 37 -3   0  9  0  0  0.  0.05
 25 38  0   0  9  0  0  0.  0.05
 25 39 -3   0  9  0  0  0.  0.05
 25 40 -3   0  9  0  0  0.  0.05
 25 40 -3   0  9  0  0  0.  0.05
 25 41  0   0  9  0  0  0.  0.05
 25 42  0   0  9  0  0  0.  0.05
 26 27 -3   0  9  0  0  0.  0.05
 26 27 -3   0  9  0  0  0.  0.05
 26 28  0   0  9  0  0  0.  0.05
 26 29 -3   0  9  0  0  0.  0.05
 26 29 -3   0  9  0  0  0.  0.05
 26 29 -3   0  9  0  0  0.  0.05
 26 30  0   0  9  0  0  0.  0.05
 26 31 -3   0  9  0  0  0.  0.05
 26 31 -3   0  9  0  0  0.  0.05
 26 32  0   0  9  0  0  0.  0.05
 26 33 -3   0  9  0  0  0.  0.05
 26 33 -3   0  9  0  0  0.  0.05
 26 34  0   0  9  0  0  0.  0.05
 26 35 -3   0  9  0  0  0.  0.05
 26 35 -3   0  9  0  0  0.  0.05
 26 36  0   0  9  0  0  0.  0.05
 26 37 -3   0  9  0  0  0.  0.05
 26 37 -3   0  9  0  0  0.  0.05
 26 38  0   0  9  0  0  0.  0.05
 26 39 -3   0  9  0  0  0.  0.05
 26 40 -3   0  9  0  0  0.  0.05
 26 41  0   0  9  0  0  0.  0.05
 26 42  0   0  9  0  0  0.  0.05
 27 28 -3   0  9  0  0  0.  0.05
 27 28 -3   0  9  0  0  0.  0.05
 27 28 -3   0  9  0  0  0.  0.05
 27 29  0   0  9  0  0  0.  0.05
 27 30 -3   0  9  0  0  0.  0.05
 27 30 -3   0  9  0  0  0.  0.05
 27 30 -3   0  9  0  0  0.  0.05
 27 31  0   0  9  0  0  0.  0.05
 27 32 -3   0  9  0  0  0.  0.05
 27 32 -3   0  9  0  0  0.  0.05
 27 33  0   0  9  0  0  0.  0.05
 27 34 -3   0  9  0  0  0.  0.05
 27 34 -3   0  9  0  0  0.  0.05
 27 35  0   0  9  0  0  0.  0.05
 27 36 -3   0  9  0  0  0.  0.05
 27 36 -3   0  9  0  0  0.  0.05
 27 37  0   0  9  0  0  0.  0.05
 27 38 -3   0  9  0  0  0.  0.05
 27 39  0   0  9  0  0  0.  0.05
 27 40  0   0  9  0  0  0.  0.05
 27 41 -3   0  9  0  0  0.  0.05
 27 42 -3   0  9  0  0  0.  0.05
 28 29 -3   0  9  0  0  0.  0.05
 28 29 -3   0  9  0  0  0.  0.05
 28 30  0   0  9  0  0  0.  0.05
 28 31 -3   0  9  0  0  0.  0.05
 28 31 -3   0  9  0  0  0.  0.05
 28 31 -3   0  9  0  0  0.  0.05
 28 32  0   0  9  0  0  0.  0.05
 28 33 -3   0  9  0  0  0.  0.05
 28 33 -3   0  9  0  0  0.  0.05
 28 34  0   0  9  0  0  0.  0.05
 28 35 -3   0  9  0  0  0.  0.05
 28 35 -3   0  9  0  0  0.  0.05
 28 36  0   0  9  0  0  0.  0.05
 28 37 -3   0  9  0  0  0.  0.05
 28 37 -3   0  9  0  0  0.  0.05
 28 38  0   0  9  0  0  0.  0.05
 28 39 -3   0  9  0  0  0.  0.05
 28 40 -3   0  9  0  0  0.  0.05
 28 41  0   0  9  0  0  0.  0.05
 28 42  0   0  9  0  0  0.  0.05
 29 30 -3   0  9  0  0  0.  0.05
 29 30 -3   0  9  0  0  0.  0.05
 29 30 -3   0  9  0  0  0.  0.05
 29 31  0   0  9  0  0  0.  0.05
 29 32 -3   0  9  0  0  0.  0.05
 29 32 -3   0  9  0  0  0.  0.05
 29 32 -3   0  9  0  0  0.  0.05
 29 33  0   0  9  0  0  0.  0.05
 29 34 -3   0  9  0  0  0.  0.05
 29 34 -3   0  9  0  0  0.  0.05
 29 35  0   0  9  0  0  0.  0.05
 29 36 -3   0  9  0  0  0.  0.05
 29 36 -3   0  9  0  0  0.  0.05
 29 37  0   0  9  0  0  0.  0.05
 29 38 -3   0  9  0  0  0.  0.05
 29 38 -3   0  9  0  0  0.  0.05
 29 39  0   0  9  0  0  0.  0.05
 29 40  0   0  9  0  0  0.  0.05
 29 41 -3   0  9  0  0  0.  0.05
 29 42 -3   0  9  0  0  0.  0.05
 30 31 -3   0  9  0  0  0.  0.05
 30 32  0   0  9  0  0  0.  0.05
 30 33 -3   0  9  0  0  0.  0.05
 30 33 -3   0  9  0  0  0.  0.05
 30 33 -3   0  9  0  0  0.  0.05
 30 34  0   0  9  0  0  0.  0.05
 30 35 -3   0  9  0  0  0.  0.05
 30 35 -3   0  9  0  0  0.  0.05
 30 36  0   0  9  0  0  0.  0.05
 30 37 -3   0  9  0  0  0.  0.05
 30 37 -3   0  9  0  0  0.  0.05
 30 37 -3   0  9  0  0  0.  0.05
 30 38  0   0  9  0  0  0.  0.05
 30 39 -3   0  9  0  0  0.  0.05
 30 39 -3   0  9  0  0  0.  0.05
 30 40 -3   0  9  0  0  0.  0.05
 30 41  0   0  9  0  0  0.  0.05
 30 42  0   0  9  0  0  0.  0.05
 31 32 -3   0  9  0  0  0.  0.05
 31 32 -3   0  9  0  0  0.  0.05
 31 32 -3   0  9  0  0  0.  0.05
 31 33  0   0  9  0  0  0.  0.05
 31 34 -3   0  9  0  0  0.  0.05
 31 34 -3   0  9  0  0  0.  0.05
 31 35  0   0  9  0  0  0.  0.05
 31 36 -3   0  9  0  0  0.  0.05
 31 36 -3   0  9  0  0  0.  0.05
 31 37  0   0  9  0  0  0.  0.05
 31 38 -3   0  9  0  0  0.  0.05
 31 38 -3   0  9  0  0  0.  0.05
 31 39  0   0  9  0  0  0.  0.05
 31 40  0   0  9  0  0  0.  0.05
 31 41 -3   0  9  0  0  0.  0.05
 31 42 -3   0  9  0  0  0.  0.05
 32 33  0   0  9  0  0  0.  0.05
 32 34  0   0  9  0  0  0.  0.05
 32 35  0   0  9  0  0  0.  0.05
 32 36  0   0  9  0  0  0.  0.05
 32 37  0   0  9  0  0  0.  0.05
 32 38  0   0  9  0  0  0.  0.05
 32 39  0   0  9  0  0  0.  0.05
 32 40  0   0  9  0  0  0.  0.05
 32 41  0   0  9  0  0  0.  0.05
 32 42  0   0  9  0  0  0.  0.05
 33 34  0   0  9  0  0  0.  0.05
 33 35  0   0  9  0  0  0.  0.05
 33 36  0   0  9  0  0  0.  0.05
 33 37  0   0  9  0  0  0.  0.05
 33 38  0   0  9  0  0  0.  0.05
 33 39  0   0  9  0  0  0.  0.05
 33 40  0   0  9  0  0  0.  0.05
 33 41  0   0  9  0  0  0.  0.05
 33 42  0   0  9  0  0  0.  0.05
 34 35  0   0  9  0  0  0.  0.05
 34 36  0   0  9  0  0  0.  0.05
 34 37  0   0  9  0  0  0.  0.05
 34 38  0   0  9  0  0  0.  0.05
 34 39  0   0  9  0  0  0.  0.05
 34 40  0   0  9  0  0  0.  0.05
 34 41  0   0  9  0  0  0.  0.05
 34 42  0   0  9  0  0  0.  0.05
 35 36  0   0  9  0  0  0.  0.05
 35 37  0   0  9  0  0  0.  0.05
 35 38  0   0  9  0  0  0.  0.05
 35 39  0   0  9  0  0  0.  0.05
 35 40  0   0  9  0  0  0.  0.05
 35 41  0   0  9  0  0  0.  0.05
 35 42  0   0  9  0  0  0.  0.05
 36 37  0   0  9  0  0  0.  0.05
 36 38  0   0  9  0  0  0.  0.05
 36 39  0   0  9  0  0  0.  0.05
 36 40  0   0  9  0  0  0.  0.05
 36 41  0   0  9  0  0  0.  0.05
 36 42  0   0  9  0  0  0.  0.05
 37 38  0   0  9  0  0  0.  0.05
 37 39  0   0  9  0  0  0.  0.05
 37 40  0   0  9  0  0  0.  0.05
 37 41  0   0  9  0  0  0.  0.05
 37 42  0   0  9  0  0  0.  0.05
 38 39  0   0  9  0  0  0.  0.05
 38 40  0   0  9  0  0  0.  0.05
 38 41  0   0  9  0  0  0.  0.05
 38 42  0   0  9  0  0  0.  0.05
 39 40  0   0  9  0  0  0.  0.05
 39 41  0   0  9  0  0  0.  0.05
 39 42  0   0  9  0  0  0.  0.05
 40 41  0   0  9  0  0  0.  0.05
 40 42  0   0  9  0  0  0.  0.05
 41 42  0   0  9  0  0  0.  0.05
****** Energy bands
25
 10000.
 52000.
 76000.
 90000.
110000.
150000.
310000.
352000.
400000.
460000.
530000.
570000.
620000.
670000.
725000.
770000.
810000.
840000.
870000.
900000.
950000.
1010000.
1080000.
1150000.
1250000.
17
403000.
441000.
485000.
520000.
570000.
630000.
675000.
725000.
775000.
815000.
850000.
870000.
905000.
965000.
1045000.
1085000.
1200000.
