****** Levels
 3.29038787E+15      9.    2  'O I  3Pe 1'  0   0.  0
 2.81702852E+15      5.    2  'O I  1De 1'  0   0.  0
 2.27967737E+15      1.    2  'O I  1Se 1'  0   0.  0
 1.08127828E+15      5.    3  'O I  5So 1'  0   0.  -104
 9.90540926E+14      3.    3  'O I  3So 1'  0   0.  -104
 6.95731753E+14     15.    3  'O I  5Pe 1'  0   0.  -104
 6.35720524E+14      9.    3  'O I  3Pe 2'  0   0.  -104
 4.30497356E+14      5.    4  'O I  5So 2'  0   0.  -104
 4.08061387E+14      3.    4  'O I  3So 2'  0   0.  -104
 3.72216529E+14     25.    4  'O I  5Do 1'  0   0.  -104
 3.70186587E+14     15.    4  'O I  3Do 1'  0   0.  -104
 3.22054901E+14     15.    4  'O I  5Pe 2'  0   0.  -104
 3.04457783E+14      9.    4  'O I  3Pe 3'  0   0.  -104
 2.20845893E+14     63.    5  'O I +3__ 1'  0   0.  -104
 2.15093623E+14      5.    5  'O I  1Do 1'  0   0.  -104
 2.05464910E+14     80.    5  'O I +5__ 2'  0   0.  -104
 1.31317786E+14     80.    6  'O I +5__ 3'  0   0.  -104
 1.30170376E+14     48.    6  'O I +3__ 4'  0   0.  -104
 8.14576031E+13    145.    7  'O I +5__ 5'  0   0.  -104
 8.09418715E+13     87.    7  'O I +3__ 6'  0   0.  -104
 4.39505178E+13    240.    9  'O I +5__ 7'  0   0.  -104
 4.36355004E+13    144.    9  'O I +3__ 8'  0   0.  -104
****** Continuum transitions
   1  23   1    117      0      0      0   3.855E-19   0.000E+00
 -0.0035  0.0353  0.0483  0.0547  0.0677  0.0806  0.0871  0.0935  0.1000  0.1129
  0.1323  0.2746  0.4104  0.4944  0.5785  0.6108  1.2697
  0.5845  0.6012  0.6252  0.6432  0.7090  0.8217  0.8809  0.9312  0.9680  1.0071
  1.0399  1.0911  0.9740  0.8791  0.7626  0.6954 -1.2808
   2  23   1    120      0      0      0   2.826E-18   0.000E+00
  0.1056  0.1315  0.1379  0.1444  0.2220  0.2349  0.2479  0.2543  0.2608  0.2673
  0.2866  0.2996  0.3125  0.3384  0.4095  0.4677  0.5841  0.6358  0.6617  1.3243
  1.0675  0.9734  0.9664  0.9691  1.0928  1.1607  1.2464  1.2826  1.3069  1.2994
  1.2404  1.1855  1.1513  1.0966  1.0355  0.9646  0.8299  0.7634  0.7107 -1.2751
   3  23   1    120      0      0      0   6.273E-18   0.000E+00
  0.1290  0.1355  0.1484  0.1549  0.1614  0.1678  0.1872  0.2389  0.2842  0.2971
  0.3101  0.3165  0.3230  0.4135  0.4653  0.5170  0.6269  0.7368  0.8080  1.4034
  1.0850  1.0491  0.9242  0.8778  0.8630  0.8747  0.9358  0.9923  1.0107  1.0869
  1.1701  1.1964  1.2037  1.1078  1.0482  1.0167  0.8924  0.7498  0.5432 -1.2458
   4  23   1    131      0      0      0   5.653E-21   0.000E+00
 -0.0109  0.0215  0.0861  0.1443  0.2154  0.4223  0.4611  0.4805  0.4870  0.4935
  0.4999  0.5064  0.5129  0.5193  0.5258  0.5323  0.5387  0.5452  0.5517  0.5581
  0.5711  0.5905  0.5969  0.6034  0.6163  0.6422  0.6939  0.8685  0.9978  1.0237
  1.5873
 -1.3260 -1.0933 -0.7347 -0.5802 -0.4883 -0.3929 -0.3257 -0.2401 -0.1531 -0.0539
  0.1883  0.4890  0.7990  1.0467  1.1996  1.2521  1.2044  1.0585  0.8184  0.4881
 -0.3347 -1.0431 -1.1613 -1.1228 -1.0872 -1.0457 -1.0233 -1.1440 -1.2839 -1.3342
 -3.0236
   5  23   1    178      0      0      0   6.046E-21   0.000E+00
 -0.0119 -0.0054  0.0010  0.0075  0.0139  0.0204  0.0269  0.0333  0.0463  0.0527
  0.0592  0.0657  0.0721  0.0786  0.0851  0.0915  0.0980  0.1045  0.1109  0.1174
  0.1239  0.1303  0.1368  0.1433  0.1497  0.1562  0.1627  0.1691  0.1756  0.1821
  0.1885  0.1950  0.2015  0.2079  0.2209  0.2273  0.2338  0.2403  0.2532  0.2791
  0.2855  0.3049  0.3502  0.4342  0.4730  0.4860  0.4989  0.5054  0.5183  0.5248
  0.5312  0.5377  0.5442  0.5506  0.5571  0.5636  0.5700  0.5765  0.5830  0.5894
  0.5959  0.6024  0.6088  0.6153  0.6218  0.6282  0.6347  0.6412  0.6541  0.6670
  0.7187  0.8028  0.8222  0.8675  1.0227  1.0550  1.1778  1.7183
 -1.4354 -1.3260 -1.1986 -1.0573 -0.9035 -0.7368 -0.5511 -0.3391  0.1276  0.3295
  0.4732  0.5436  0.5384  0.4514  0.2866  0.0467 -0.2604 -0.6245 -1.0165 -1.3356
 -1.4041 -1.2815 -1.1004 -0.9037 -0.6930 -0.4729 -0.2655 -0.1004  0.0069  0.0572
  0.0633  0.0368 -0.0169 -0.0944 -0.2756 -0.3414 -0.3761 -0.3868 -0.3775 -0.2861
 -0.2807 -0.3383 -0.3723 -0.4122 -0.3931 -0.3677 -0.3356 -0.3079 -0.2288 -0.1488
 -0.0394  0.1330  0.3878  0.6649  0.9069  1.0795  1.1648  1.1607  1.0684  0.8922
  0.6435  0.3408  0.0157 -0.2798 -0.4970 -0.6676 -0.7567 -0.8124 -0.8892 -0.9387
 -1.0442 -1.1600 -1.2093 -1.2589 -1.4635 -1.5259 -1.8888 -3.5129
   6  23   1    129      0      0      0   4.357E-19   0.000E+00
 -0.0169  0.0154  0.1447  0.1835  0.2159  0.2482  0.2870  0.3516  0.5974  0.6814
  0.6879  0.7008  0.7073  0.7137  0.7202  0.7267  0.7331  0.7396  0.7461  0.7525
  0.7590  0.7655  0.7719  0.7784  0.8301  0.9659  1.0758  1.1922  1.6742
  0.6914  0.5917 -0.0043 -0.1620 -0.2734 -0.3610 -0.4301 -0.4718 -0.4617 -0.4434
 -0.4304 -0.1494  0.0120  0.1922  0.2999  0.3171  0.2421  0.0665 -0.1321 -0.3137
 -0.4808 -0.5976 -0.6258 -0.6432 -0.6948 -0.8507 -1.0244 -1.2282 -2.6720
   7  23   1    150      0      0      0   2.038E-19   0.000E+00
 -0.0186  0.0138  0.0526  0.0784  0.1107  0.1560  0.2077  0.2207  0.2336  0.2530
  0.2853  0.3047  0.3112  0.3177  0.3371  0.3435  0.3629  0.3694  0.4405  0.4858
  0.6474  0.6992  0.7056  0.7186  0.7250  0.7315  0.7380  0.7444  0.7509  0.7574
  0.7638  0.7703  0.7767  0.7832  0.7961  0.8026  0.8091  0.8155  0.8220  0.8802
  0.9125  0.9578  0.9772  1.0031  1.0095  1.0289  1.0483  1.2294  1.3716  1.8939
  0.3654  0.2675  0.1118  0.0205 -0.0725 -0.1580 -0.2189 -0.2123 -0.1890 -0.1876
 -0.1930 -0.1409 -0.1208 -0.1108 -0.1353 -0.1319 -0.0941 -0.0860 -0.1355 -0.1635
 -0.2882 -0.3180 -0.2384 -0.0111  0.1272  0.5117  0.8649  1.1450  1.3133  1.3783
  1.3434  1.2137  0.9939  0.6990 -0.0010 -0.2639 -0.4036 -0.4657 -0.4940 -0.5982
 -0.6542 -0.7315 -0.7529 -0.7246 -0.7338 -0.8100 -0.8609 -1.2024 -1.6237 -3.1931
   8  23   1    149      0      0      0   2.261E-21   0.000E+00
 -0.0276 -0.0211 -0.0146 -0.0082 -0.0017  0.0048  0.0112  0.0177  0.0242  0.0306
  0.0371  0.0436  0.0500  0.0565  0.0630  0.0694  0.0823  0.1082  0.1793  0.2311
  0.2440  0.3087  0.3992  0.5479  0.7354  0.8324  0.8453  0.8518  0.8647  0.8777
  0.8841  0.8906  0.8971  0.9035  0.9100  0.9165  0.9229  0.9294  0.9359  0.9423
  0.9488  0.9553  0.9617  0.9682  0.9747  0.9941  1.0135  1.1104  1.6631
 -1.3131 -1.3593 -1.4218 -1.5046 -1.6107 -1.7443 -1.9018 -2.0854 -2.2936 -2.5142
 -2.6807 -2.6810 -2.5385 -2.3504 -2.1712 -2.0152 -1.7732 -1.4490 -1.0184 -0.8729
 -0.8427 -0.7554 -0.7155 -0.7514 -0.8557 -0.8690 -0.8813 -0.8758 -0.7782 -0.6726
 -0.5695 -0.2374  0.1492  0.5698  0.9090  1.1415  1.2604  1.2717  1.1790  0.9866
  0.6996  0.3220 -0.1392 -0.6684 -1.0804 -1.7374 -1.7595 -2.0449 -3.7053
   9  23   1    203      0      0      0   2.245E-21   0.000E+00
 -0.0292 -0.0227 -0.0163 -0.0098 -0.0033  0.0031  0.0096  0.0161  0.0225  0.0290
  0.0419  0.0484  0.0549  0.0613  0.0743  0.0937  0.1001  0.1066  0.1131  0.1260
  0.1325  0.1389  0.1454  0.1519  0.1583  0.1648  0.1713  0.1777  0.1842  0.1971
  0.2165  0.2230  0.2294  0.2359  0.2424  0.2488  0.2553  0.2618  0.2682  0.2812
  0.3070  0.3135  0.3200  0.3329  0.3394  0.3458  0.3523  0.3652  0.3782  0.3846
  0.3911  0.3976  0.4040  0.4105  0.4170  0.4234  0.4299  0.4493  0.4622  0.4881
  0.5010  0.5075  0.5140  0.5269  0.5463  0.5592  0.6950  0.8437  0.8567  0.8631
  0.8696  0.8825  0.8890  0.8955  0.9019  0.9084  0.9148  0.9213  0.9278  0.9342
  0.9407  0.9472  0.9536  0.9601  0.9666  0.9730  0.9795  0.9860  0.9924  0.9989
  1.0054  1.0118  1.0248  1.0442  1.0571  1.0959  1.1476  1.1606  1.2123  1.3610
  1.3998  1.4386  2.0757
 -1.1758 -1.2338 -1.3134 -1.4204 -1.5598 -1.7324 -1.9178 -2.0797 -2.0716 -1.9323
 -1.5238 -1.3369 -1.1708 -1.0212 -0.7541 -0.3787 -0.2454 -0.1007  0.0586  0.4095
  0.5729  0.7006  0.7724  0.8073  0.7634  0.6785  0.5331  0.3404  0.1155 -0.3795
 -1.1345 -1.3995 -1.6773 -1.9410 -2.0917 -2.0457 -1.8798 -1.6997 -1.5414 -1.2754
 -0.8459 -0.7100 -0.5535 -0.2035 -0.0717 -0.0027 -0.0018 -0.0929 -0.1295 -0.1732
 -0.2520 -0.3431 -0.4239 -0.4931 -0.5534 -0.5923 -0.6037 -0.5972 -0.6019 -0.5511
 -0.5167 -0.5064 -0.5249 -0.6031 -0.6344 -0.6408 -0.8200 -0.9868 -0.9991 -0.9685
 -0.9236 -0.7684 -0.7058 -0.6560 -0.5894 -0.4455 -0.2142  0.1656  0.5555  0.8801
  1.1024  1.2215  1.2363  1.1501  0.9678  0.6976  0.3443 -0.0670 -0.5012 -0.8601
 -1.0824 -1.2413 -1.3599 -1.4472 -1.4841 -1.5651 -1.6315 -1.6670 -1.7115 -1.8770
 -1.9522 -2.0570 -3.9706
  10  23   1    143      0      0      0   1.911E-18   0.000E+00
 -0.0319  0.0133  0.2267  0.4789  0.6858  0.7763  0.8281  0.8669  0.8992  0.9057
  0.9121  0.9186  0.9251  0.9315  0.9445  0.9509  0.9574  0.9638  0.9703  0.9768
  0.9832  0.9897  0.9962  1.0026  1.0091  1.0156  1.0220  1.0285  1.0350  1.0414
  1.0479  1.0544  1.0608  1.0673  1.0867  1.1190  1.1643  1.2742  1.3259  1.3777
  1.4423  1.4747  1.7035
  1.3622  1.2476  0.5177 -0.3819 -1.1482 -1.5058 -1.7318 -1.9330 -1.8957 -1.9276
 -2.0026 -2.1034 -2.2144 -2.1685 -1.7943 -1.1041 -0.4746  0.0272  0.4044  0.6617
  0.8038  0.8351  0.7608  0.5848  0.3163 -0.0411 -0.4750 -0.9477 -1.3952 -1.6636
 -1.8763 -1.9468 -2.0072 -2.0589 -2.1703 -2.3083 -2.4610 -2.7800 -2.9055 -2.9983
 -3.0811 -3.1669 -3.8557
  11  23   1    166      0      0      0   1.825E-18   0.000E+00
 -0.0321  0.0131  0.1424  0.1683  0.2071  0.2653  0.3558  0.3881  0.4593  0.6662
  0.7696  0.8537  0.8666  0.8860  0.8925  0.9054  0.9119  0.9184  0.9248  0.9313
  0.9378  0.9442  0.9507  0.9572  0.9636  0.9701  0.9766  0.9830  0.9895  0.9960
  1.0024  1.0089  1.0154  1.0218  1.0283  1.0348  1.0412  1.0477  1.0541  1.0606
  1.0671  1.0735  1.0800  1.0994  1.1253  1.1447  1.1511  1.1576  1.1641  1.1705
  1.1770  1.1835  1.1899  1.1964  1.2029  1.2093  1.2158  1.2223  1.2287  1.2352
  1.2611  1.3581  1.4227  1.4486  1.4874  2.1146
  1.3445  1.2272  0.7780  0.7214  0.5761  0.3500  0.0072 -0.0990 -0.3679 -1.1683
 -1.5930 -1.9680 -2.0279 -2.0839 -2.0863 -2.0542 -2.0575 -2.1006 -2.1856 -2.3020
 -2.2729 -2.0626 -1.4200 -0.7655 -0.1977  0.2429  0.5600  0.7585  0.8439  0.8207
  0.6941  0.4698  0.1496 -0.2542 -0.7323 -1.2478 -1.6877 -1.9592 -2.1077 -2.1197
 -2.1092 -2.1303 -2.1955 -2.5004 -2.6773 -2.7407 -2.7485 -2.7244 -2.5982 -2.4238
 -2.2318 -2.0611 -1.9750 -1.9822 -2.0827 -2.2757 -2.5128 -2.7625 -2.9292 -2.9876
 -2.9758 -3.0632 -3.1041 -3.1410 -3.2475 -5.1316
  12  23   1    130      0      0      0   1.264E-18   0.000E+00
 -0.0371  0.0017  0.1245  0.3573  0.4090  0.4478  0.4931  0.5448  0.6159  0.7905
  0.9974  1.0039  1.0104  1.0168  1.0233  1.0298  1.0362  1.0427  1.0491  1.0556
  1.0621  1.0685  1.0750  1.0815  1.0879  1.2949  1.3531  1.4565  1.5082  2.0600
  1.1928  1.0977  0.6644 -0.2114 -0.3842 -0.4965 -0.6011 -0.6849 -0.7489 -0.8136
 -0.8662 -0.8448 -0.7983 -0.6956 -0.4744 -0.1725  0.1046  0.3131  0.4182  0.4164
  0.3129  0.1205 -0.1537 -0.4783 -0.6615 -1.3081 -1.3901 -1.5625 -1.6770 -3.3320
  13  23   1    160      0      0      0   7.358E-19   0.000E+00
 -0.0395 -0.0007  0.1804  0.2450  0.3032  0.3614  0.3808  0.3937  0.4067  0.4325
  0.4584  0.4843  0.4907  0.5037  0.5101  0.5166  0.5295  0.5360  0.5425  0.5619
  0.5748  0.5813  0.6330  0.7882  0.9369  1.0015  1.0209  1.0274  1.0339  1.0403
  1.0468  1.0533  1.0597  1.0662  1.0727  1.0791  1.0856  1.0921  1.0985  1.1050
  1.1179  1.1244  1.1373  1.1438  1.1826  1.2149  1.2473  1.2602  1.2667  1.2861
  1.2925  1.2990  1.3054  1.3248  1.3313  1.3442  1.4024  1.4865  1.5382  2.1975
  0.9749  0.8694  0.1903 -0.0287 -0.1989 -0.3388 -0.3541 -0.3373 -0.3535 -0.4123
 -0.4190 -0.4009 -0.3914 -0.3496 -0.3419 -0.3571 -0.4105 -0.4273 -0.4292 -0.3881
 -0.3612 -0.3568 -0.4338 -0.5775 -0.7300 -0.7745 -0.7014 -0.6584 -0.5513 -0.2544
  0.1941  0.6162  0.9643  1.1969  1.3163  1.3271  1.2340  1.0435  0.7607  0.3959
 -0.4437 -0.6508 -0.9154 -1.0024 -1.0431 -1.1418 -1.1917 -1.2070 -1.1956 -1.1041
 -1.0664 -1.0424 -1.0591 -1.2186 -1.2549 -1.2985 -1.4097 -1.5617 -1.6759 -3.6542
  14  23   1    109      0      0      0   8.062E-20   0.000E+00
   0.002   0.183   0.263   0.317   0.488   0.797   1.123   1.662   2.329
  -0.099  -0.592   0.296  -0.817  -1.563  -1.944  -2.169  -3.014  -5.000
  15  23   1    158      0      0      0   7.432E-20   0.000E+00
  0.7138  0.7462  0.7526  0.7656  0.7720  0.7785  0.7850  0.7914  0.8108  0.8238
  0.8626  1.2053  1.2699  1.2958  1.3022  1.3087  1.3152  1.3216  1.3281  1.3346
  1.3410  1.3475  1.3540  1.3604  1.3669  1.3734  1.3798  1.3863  1.3928  1.3992
  1.4057  1.4122  1.4186  1.4251  1.4316  1.4380  1.4445  1.4510  1.4574  1.4639
  1.4704  1.4768  1.4833  1.4898  1.4962  1.5027  1.5092  1.5221  1.5286  1.5350
  1.5415  1.5480  1.5674  1.6320  1.6967  1.7355  1.7807  2.4046
 -0.0694 -0.0667 -0.0553 -0.0121 -0.0157 -0.0428 -0.0839 -0.1089 -0.1513 -0.1532
 -0.2045 -0.5519 -0.5767 -0.5375 -0.5003 -0.4494 -0.3567 -0.1836  0.0903  0.3905
  0.6522  0.8334  0.9226  0.9180  0.8234  0.6452  0.4004  0.1164 -0.1466 -0.3731
 -0.4718 -0.5414 -0.5486 -0.5398 -0.5035 -0.4112 -0.1887  0.1388  0.4936  0.7911
  1.0012  1.1078  1.1123  1.0172  0.8272  0.5491  0.1980 -0.6076 -0.8997 -1.0664
 -1.1367 -1.1724 -1.2228 -1.3086 -1.3594 -1.4284 -1.5556 -3.4298
  16  23   1    107      0      0      0   6.859E-20   0.000E+00
   0.002   0.658   0.925   1.155   1.299   1.694   2.174
  -0.169  -2.155  -2.648  -2.873  -3.268  -3.845  -5.324
  17  23   1    107      0      0      0   1.062E-19   0.000E+00
   0.002   0.391   0.813   1.224   1.496   1.865   2.324
   0.021  -1.053  -2.320  -3.025  -3.553  -4.046  -5.472
  18  23   1    106      0      0      0   2.539E-19   0.000E+00
   0.004   0.633   0.920   1.312   1.879   2.539
   0.391  -1.581  -2.232  -2.884  -3.764  -5.736
  19  23   1    108      0      0      0   1.565E-19   0.000E+00
   0.012   0.482   1.005   1.326   1.496   1.715   2.057   2.473
   0.162  -1.070  -2.567  -3.236  -3.430  -3.993  -4.504  -5.771
  20  23   1    105      0      0      0   4.059E-19   0.000E+00
   0.011   1.043   1.505   2.068   2.751
   0.577  -2.423  -3.247  -4.092  -6.183
  21  23   1    108      0      0      0   2.163E-19   0.000E+00
   0.011   0.075   0.644   1.320   1.747   1.975   2.231   2.687
   0.320   0.232  -1.159  -3.095  -3.711  -4.151  -4.468  -5.718
  22  23   1    107      0      0      0   4.769E-19   0.000E+00
  -0.004   0.094   0.575   1.286   1.820   2.310   3.021
   0.683   0.556  -0.775  -2.718  -3.479  -4.303  -6.373
*** Line transitions
   1   2   0   0   4      0      0   0.000E+00   5.000E-02
   1   3   0   0   4      0      0   0.000E+00   5.000E-02
   1   4   0   0   4      0      0   0.000E+00   5.000E-02
   1   5  -1   0   1      0      0   5.111E-02   2.000E-01
  F  1  7  0.  0.
   1   6   0   0   4      0      0   0.000E+00   5.000E-02
   1   7   0   0   4      0      0   0.000E+00   5.000E-02
   1   8   0   0   4      0      0   0.000E+00   5.000E-02
   1   9  -1   0   1      0      0   9.089E-03   2.000E-01
  F  1  7  0.  0.
   1  10   0   0   4      0      0   0.000E+00   5.000E-02
   1  11  -1   0   1      0      0   1.889E-02   2.000E-01
  F  1  7  0.  0.
   1  12   0   0   4      0      0   0.000E+00   5.000E-02
   1  13   0   0   4      0      0   0.000E+00   5.000E-02
   1  14  -1   0   1      0      0   7.294E-02   2.000E-01
  F  1  7  0.  0.
   1  15   0   0   4      0      0   0.000E+00   5.000E-02
   1  16   0   0   4      0      0   0.000E+00   5.000E-02
   1  17   0   0   4      0      0   0.000E+00   5.000E-02
   1  18  -1   0   1      0      0   7.833E-03   2.000E-01
  F  1  7  0.  0.
   1  19   0   0   4      0      0   0.000E+00   5.000E-02
   1  20  -1   0   1      0      0   7.291E-03   2.000E-01
  F  1  7  0.  0.
   1  21   0   0   4      0      0   0.000E+00   5.000E-02
   1  22  -1   0   1      0      0   4.168E-03   2.000E-01
  F  1  7  0.  0.
   2   3   0   0   4      0      0   0.000E+00   5.000E-02
   2   4   0   0   4      0      0   0.000E+00   5.000E-02
   2   5   0   0   4      0      0   0.000E+00   5.000E-02
   2   6   0   0   4      0      0   0.000E+00   5.000E-02
   2   7   0   0   4      0      0   0.000E+00   5.000E-02
   2   8   0   0   4      0      0   0.000E+00   5.000E-02
   2   9   0   0   4      0      0   0.000E+00   5.000E-02
   2  10   0   0   4      0      0   0.000E+00   5.000E-02
   2  11   0   0   4      0      0   0.000E+00   5.000E-02
   2  12   0   0   4      0      0   0.000E+00   5.000E-02
   2  13   0   0   4      0      0   0.000E+00   5.000E-02
   2  14   0   0   4      0      0   0.000E+00   5.000E-02
   2  15  -1   0   1      0      0   1.076E-01   2.000E-01
  F  1  7  0.  0.
   2  16   0   0   4      0      0   0.000E+00   5.000E-02
   2  17   0   0   4      0      0   0.000E+00   5.000E-02
   2  18   0   0   4      0      0   0.000E+00   5.000E-02
   2  19   0   0   4      0      0   0.000E+00   5.000E-02
   2  20   0   0   4      0      0   0.000E+00   5.000E-02
   2  21   0   0   4      0      0   0.000E+00   5.000E-02
   2  22   0   0   4      0      0   0.000E+00   5.000E-02
   3   4   0   0   4      0      0   0.000E+00   5.000E-02
   3   5   0   0   4      0      0   0.000E+00   5.000E-02
   3   6   0   0   4      0      0   0.000E+00   5.000E-02
   3   7   0   0   4      0      0   0.000E+00   5.000E-02
   3   8   0   0   4      0      0   0.000E+00   5.000E-02
   3   9   0   0   4      0      0   0.000E+00   5.000E-02
   3  10   0   0   4      0      0   0.000E+00   5.000E-02
   3  11   0   0   4      0      0   0.000E+00   5.000E-02
   3  12   0   0   4      0      0   0.000E+00   5.000E-02
   3  13   0   0   4      0      0   0.000E+00   5.000E-02
   3  14   0   0   4      0      0   0.000E+00   5.000E-02
   3  15   0   0   4      0      0   0.000E+00   5.000E-02
   3  16   0   0   4      0      0   0.000E+00   5.000E-02
   3  17   0   0   4      0      0   0.000E+00   5.000E-02
   3  18   0   0   4      0      0   0.000E+00   5.000E-02
   3  19   0   0   4      0      0   0.000E+00   5.000E-02
   3  20   0   0   4      0      0   0.000E+00   5.000E-02
   3  21   0   0   4      0      0   0.000E+00   5.000E-02
   3  22   0   0   4      0      0   0.000E+00   5.000E-02
   4   5   0   0   4      0      0   0.000E+00   5.000E-02
   4   6  -1   0   1      0      0   9.780E-01   7.000E-01
  F  1  7  0.  0.
   4   7   0   0   4      0      0   0.000E+00   5.000E-02
   4   8   0   0   4      0      0   0.000E+00   5.000E-02
   4   9   0   0   4      0      0   0.000E+00   5.000E-02
   4  10   0   0   4      0      0   0.000E+00   5.000E-02
   4  11   0   0   4      0      0   0.000E+00   5.000E-02
   4  12  -1   0   1      0      0   3.140E-03   2.000E-01
  F  1  7  0.  0.
   4  13   0   0   4      0      0   0.000E+00   5.000E-02
   4  14   0   0   4      0      0   0.000E+00   5.000E-02
   4  15   0   0   4      0      0   0.000E+00   5.000E-02
   4  16  -1   0   1      0      0   7.140E-05   2.000E-01
  F  1  7  0.  0.
   4  17  -1   0   1      0      0   1.718E-07   2.000E-01
  F  1  7  0.  0.
   4  18   0   0   4      0      0   0.000E+00   5.000E-02
   4  19  -1   0   1      0      0   6.820E-06   2.000E-01
  F  1  7  0.  0.
   4  20   0   0   4      0      0   0.000E+00   5.000E-02
   4  21  -1   0   1      0      0   2.708E-05   2.000E-01
  F  1  7  0.  0.
   4  22   0   0   4      0      0   0.000E+00   5.000E-02
   5   6   0   0   4      0      0   0.000E+00   5.000E-02
   5   7  -1   0   1      0      0   1.050E+00   7.000E-01
  F  1  7  0.  0.
   5   8   0   0   4      0      0   0.000E+00   5.000E-02
   5   9   0   0   4      0      0   0.000E+00   5.000E-02
   5  10   0   0   4      0      0   0.000E+00   5.000E-02
   5  11   0   0   4      0      0   0.000E+00   5.000E-02
   5  12   0   0   4      0      0   0.000E+00   5.000E-02
   5  13  -1   0   1      0      0   7.667E-03   2.000E-01
  F  1  7  0.  0.
   5  14  -1   0   1      0      0   5.433E-04   2.000E-01
  F  1  7  0.  0.
   5  15   0   0   4      0      0   0.000E+00   5.000E-02
   5  16   0   0   4      0      0   0.000E+00   5.000E-02
   5  17   0   0   4      0      0   0.000E+00   5.000E-02
   5  18  -1   0   1      0      0   6.100E-05   2.000E-01
  F  1  7  0.  0.
   5  19   0   0   4      0      0   0.000E+00   5.000E-02
   5  20  -1   0   1      0      0   5.900E-06   2.000E-01
  F  1  7  0.  0.
   5  21   0   0   4      0      0   0.000E+00   5.000E-02
   5  22  -1   0   1      0      0   1.965E-06   2.000E-01
  F  1  7  0.  0.
   6   7   0   0   4      0      0   0.000E+00   5.000E-02
   6   8  -1   0   1      0      0   1.633E-01   2.000E-01
  F  1  7  0.  0.
   6   9   0   0   4      0      0   0.000E+00   5.000E-02
   6  10  -1   0   1      0      0   9.267E-01   2.000E-01
  F  1  7  0.  0.
   6  11   0   0   4      0      0   0.000E+00   5.000E-02
   6  12   0   0   4      0      0   0.000E+00   5.000E-02
   6  13   0   0   4      0      0   0.000E+00   5.000E-02
   6  14   0   0   4      0      0   0.000E+00   5.000E-02
   6  15   0   0   4      0      0   0.000E+00   5.000E-02
   6  16  -1   0   1      0      0   8.947E-02   2.000E-01
  F  1  7  0.  0.
   6  17  -1   0   1      0      0   2.452E-02   2.000E-01
  F  1  7  0.  0.
   6  18   0   0   4      0      0   0.000E+00   5.000E-02
   6  19  -1   0   1      0      0   1.579E-02   2.000E-01
  F  1  7  0.  0.
   6  20   0   0   4      0      0   0.000E+00   5.000E-02
   6  21  -1   0   1      0      0   6.761E-03   2.000E-01
  F  1  7  0.  0.
   6  22   0   0   4      0      0   0.000E+00   5.000E-02
   7   8   0   0   4      0      0   0.000E+00   5.000E-02
   7   9  -1   0   1      0      0   1.833E-01   2.000E-01
  F  1  7  0.  0.
   7  10   0   0   4      0      0   0.000E+00   5.000E-02
   7  11  -1   0   1      0      0   9.644E-01   2.000E-01
  F  1  7  0.  0.
   7  12   0   0   4      0      0   0.000E+00   5.000E-02
   7  13   0   0   4      0      0   0.000E+00   5.000E-02
   7  14  -1   0   1      0      0   5.831E-02   2.000E-01
  F  1  7  0.  0.
   7  15   0   0   4      0      0   0.000E+00   5.000E-02
   7  16   0   0   4      0      0   0.000E+00   5.000E-02
   7  17   0   0   4      0      0   0.000E+00   5.000E-02
   7  18  -1   0   1      0      0   1.357E-02   2.000E-01
  F  1  7  0.  0.
   7  19   0   0   4      0      0   0.000E+00   5.000E-02
   7  20  -1   0   1      0      0   8.011E-03   2.000E-01
  F  1  7  0.  0.
   7  21   0   0   4      0      0   0.000E+00   5.000E-02
   7  22  -1   0   1      0      0   3.260E-03   2.000E-01
  F  1  7  0.  0.
   8   9   0   0   4      0      0   0.000E+00   5.000E-02
   8  10   0   0   4      0      0   0.000E+00   5.000E-02
   8  11   0   0   4      0      0   0.000E+00   5.000E-02
   8  12  -1   0   1      0      0   1.454E+00   7.000E-01
  F  1  7  0.  0.
   8  13   0   0   4      0      0   0.000E+00   5.000E-02
   8  14   0   0   4      0      0   0.000E+00   5.000E-02
   8  15   0   0   4      0      0   0.000E+00   5.000E-02
   8  16  -1   0   1      0      0   1.532E-02   2.000E-01
  F  1  7  0.  0.
   8  17  -1   0   1      0      0   1.822E-03   2.000E-01
  F  1  7  0.  0.
   8  18   0   0   4      0      0   0.000E+00   5.000E-02
   8  19  -1   0   1      0      0   4.440E-04   2.000E-01
  F  1  7  0.  0.
   8  20   0   0   4      0      0   0.000E+00   5.000E-02
   8  21  -1   0   1      0      0   2.580E-04   2.000E-01
  F  1  7  0.  0.
   8  22   0   0   4      0      0   0.000E+00   5.000E-02
   9  10   0   0   4      0      0   0.000E+00   5.000E-02
   9  11   0   0   4      0      0   0.000E+00   5.000E-02
   9  12   0   0   4      0      0   0.000E+00   5.000E-02
   9  13  -1   0   1      0      0   1.503E+00   7.000E-01
  F  1  7  0.  0.
   9  14  -1   0   1      0      0   2.140E-02   2.000E-01
  F  1  7  0.  0.
   9  15   0   0   4      0      0   0.000E+00   5.000E-02
   9  16   0   0   4      0      0   0.000E+00   5.000E-02
   9  17   0   0   4      0      0   0.000E+00   5.000E-02
   9  18  -1   0   1      0      0   2.830E-03   2.000E-01
  F  1  7  0.  0.
   9  19   0   0   4      0      0   0.000E+00   5.000E-02
   9  20  -1   0   1      0      0   7.167E-04   2.000E-01
  F  1  7  0.  0.
   9  21   0   0   4      0      0   0.000E+00   5.000E-02
   9  22  -1   0   1      0      0   4.117E-04   2.000E-01
  F  1  7  0.  0.
  10  11   0   0   4      0      0   0.000E+00   5.000E-02
  10  12  -1   0   1      0      0   1.584E-01   7.000E-01
  F  1  7  0.  0.
  10  13   0   0   4      0      0   0.000E+00   5.000E-02
  10  14   0   0   4      0      0   0.000E+00   5.000E-02
  10  15   0   0   4      0      0   0.000E+00   5.000E-02
  10  16  -1   0   1      0      0   9.929E-01   2.000E-01
  F  1  7  0.  0.
  10  17  -1   0   1      0      0   1.603E-01   2.000E-01
  F  1  7  0.  0.
  10  18   0   0   4      0      0   0.000E+00   5.000E-02
  10  19  -1   0   1      0      0   8.308E-02   2.000E-01
  F  1  7  0.  0.
  10  20   0   0   4      0      0   0.000E+00   5.000E-02
  10  21  -1   0   1      0      0   3.154E-02   2.000E-01
  F  1  7  0.  0.
  10  22   0   0   4      0      0   0.000E+00   5.000E-02
  11  12   0   0   4      0      0   0.000E+00   5.000E-02
  11  13  -1   0   1      0      0   1.820E-01   7.000E-01
  F  1  7  0.  0.
  11  14  -1   0   1      0      0   1.011E+00   2.000E-01
  F  1  7  0.  0.
  11  15   0   0   4      0      0   0.000E+00   5.000E-02
  11  16   0   0   4      0      0   0.000E+00   5.000E-02
  11  17   0   0   4      0      0   0.000E+00   5.000E-02
  11  18  -1   0   1      0      0   1.590E-01   2.000E-01
  F  1  7  0.  0.
  11  19   0   0   4      0      0   0.000E+00   5.000E-02
  11  20  -1   0   1      0      0   8.105E-02   2.000E-01
  F  1  7  0.  0.
  11  21   0   0   4      0      0   0.000E+00   5.000E-02
  11  22  -1   0   1      0      0   3.055E-02   2.000E-01
  F  1  7  0.  0.
  12  13   0   0   4      0      0   0.000E+00   5.000E-02
  12  14   0   0   4      0      0   0.000E+00   5.000E-02
  12  15   0   0   4      0      0   0.000E+00   5.000E-02
  12  16  -1   0   1      0      0   1.410E+00   2.000E-01
  F  1  7  0.  0.
  12  17  -1   0   1      0      0   1.487E-01   2.000E-01
  F  1  7  0.  0.
  12  18   0   0   4      0      0   0.000E+00   5.000E-02
  12  19  -1   0   1      0      0   6.652E-02   2.000E-01
  F  1  7  0.  0.
  12  20   0   0   4      0      0   0.000E+00   5.000E-02
  12  21  -1   0   1      0      0   2.279E-02   2.000E-01
  F  1  7  0.  0.
  12  22   0   0   4      0      0   0.000E+00   5.000E-02
  13  14  -1   0   1      0      0   1.544E+00   2.000E-01
  F  1  7  0.  0.
  13  15   0   0   4      0      0   0.000E+00   5.000E-02
  13  16   0   0   4      0      0   0.000E+00   5.000E-02
  13  17   0   0   4      0      0   0.000E+00   5.000E-02
  13  18  -1   0   1      0      0   1.168E-01   2.000E-01
  F  1  7  0.  0.
  13  19   0   0   4      0      0   0.000E+00   5.000E-02
  13  20  -1   0   1      0      0   4.567E-02   2.000E-01
  F  1  7  0.  0.
  13  21   0   0   4      0      0   0.000E+00   5.000E-02
  13  22  -1   0   1      0      0   1.431E-02   2.000E-01
  F  1  7  0.  0.
  14  15   0   0   4      0      0   0.000E+00   5.000E-02
  14  16   0   0   4      0      0   0.000E+00   5.000E-02
  14  17   0   0   4      0      0   0.000E+00   5.000E-02
  14  18  -1   0   1      0      0   4.872E-01   2.000E-01
  F  1  7  0.  0.
  14  19   0   0   4      0      0   0.000E+00   5.000E-02
  14  20  -1   0   1      0      0   9.366E-02   2.000E-01
  F  1  7  0.  0.
  14  21   0   0   4      0      0   0.000E+00   5.000E-02
  14  22  -1   0   1      0      0   2.380E-02   2.000E-01
  F  1  7  0.  0.
  15  16   0   0   4      0      0   0.000E+00   5.000E-02
  15  17   0   0   4      0      0   0.000E+00   5.000E-02
  15  18   0   0   4      0      0   0.000E+00   5.000E-02
  15  19   0   0   4      0      0   0.000E+00   5.000E-02
  15  20   0   0   4      0      0   0.000E+00   5.000E-02
  15  21   0   0   4      0      0   0.000E+00   5.000E-02
  15  22   0   0   4      0      0   0.000E+00   5.000E-02
  16  17  -1   0   1      0      0   5.928E-01   2.000E-01
  F  1  7  0.  0.
  16  18   0   0   4      0      0   0.000E+00   5.000E-02
  16  19  -1   0   1      0      0   1.307E-01   2.000E-01
  F  1  7  0.  0.
  16  20   0   0   4      0      0   0.000E+00   5.000E-02
  16  21  -1   0   1      0      0   3.429E-02   2.000E-01
  F  1  7  0.  0.
  16  22   0   0   4      0      0   0.000E+00   5.000E-02
  17  18   0   0   4      0      0   0.000E+00   5.000E-02
  17  19  -1   0   1      0      0   7.453E-01   2.000E-01
  F  1  7  0.  0.
  17  20   0   0   4      0      0   0.000E+00   5.000E-02
  17  21  -1   0   1      0      0   7.461E-02   2.000E-01
  F  1  7  0.  0.
  17  22   0   0   4      0      0   0.000E+00   5.000E-02
  18  19   0   0   4      0      0   0.000E+00   5.000E-02
  18  20  -1   0   1      0      0   8.004E-01   2.000E-01
  F  1  7  0.  0.
  18  21   0   0   4      0      0   0.000E+00   5.000E-02
  18  22  -1   0   1      0      0   7.048E-02   2.000E-01
  F  1  7  0.  0.
  19  20   0   0   4      0      0   0.000E+00   5.000E-02
  19  21  -1   0   1      0      0   5.475E-01   2.000E-01
  F  1  7  0.  0.
  19  22   0   0   4      0      0   0.000E+00   5.000E-02
  20  21   0   0   4      0      0   0.000E+00   5.000E-02
  20  22  -1   0   1      0      0   5.760E-01   2.000E-01
  F  1  7  0.  0.
  21  22   0   0   4      0      0   0.000E+00   5.000E-02
