****** Levels
 8.49102203E+15      4.    2  'O II 4So 1'  0   0.  0
 7.68711153E+15     10.    2  'O II 2Do 1'  0   0.  0
 7.27790261E+15      6.    2  'O II 2Po 1'  0   0.  -102
 4.89564424E+15     12.    3  'O II 4Pe 1'  0   0.  -102
 3.53682128E+15     10.    3  'O II 2De 1'  0   0.  -102
 2.91707575E+15     12.    3  'O II 4Pe 2'  0   0.  -102
 2.80788668E+15      6.    3  'O II 2Pe 1'  0   0.  -102
 2.58029636E+15      2.    3  'O II 2Se 1'  0   0.  -102
 2.37201675E+15      2.    3  'O II 2So 1'  0   0.  -102
 2.28181251E+15     20.    3  'O II 4Do 1'  0   0.  -102
 2.23273284E+15     12.    3  'O II 4Po 1'  0   0.  -102
 2.22098557E+15     10.    3  'O II 2De 2'  0   0.  -102
 2.13485712E+15     10.    3  'O II 2Do 2'  0   0.  -102
 2.11956623E+15      4.    3  'O II 4So 2'  0   0.  -102
 2.07951351E+15      6.    4  'O II 2Pe 2'  0   0.  -102
 2.05335716E+15      6.    4  'O II 2Po 2'  0   0.  -102
 1.60927687E+15     14.    4  'O II 2Fo 1'  0   0.  -102
 1.57299728E+15     10.    4  'O II 2Do 3'  0   0.  -102
 1.54533393E+15     28.    4  'O II 4Fe 1'  0   0.  -102
 1.51326918E+15     12.    4  'O II 4Pe 3'  0   0.  -102
 1.50548590E+15     20.    4  'O II 4De 1'  0   0.  -102
 1.50243915E+15     14.    4  'O II 2Fe 1'  0   0.  -102
 1.49442206E+15      6.    4  'O II 2Po 3'  0   0.  -102
 1.48281961E+15      6.    4  'O II 2Pe 3'  0   0.  -102
 1.45417540E+15     10.    4  'O II 2De 3'  0   0.  -102
 1.44736264E+15      2.    4  'O II 2Se 2'  0   0.  -102
 1.33342602E+15     12.    4  'O II 4Pe 4'  0   0.  -102
 1.28062597E+15      6.    4  'O II 2Pe 4'  0   0.  -102
 1.14769794E+15      2.    4  'O II 2So 2'  0   0.  -102
 1.14053299E+15      6.    4  'O II 6So 1'  0   0.  -102
 1.12132751E+15     20.    4  'O II 4Do 2'  0   0.  -102
 1.10693139E+15     12.    4  'O II 4Po 2'  0   0.  -102
 1.10682643E+15      4.    4  'O II 4So 3'  0   0.  -102
 1.05283520E+15     10.    5  'O II 2Do 4'  0   0.  -102
 1.03646231E+15      6.    5  'O II 2Po 4'  0   0.  -102
 8.64855955E+14    128.    5  'O II+2__ 1'  0   0.  -102
 8.33139769E+14    160.    5  'O II+4__ 2'  0   0.  -102
 6.85795480E+14     34.    5  'O II+2__ 3'  0   0.  -102
 6.62225237E+14     36.    5  'O II+4_o 4'  0   0.  -102
 5.30340448E+14    220.    6  'O II+4__ 5'  0   0.  -102
 5.18714106E+14    142.    6  'O II+2__ 6'  0   0.  -102
 4.59950095E+14     18.    6  'O II 6Pe 1'  0   0.  -102
 4.41683364E+14     36.    6  'O II+4_o 7'  0   0.  -102
 4.18171203E+14     16.    7  'O II+2_o 8'  0   0.  -102
 3.67605580E+14    256.    7  'O II+4__ 9'  0   0.  -102
 3.65172581E+14    130.    7  'O II+2__10'  0   0.  -102
 2.71542680E+14    340.    7  'O II+4__11'  0   0.  -102
 2.57017738E+14    260.    8  'O II+2__12'  0   0.  -102
 1.74883955E+14    374.    9  'O II+2__13'  0   0.  -102
 1.74394916E+14    728.    9  'O II+4__14'  0   0.  -102
****** Continuum transitions
   1  51   1    105      0      0      0   1.710E-18   0.000E+00
  -0.001   0.034   0.079   0.348   1.021
   0.931   0.958   0.923   0.474  -1.551
   2  51   1    106      0      0      0   5.690E-19   0.000E+00
   0.002   0.027   0.029   0.166   0.373   1.043
   0.456   0.482   0.940   0.808   0.491  -1.525
   3  51   1    106      0      0      0   1.070E-18   0.000E+00
   0.004   0.022   0.029   0.106   0.383   1.058
   0.711   0.641   0.878   0.949   0.518  -1.498
   4  51   1    109      0      0      0   3.092E-20   0.000E+00
  -0.001   0.034   0.074   0.094   0.131   0.209   0.268   0.488   1.170
  -0.817  -0.521   0.342  -0.472   0.342   0.391   1.007   0.699  -1.310
   5  51   1    111      0      0      0   5.462E-21   0.000E+00
  -0.002   0.048   0.059   0.101   0.130   0.230   0.294   0.304   0.411   0.607
   1.265
  -1.585  -1.004  -0.285   0.887  -0.412  -0.296   0.180   0.845   0.919   0.697
  -1.289
   6  51   1    111      0      0      0   2.168E-19   0.000E+00
  -0.002   0.066   0.098   0.116   0.158   0.176   0.190   0.286   0.336   0.664
   1.336
   0.032   0.158   0.877  -0.254   0.053   0.834  -0.528  -0.401  -0.454  -0.718
  -2.704
   7  51   1    113      0      0      0   8.484E-20   0.000E+00
  -0.002   0.101   0.123   0.162   0.201   0.230   0.290   0.333   0.351   0.525
   0.596   0.681   1.347
  -0.380   0.074   0.782  -0.032   0.834  -0.116  -0.095   0.570  -0.254  -0.148
  -0.095  -0.243  -2.229
   8  51   1    114      0      0      0   4.733E-21   0.000E+00
  -0.002   0.023   0.084   0.087   0.176   0.215   0.244   0.311   0.329   0.411
   0.422   0.560   0.696   1.368
  -1.497  -3.296  -1.792  -0.585  -0.338   0.820  -0.511  -0.609  -0.240  -0.141
   0.870   0.944   0.771  -1.275
   9  51   1    110      0      0      0   2.619E-19   0.000E+00
  -0.002   0.173   0.205   0.215   0.272   0.283   0.390   0.454   0.735   1.415
   0.116   0.211   0.592  -0.285   0.211  -0.243  -0.180  -0.222  -0.602  -2.641
  10  51   1    106      0      0      0   3.467E-19   0.000E+00
  -0.002   0.176   0.230   0.443   0.746   1.415
   0.239   0.197   0.099  -0.239  -0.732  -2.775
  11  51   1    105      0      0      0   2.809E-19   0.000E+00
  -0.005   0.197   0.375   0.753   1.429
   0.148   0.137  -0.158  -0.729  -2.747
  12  51   1    110      0      0      0   2.194E-20   0.000E+00
  -0.009   0.030   0.098   0.098   0.315   0.375   0.454   0.610   0.756   1.429
  -1.077  -0.560  -0.465  -0.000  -0.032  -0.032  -0.444  -0.539  -0.676  -2.662
  13  51   1    106      0      0      0   3.861E-19   0.000E+00
   0.002   0.201   0.390   0.482   0.760   1.439
   0.285   0.232  -0.095  -0.306  -0.771  -2.810
  14  51   1    107      0      0      0   4.471E-19   0.000E+00
   0.002   0.112   0.368   0.450   0.553   0.781   1.439
   0.349   0.296   0.021  -0.264  -0.370  -0.792  -2.768
  15  51   1    114      0      0      0   3.208E-19   0.000E+00
  -0.002   0.119   0.148   0.169   0.197   0.361   0.375   0.397   0.507   0.568
   0.617   0.699   0.785   1.454
   0.208   0.039   0.187   0.852  -0.004  -0.574   0.387   0.060   0.313   0.768
   0.852   0.842   0.736  -1.271
  16  51   1    110      0      0      0   3.838E-19   0.000E+00
  -0.009   0.080   0.212   0.269   0.354   0.425   0.468   0.532   0.788   1.450
   0.282   0.296   0.141   0.113  -0.155  -0.197   0.253  -0.296  -0.789  -2.789
  17  51   1    108      0      0      0   1.255E-20   0.000E+00
   0.012   0.105   0.123   0.461   0.523   0.581   0.866   1.546
  -1.197  -1.155   0.211  -0.000   0.070  -0.282  -0.761  -2.789
  18  51   1    110      0      0      0   6.541E-20   0.000E+00
  -0.015   0.109   0.123   0.265   0.381   0.474   0.599   0.706   0.835   1.546
  -0.465  -0.634   0.352   0.296   0.127   0.042  -0.113  -0.423  -0.662  -2.747
  19  51   1    113      0      0      0   1.295E-18   0.000E+00
   0.007   0.176   0.301   0.350   0.376   0.416   0.501   0.554   0.581   0.608
   0.688   0.817   1.533
   0.789   0.253  -0.282  -0.859   0.366  -0.239  -0.493  -0.620   0.183  -0.803
  -1.183  -1.479  -3.634
  20  51   1    114      0      0      0   1.025E-18   0.000E+00
  -0.006   0.167   0.350   0.385   0.430   0.452   0.483   0.554   0.590   0.617
   0.639   0.750   0.932   1.542
   0.732   0.099  -0.676  -0.099  -1.704   0.338  -0.662  -1.324   0.437  -0.310
  -0.901  -1.380  -1.845  -3.690
  21  51   1    111      0      0      0   1.219E-18   0.000E+00
   0.007   0.158   0.367   0.443   0.470   0.510   0.550   0.590   0.630   0.737
   1.537
   0.761   0.239  -0.662  -1.141  -0.127  -0.704  -0.916   0.113  -0.845  -1.239
  -3.563
  22  51   1    113      0      0      0   1.097E-18   0.000E+00
  -0.006   0.198   0.301   0.363   0.381   0.421   0.519   0.568   0.599   0.630
   0.728   0.839   1.555
   0.761   0.056  -0.349  -1.088   0.408  -0.454  -0.771  -0.630   0.320  -1.141
  -1.511  -1.828  -3.975
  23  51   1    108      0      0      0   9.957E-20   0.000E+00
  -0.024   0.109   0.118   0.505   0.576   0.621   0.888   1.568
  -0.239  -0.592   0.239  -0.099   0.592  -0.197  -0.761  -2.775
  24  51   1    113      0      0      0   7.711E-19   0.000E+00
  -0.015   0.372   0.439   0.461   0.483   0.505   0.559   0.603   0.639   0.697
   0.763   0.897   1.573
   0.644  -0.845  -1.363   0.317  -0.486  -0.877  -0.940   0.581  -0.739  -0.116
  -0.095  -0.232  -2.250
  25  51   1    110      0      0      0   8.750E-19   0.000E+00
   0.016   0.265   0.443   0.474   0.505   0.559   0.608   0.661   0.772   1.582
   0.584  -0.296  -1.282  -0.155  -0.982  -1.123   0.391  -1.440  -1.828  -4.257
  26  51   1    111      0      0      0   6.934E-20   0.000E+00
  -0.015   0.052   0.149   0.252   0.252   0.488   0.545   0.568   0.821   0.875
   1.577
  -0.560  -0.120  -0.173  -0.419   0.074  -0.155   0.496  -0.173  -0.454  -0.437
  -2.514
  27  51   1    107      0      0      0   1.899E-19   0.000E+00
  -0.015   0.189   0.350   0.461   0.554   0.955   1.604
  -0.014  -0.127  -0.268  -0.493  -0.817  -1.239  -3.197
  28  51   1    113      0      0      0   1.002E-19   0.000E+00
  -0.024  -0.006   0.132   0.345   0.416   0.456   0.479   0.603   0.657   0.688
   0.906   0.972   1.626
   0.074  -0.306  -0.169  -0.380  -0.338   0.412  -0.306  -0.549   0.306  -0.708
  -0.708  -0.856  -2.810
  29  51   1    108      0      0      0   3.507E-19   0.000E+00
  -0.037   0.105   0.332   0.461   0.581   0.781   1.017   1.680
   0.296   0.099  -0.113  -0.197  -0.366  -0.634  -1.056  -3.028
  30  51   1      2      0      0      0   1.343E-18   0.000E+00
   3.000   6.714   1.000   0.000
  31  51   1    108      0      0      0   3.812E-19   0.000E+00
  -0.002   0.198   0.443   0.617   0.781   0.937   1.021   1.666
   0.282   0.113  -0.155  -0.423  -0.704  -1.028  -1.169  -3.099
  32  51   1    108      0      0      0   2.818E-19   0.000E+00
  -0.011   0.216   0.434   0.528   0.554   0.777   1.012   1.680
   0.155   0.028  -0.183  -0.000  -0.352  -0.676  -1.099  -3.085
  33  51   1    111      0      0      0   3.789E-19   0.000E+00
  -0.037   0.047   0.203   0.359   0.488   0.519   0.572   0.621   0.799   0.990
   1.662
   0.380   0.148  -0.063  -0.243  -0.254   0.306  -0.560  -0.285  -0.666  -0.856
  -2.831
  34  51   1    108      0      0      0   4.605E-19   0.000E+00
  -0.037   0.323   0.505   0.585   0.706   0.830   0.964   1.702
   0.394   0.084  -0.141  -0.338  -0.465  -0.761  -1.056  -3.197
  35  51   1    107      0      0      0   4.763E-19   0.000E+00
  -0.028   0.172   0.519   0.639   0.826   1.052   1.711
   0.400   0.239  -0.155  -0.278  -0.623  -1.129  -3.125
  36  51   1    109      0      0      0   6.568E-20   0.000E+00
  -0.051   0.181   0.221   0.585   0.790   0.861   0.892   1.052   1.786
  -0.366  -0.901  -0.606  -1.690  -1.634  -1.676  -1.986  -2.352  -4.493
  37  51   1    109      0      0      0   6.533E-20   0.000E+00
  -0.028   0.568   0.697   0.768   0.857   0.879   0.995   1.106   1.800
  -0.408  -2.028  -1.958  -2.324  -1.901  -2.394  -2.676  -2.761  -4.845
  38  51   1    110      0      0      0   5.726E-20   0.000E+00
  -0.033   0.118   0.341   0.674   0.830   0.892   0.986   1.137   1.226   1.880
  -0.489  -0.736  -0.908  -1.328  -1.266  -1.549  -1.771  -2.055  -2.215  -4.187
  39  51   1    109      0      0      0   5.116E-20   0.000E+00
  -0.051   0.292   0.559   0.697   0.772   0.857   1.012   1.222   1.880
  -0.521  -1.000  -1.324  -1.451  -1.648  -1.817  -2.113  -2.549  -4.479
  40  51   1    106      0      0      0   8.787E-20   0.000E+00
  -0.002   0.381   0.799   1.012   1.119   1.987
  -0.352  -1.423  -2.676  -3.028  -3.211  -5.775
  41  51   1    107      0      0      0   1.376E-19   0.000E+00
   0.003   0.283   0.812   1.075   1.093   1.333   2.000
  -0.169  -0.859  -1.845  -1.803  -2.169  -2.704  -4.704
  42  51   1      2      0      0      0   2.115E-18   0.000E+00
   3.000  10.573   1.000   0.000
  43  51   1    106      0      0      0   5.608E-20   0.000E+00
  -0.046   0.221   0.701   1.155   1.400   2.057
  -0.479  -0.901  -1.563  -2.239  -2.845  -4.817
  44  51   1    108      0      0      0   8.787E-20   0.000E+00
  -0.004   0.338   0.445   0.899   1.117   1.197   1.363   2.089
  -0.352  -0.831  -0.831  -1.521  -1.634  -1.986  -2.408  -4.549
  45  51   1    108      0      0      0   9.865E-20   0.000E+00
  -0.030   0.028   0.279   0.728   0.968   1.149   1.443   2.142
  -0.289  -0.324  -0.975  -2.243  -2.877  -3.264  -3.933  -6.028
  46  51   1    107      0      0      0   1.970E-19   0.000E+00
  -0.020   0.034   0.391   0.957   1.283   1.480   2.148
   0.014  -0.042  -1.000  -2.578  -3.014  -3.423  -5.437
  47  51   1    108      0      0      0   1.020E-19   0.000E+00
  -0.009   0.050   0.594   0.861   0.963   1.155   1.593   2.265
  -0.282  -0.352  -1.648  -2.183  -2.070  -2.282  -3.042  -5.085
  48  51   1    107      0      0      0   1.555E-19   0.000E+00
  -0.062   0.429   0.536   1.112   1.411   1.619   2.292
   0.014  -0.958  -0.648  -2.310  -2.718  -3.296  -5.282
  49  51   1    107      0      0      0   2.955E-19   0.000E+00
  -0.020   0.407   0.893   0.936   1.272   1.801   2.463
   0.215  -0.771  -1.951  -1.722  -2.602  -3.606  -5.595
  50  51   1    107      0      0      0   1.454E-19   0.000E+00
  -0.020   0.087   0.472   1.224   1.480   1.774   2.447
  -0.113  -0.254  -1.204  -3.070  -3.405  -4.074  -6.116
*** Line transitions
   1   2   0   0   4      0      0   0.000E+00   5.000E-02
   1   3   0   0   4      0      0   0.000E+00   5.000E-02
   1   4  -1   0   1      0      0   2.650E-01   7.000E-01
  F  1  7  0.  0.
   1   5   0   0   4      0      0   0.000E+00   5.000E-02
   1   6  -1   0   1      0      0   1.325E-01   2.000E-01
  F  1  7  0.  0.
   1   7   0   0   4      0      0   0.000E+00   5.000E-02
   1   8   0   0   4      0      0   0.000E+00   5.000E-02
   1   9   0   0   4      0      0   0.000E+00   5.000E-02
   1  10   0   0   4      0      0   0.000E+00   5.000E-02
   1  11   0   0   4      0      0   0.000E+00   5.000E-02
   1  12   0   0   4      0      0   0.000E+00   5.000E-02
   1  13   0   0   4      0      0   0.000E+00   5.000E-02
   1  14   0   0   4      0      0   0.000E+00   5.000E-02
   1  15   0   0   4      0      0   0.000E+00   5.000E-02
   1  16   0   0   4      0      0   0.000E+00   5.000E-02
   1  17   0   0   4      0      0   0.000E+00   5.000E-02
   1  18   0   0   4      0      0   0.000E+00   5.000E-02
   1  19   0   0   4      0      0   0.000E+00   5.000E-02
   1  20  -1   0   1      0      0   3.750E-01   2.000E-01
  F  1  7  0.  0.
   1  21   0   0   4      0      0   0.000E+00   5.000E-02
   1  22   0   0   4      0      0   0.000E+00   5.000E-02
   1  23   0   0   4      0      0   0.000E+00   5.000E-02
   1  24   0   0   4      0      0   0.000E+00   5.000E-02
   1  25   0   0   4      0      0   0.000E+00   5.000E-02
   1  26   0   0   4      0      0   0.000E+00   5.000E-02
   1  27  -1   0   1      0      0   1.483E-02   2.000E-01
  F  1  7  0.  0.
   1  28   0   0   4      0      0   0.000E+00   5.000E-02
   1  29   0   0   4      0      0   0.000E+00   5.000E-02
   1  30   0   0   4      0      0   0.000E+00   5.000E-02
   1  31   0   0   4      0      0   0.000E+00   5.000E-02
   1  32   0   0   4      0      0   0.000E+00   5.000E-02
   1  33   0   0   4      0      0   0.000E+00   5.000E-02
   1  34   0   0   4      0      0   0.000E+00   5.000E-02
   1  35   0   0   4      0      0   0.000E+00   5.000E-02
   1  36   0   0   4      0      0   0.000E+00   5.000E-02
   1  37  -1   0   1      0      0   1.696E-01   2.000E-01
  F  1  7  0.  0.
   1  38   0   0   4      0      0   0.000E+00   5.000E-02
   1  39   0   0   4      0      0   0.000E+00   5.000E-02
   1  40  -1   0   1      0      0   8.942E-02   2.000E-01
  F  1  7  0.  0.
   1  41   0   0   4      0      0   0.000E+00   5.000E-02
   1  42   0   0   4      0      0   0.000E+00   5.000E-02
   1  43   0   0   4      0      0   0.000E+00   5.000E-02
   1  44   0   0   4      0      0   0.000E+00   5.000E-02
   1  45  -1   0   1      0      0   5.714E-02   2.000E-01
  F  1  7  0.  0.
   1  46   0   0   4      0      0   0.000E+00   5.000E-02
   1  47  -1   0   1      0      0   9.051E-02   2.000E-01
  F  1  7  0.  0.
   1  48   0   0   4      0      0   0.000E+00   5.000E-02
   1  49   0   0   4      0      0   0.000E+00   5.000E-02
   1  50  -1   0   1      0      0   2.946E-02   2.000E-01
  F  1  7  0.  0.
   2   3   0   0   4      0      0   0.000E+00   5.000E-02
   2   4   0   0   4      0      0   0.000E+00   5.000E-02
   2   5  -1   0   1      0      0   1.560E-01   2.000E-01
  F  1  7  0.  0.
   2   6   0   0   4      0      0   0.000E+00   5.000E-02
   2   7  -1   0   1      0      0   1.160E-01   2.000E-01
  F  1  7  0.  0.
   2   8   0   0   4      0      0   0.000E+00   5.000E-02
   2   9   0   0   4      0      0   0.000E+00   5.000E-02
   2  10   0   0   4      0      0   0.000E+00   5.000E-02
   2  11   0   0   4      0      0   0.000E+00   5.000E-02
   2  12  -1   0   1      0      0   5.330E-02   2.000E-01
  F  1  7  0.  0.
   2  13   0   0   4      0      0   0.000E+00   5.000E-02
   2  14   0   0   4      0      0   0.000E+00   5.000E-02
   2  15  -1   0   1      0      0   1.520E-01   2.000E-01
  F  1  7  0.  0.
   2  16   0   0   4      0      0   0.000E+00   5.000E-02
   2  17   0   0   4      0      0   0.000E+00   5.000E-02
   2  18   0   0   4      0      0   0.000E+00   5.000E-02
   2  19   0   0   4      0      0   0.000E+00   5.000E-02
   2  20   0   0   4      0      0   0.000E+00   5.000E-02
   2  21   0   0   4      0      0   0.000E+00   5.000E-02
   2  22  -1   0   1      0      0   1.230E-01   2.000E-01
  F  1  7  0.  0.
   2  23   0   0   4      0      0   0.000E+00   5.000E-02
   2  24  -1   0   1      0      0   4.420E-02   2.000E-01
  F  1  7  0.  0.
   2  25  -1   0   1      0      0   2.600E-02   2.000E-01
  F  1  7  0.  0.
   2  26   0   0   4      0      0   0.000E+00   5.000E-02
   2  27   0   0   4      0      0   0.000E+00   5.000E-02
   2  28  -1   0   1      0      0   1.690E-03   2.000E-01
  F  1  7  0.  0.
   2  29   0   0   4      0      0   0.000E+00   5.000E-02
   2  30   0   0   4      0      0   0.000E+00   5.000E-02
   2  31   0   0   4      0      0   0.000E+00   5.000E-02
   2  32   0   0   4      0      0   0.000E+00   5.000E-02
   2  33   0   0   4      0      0   0.000E+00   5.000E-02
   2  34   0   0   4      0      0   0.000E+00   5.000E-02
   2  35   0   0   4      0      0   0.000E+00   5.000E-02
   2  36  -1   0   1      0      0   2.625E-01   2.000E-01
  F  1  7  0.  0.
   2  37   0   0   4      0      0   0.000E+00   5.000E-02
   2  38  -1   0   1      0      0   9.230E-03   2.000E-01
  F  1  7  0.  0.
   2  39   0   0   4      0      0   0.000E+00   5.000E-02
   2  40   0   0   4      0      0   0.000E+00   5.000E-02
   2  41  -1   0   1      0      0   3.837E-02   2.000E-01
  F  1  7  0.  0.
   2  42   0   0   4      0      0   0.000E+00   5.000E-02
   2  43   0   0   4      0      0   0.000E+00   5.000E-02
   2  44   0   0   4      0      0   0.000E+00   5.000E-02
   2  45   0   0   4      0      0   0.000E+00   5.000E-02
   2  46  -1   0   1      0      0   1.872E-02   2.000E-01
  F  1  7  0.  0.
   2  47   0   0   4      0      0   0.000E+00   5.000E-02
   2  48  -1   0   1      0      0   8.609E-02   2.000E-01
  F  1  7  0.  0.
   2  49  -1   0   1      0      0   2.999E-02   2.000E-01
  F  1  7  0.  0.
   2  50   0   0   4      0      0   0.000E+00   5.000E-02
   3   4   0   0   4      0      0   0.000E+00   5.000E-02
   3   5  -1   0   1      0      0   3.183E-02   2.000E-01
  F  1  7  0.  0.
   3   6   0   0   4      0      0   0.000E+00   5.000E-02
   3   7  -1   0   1      0      0   3.833E-02   2.000E-01
  F  1  7  0.  0.
   3   8  -1   0   1      0      0   1.070E-01   2.000E-01
  F  1  7  0.  0.
   3   9   0   0   4      0      0   0.000E+00   5.000E-02
   3  10   0   0   4      0      0   0.000E+00   5.000E-02
   3  11   0   0   4      0      0   0.000E+00   5.000E-02
   3  12  -1   0   1      0      0   4.117E-02   2.000E-01
  F  1  7  0.  0.
   3  13   0   0   4      0      0   0.000E+00   5.000E-02
   3  14   0   0   4      0      0   0.000E+00   5.000E-02
   3  15  -1   0   1      0      0   7.550E-02   2.000E-01
  F  1  7  0.  0.
   3  16   0   0   4      0      0   0.000E+00   5.000E-02
   3  17   0   0   4      0      0   0.000E+00   5.000E-02
   3  18   0   0   4      0      0   0.000E+00   5.000E-02
   3  19   0   0   4      0      0   0.000E+00   5.000E-02
   3  20   0   0   4      0      0   0.000E+00   5.000E-02
   3  21   0   0   4      0      0   0.000E+00   5.000E-02
   3  22   0   0   4      0      0   0.000E+00   5.000E-02
   3  23   0   0   4      0      0   0.000E+00   5.000E-02
   3  24  -1   0   1      0      0   9.383E-02   2.000E-01
  F  1  7  0.  0.
   3  25  -1   0   1      0      0   1.148E-01   2.000E-01
  F  1  7  0.  0.
   3  26  -1   0   1      0      0   1.733E-02   2.000E-01
  F  1  7  0.  0.
   3  27   0   0   4      0      0   0.000E+00   5.000E-02
   3  28  -1   0   1      0      0   3.200E-02   2.000E-01
  F  1  7  0.  0.
   3  29   0   0   4      0      0   0.000E+00   5.000E-02
   3  30   0   0   4      0      0   0.000E+00   5.000E-02
   3  31   0   0   4      0      0   0.000E+00   5.000E-02
   3  32   0   0   4      0      0   0.000E+00   5.000E-02
   3  33   0   0   4      0      0   0.000E+00   5.000E-02
   3  34   0   0   4      0      0   0.000E+00   5.000E-02
   3  35   0   0   4      0      0   0.000E+00   5.000E-02
   3  36  -1   0   1      0      0   1.756E-01   2.000E-01
  F  1  7  0.  0.
   3  37   0   0   4      0      0   0.000E+00   5.000E-02
   3  38  -1   0   1      0      0   2.358E-02   2.000E-01
  F  1  7  0.  0.
   3  39   0   0   4      0      0   0.000E+00   5.000E-02
   3  40   0   0   4      0      0   0.000E+00   5.000E-02
   3  41  -1   0   1      0      0   4.348E-02   2.000E-01
  F  1  7  0.  0.
   3  42   0   0   4      0      0   0.000E+00   5.000E-02
   3  43   0   0   4      0      0   0.000E+00   5.000E-02
   3  44   0   0   4      0      0   0.000E+00   5.000E-02
   3  45   0   0   4      0      0   0.000E+00   5.000E-02
   3  46  -1   0   1      0      0   2.180E-02   2.000E-01
  F  1  7  0.  0.
   3  47   0   0   4      0      0   0.000E+00   5.000E-02
   3  48  -1   0   1      0      0   8.862E-02   2.000E-01
  F  1  7  0.  0.
   3  49  -1   0   1      0      0   5.844E-02   2.000E-01
  F  1  7  0.  0.
   3  50   0   0   4      0      0   0.000E+00   5.000E-02
   4   5   0   0   4      0      0   0.000E+00   5.000E-02
   4   6   0   0   4      0      0   0.000E+00   5.000E-02
   4   7   0   0   4      0      0   0.000E+00   5.000E-02
   4   8   0   0   4      0      0   0.000E+00   5.000E-02
   4   9   0   0   4      0      0   0.000E+00   5.000E-02
   4  10  -1   0   1      0      0   1.750E-03   2.000E-01
  F  1  7  0.  0.
   4  11  -1   0   1      0      0   8.667E-03   2.000E-01
  F  1  7  0.  0.
   4  12   0   0   4      0      0   0.000E+00   5.000E-02
   4  13   0   0   4      0      0   0.000E+00   5.000E-02
   4  14  -1   0   1      0      0   2.942E-03   2.000E-01
  F  1  7  0.  0.
   4  15   0   0   4      0      0   0.000E+00   5.000E-02
   4  16   0   0   4      0      0   0.000E+00   5.000E-02
   4  17   0   0   4      0      0   0.000E+00   5.000E-02
   4  18   0   0   4      0      0   0.000E+00   5.000E-02
   4  19   0   0   4      0      0   0.000E+00   5.000E-02
   4  20   0   0   4      0      0   0.000E+00   5.000E-02
   4  21   0   0   4      0      0   0.000E+00   5.000E-02
   4  22   0   0   4      0      0   0.000E+00   5.000E-02
   4  23   0   0   4      0      0   0.000E+00   5.000E-02
   4  24   0   0   4      0      0   0.000E+00   5.000E-02
   4  25   0   0   4      0      0   0.000E+00   5.000E-02
   4  26   0   0   4      0      0   0.000E+00   5.000E-02
   4  27   0   0   4      0      0   0.000E+00   5.000E-02
   4  28   0   0   4      0      0   0.000E+00   5.000E-02
   4  29   0   0   4      0      0   0.000E+00   5.000E-02
   4  30   0   0   4      0      0   0.000E+00   5.000E-02
   4  31  -1   0   1      0      0   1.492E-05   2.000E-01
  F  1  7  0.  0.
   4  32  -1   0   1      0      0   1.483E-03   2.000E-01
  F  1  7  0.  0.
   4  33  -1   0   1      0      0   1.342E-02   2.000E-01
  F  1  7  0.  0.
   4  34   0   0   4      0      0   0.000E+00   5.000E-02
   4  35   0   0   4      0      0   0.000E+00   5.000E-02
   4  36   0   0   4      0      0   0.000E+00   5.000E-02
   4  37  -1   0   1      0      0   4.008E-02   2.000E-01
  F  1  7  0.  0.
   4  38   0   0   4      0      0   0.000E+00   5.000E-02
   4  39  -1   0   1      0      0   3.748E-03   2.000E-01
  F  1  7  0.  0.
   4  40  -1   0   1      0      0   5.383E-04   2.000E-01
  F  1  7  0.  0.
   4  41   0   0   4      0      0   0.000E+00   5.000E-02
   4  42   0   0   4      0      0   0.000E+00   5.000E-02
   4  43  -1   0   1      0      0   6.500E-04   2.000E-01
  F  1  7  0.  0.
   4  44   0   0   4      0      0   0.000E+00   5.000E-02
   4  45  -1   0   1      0      0   3.600E-04   2.000E-01
  F  1  7  0.  0.
   4  46   0   0   4      0      0   0.000E+00   5.000E-02
   4  47  -1   0   1      0      0   6.582E-04   2.000E-01
  F  1  7  0.  0.
   4  48   0   0   4      0      0   0.000E+00   5.000E-02
   4  49   0   0   4      0      0   0.000E+00   5.000E-02
   4  50  -1   0   1      0      0   5.575E-04   2.000E-01
  F  1  7  0.  0.
   5   6   0   0   4      0      0   0.000E+00   5.000E-02
   5   7   0   0   4      0      0   0.000E+00   5.000E-02
   5   8   0   0   4      0      0   0.000E+00   5.000E-02
   5   9   0   0   4      0      0   0.000E+00   5.000E-02
   5  10   0   0   4      0      0   0.000E+00   5.000E-02
   5  11   0   0   4      0      0   0.000E+00   5.000E-02
   5  12   0   0   4      0      0   0.000E+00   5.000E-02
   5  13  -1   0   1      0      0   2.790E-05   2.000E-01
  F  1  7  0.  0.
   5  14   0   0   4      0      0   0.000E+00   5.000E-02
   5  15   0   0   4      0      0   0.000E+00   5.000E-02
   5  16  -1   0   1      0      0   1.240E-03   2.000E-01
  F  1  7  0.  0.
   5  17  -1   0   1      0      0   1.090E-02   2.000E-01
  F  1  7  0.  0.
   5  18  -1   0   1      0      0   4.940E-05   2.000E-01
  F  1  7  0.  0.
   5  19   0   0   4      0      0   0.000E+00   5.000E-02
   5  20   0   0   4      0      0   0.000E+00   5.000E-02
   5  21   0   0   4      0      0   0.000E+00   5.000E-02
   5  22   0   0   4      0      0   0.000E+00   5.000E-02
   5  23  -1   0   1      0      0   1.040E-02   2.000E-01
  F  1  7  0.  0.
   5  24   0   0   4      0      0   0.000E+00   5.000E-02
   5  25   0   0   4      0      0   0.000E+00   5.000E-02
   5  26   0   0   4      0      0   0.000E+00   5.000E-02
   5  27   0   0   4      0      0   0.000E+00   5.000E-02
   5  28   0   0   4      0      0   0.000E+00   5.000E-02
   5  29   0   0   4      0      0   0.000E+00   5.000E-02
   5  30   0   0   4      0      0   0.000E+00   5.000E-02
   5  31   0   0   4      0      0   0.000E+00   5.000E-02
   5  32   0   0   4      0      0   0.000E+00   5.000E-02
   5  33   0   0   4      0      0   0.000E+00   5.000E-02
   5  34  -1   0   1      0      0   1.480E-05   2.000E-01
  F  1  7  0.  0.
   5  35  -1   0   1      0      0   1.220E-05   2.000E-01
  F  1  7  0.  0.
   5  36  -1   0   1      0      0   9.853E-04   2.000E-01
  F  1  7  0.  0.
   5  37   0   0   4      0      0   0.000E+00   5.000E-02
   5  38  -1   0   1      0      0   4.785E-06   2.000E-01
  F  1  7  0.  0.
   5  39   0   0   4      0      0   0.000E+00   5.000E-02
   5  40   0   0   4      0      0   0.000E+00   5.000E-02
   5  41  -1   0   1      0      0   2.940E-03   2.000E-01
  F  1  7  0.  0.
   5  42   0   0   4      0      0   0.000E+00   5.000E-02
   5  43   0   0   4      0      0   0.000E+00   5.000E-02
   5  44  -1   0   1      0      0   5.370E-04   2.000E-01
  F  1  7  0.  0.
   5  45   0   0   4      0      0   0.000E+00   5.000E-02
   5  46  -1   0   1      0      0   1.305E-05   2.000E-01
  F  1  7  0.  0.
   5  47   0   0   4      0      0   0.000E+00   5.000E-02
   5  48  -1   0   1      0      0   1.658E-03   2.000E-01
  F  1  7  0.  0.
   5  49  -1   0   1      0      0   1.229E-05   2.000E-01
  F  1  7  0.  0.
   5  50   0   0   4      0      0   0.000E+00   5.000E-02
   6   7   0   0   4      0      0   0.000E+00   5.000E-02
   6   8   0   0   4      0      0   0.000E+00   5.000E-02
   6   9   0   0   4      0      0   0.000E+00   5.000E-02
   6  10  -1   0   1      0      0   4.433E-01   7.000E-01
  F  1  7  0.  0.
   6  11  -1   0   1      0      0   2.725E-01   7.000E-01
  F  1  7  0.  0.
   6  12   0   0   4      0      0   0.000E+00   5.000E-02
   6  13   0   0   4      0      0   0.000E+00   5.000E-02
   6  14  -1   0   1      0      0   1.225E-01   7.000E-01
  F  1  7  0.  0.
   6  15   0   0   4      0      0   0.000E+00   5.000E-02
   6  16   0   0   4      0      0   0.000E+00   5.000E-02
   6  17   0   0   4      0      0   0.000E+00   5.000E-02
   6  18   0   0   4      0      0   0.000E+00   5.000E-02
   6  19   0   0   4      0      0   0.000E+00   5.000E-02
   6  20   0   0   4      0      0   0.000E+00   5.000E-02
   6  21   0   0   4      0      0   0.000E+00   5.000E-02
   6  22   0   0   4      0      0   0.000E+00   5.000E-02
   6  23   0   0   4      0      0   0.000E+00   5.000E-02
   6  24   0   0   4      0      0   0.000E+00   5.000E-02
   6  25   0   0   4      0      0   0.000E+00   5.000E-02
   6  26   0   0   4      0      0   0.000E+00   5.000E-02
   6  27   0   0   4      0      0   0.000E+00   5.000E-02
   6  28   0   0   4      0      0   0.000E+00   5.000E-02
   6  29   0   0   4      0      0   0.000E+00   5.000E-02
   6  30   0   0   4      0      0   0.000E+00   5.000E-02
   6  31  -1   0   1      0      0   1.458E-02   2.000E-01
  F  1  7  0.  0.
   6  32  -1   0   1      0      0   5.392E-03   2.000E-01
  F  1  7  0.  0.
   6  33  -1   0   1      0      0   6.283E-04   2.000E-01
  F  1  7  0.  0.
   6  34   0   0   4      0      0   0.000E+00   5.000E-02
   6  35   0   0   4      0      0   0.000E+00   5.000E-02
   6  36   0   0   4      0      0   0.000E+00   5.000E-02
   6  37  -1   0   1      0      0   3.383E-03   2.000E-01
  F  1  7  0.  0.
   6  38   0   0   4      0      0   0.000E+00   5.000E-02
   6  39  -1   0   1      0      0   1.127E-02   2.000E-01
  F  1  7  0.  0.
   6  40  -1   0   1      0      0   1.325E-04   2.000E-01
  F  1  7  0.  0.
   6  41   0   0   4      0      0   0.000E+00   5.000E-02
   6  42   0   0   4      0      0   0.000E+00   5.000E-02
   6  43  -1   0   1      0      0   6.301E-03   2.000E-01
  F  1  7  0.  0.
   6  44   0   0   4      0      0   0.000E+00   5.000E-02
   6  45  -1   0   1      0      0   7.025E-05   2.000E-01
  F  1  7  0.  0.
   6  46   0   0   4      0      0   0.000E+00   5.000E-02
   6  47  -1   0   1      0      0   6.453E-03   2.000E-01
  F  1  7  0.  0.
   6  48   0   0   4      0      0   0.000E+00   5.000E-02
   6  49   0   0   4      0      0   0.000E+00   5.000E-02
   6  50  -1   0   1      0      0   3.090E-03   2.000E-01
  F  1  7  0.  0.
   7   8   0   0   4      0      0   0.000E+00   5.000E-02
   7   9  -1   0   1      0      0   6.100E-02   7.000E-01
  F  1  7  0.  0.
   7  10   0   0   4      0      0   0.000E+00   5.000E-02
   7  11   0   0   4      0      0   0.000E+00   5.000E-02
   7  12   0   0   4      0      0   0.000E+00   5.000E-02
   7  13  -1   0   1      0      0   4.600E-01   7.000E-01
  F  1  7  0.  0.
   7  14   0   0   4      0      0   0.000E+00   5.000E-02
   7  15   0   0   4      0      0   0.000E+00   5.000E-02
   7  16  -1   0   1      0      0   3.133E-01   7.000E-01
  F  1  7  0.  0.
   7  17   0   0   4      0      0   0.000E+00   5.000E-02
   7  18  -1   0   1      0      0   6.800E-02   2.000E-01
  F  1  7  0.  0.
   7  19   0   0   4      0      0   0.000E+00   5.000E-02
   7  20   0   0   4      0      0   0.000E+00   5.000E-02
   7  21   0   0   4      0      0   0.000E+00   5.000E-02
   7  22   0   0   4      0      0   0.000E+00   5.000E-02
   7  23  -1   0   1      0      0   3.317E-02   2.000E-01
  F  1  7  0.  0.
   7  24   0   0   4      0      0   0.000E+00   5.000E-02
   7  25   0   0   4      0      0   0.000E+00   5.000E-02
   7  26   0   0   4      0      0   0.000E+00   5.000E-02
   7  27   0   0   4      0      0   0.000E+00   5.000E-02
   7  28   0   0   4      0      0   0.000E+00   5.000E-02
   7  29  -1   0   1      0      0   1.067E-02   2.000E-01
  F  1  7  0.  0.
   7  30   0   0   4      0      0   0.000E+00   5.000E-02
   7  31   0   0   4      0      0   0.000E+00   5.000E-02
   7  32   0   0   4      0      0   0.000E+00   5.000E-02
   7  33   0   0   4      0      0   0.000E+00   5.000E-02
   7  34  -1   0   1      0      0   5.283E-04   2.000E-01
  F  1  7  0.  0.
   7  35  -1   0   1      0      0   6.350E-05   2.000E-01
  F  1  7  0.  0.
   7  36  -1   0   1      0      0   5.117E-03   2.000E-01
  F  1  7  0.  0.
   7  37   0   0   4      0      0   0.000E+00   5.000E-02
   7  38  -1   0   1      0      0   7.212E-03   2.000E-01
  F  1  7  0.  0.
   7  39   0   0   4      0      0   0.000E+00   5.000E-02
   7  40   0   0   4      0      0   0.000E+00   5.000E-02
   7  41  -1   0   1      0      0   1.163E-02   2.000E-01
  F  1  7  0.  0.
   7  42   0   0   4      0      0   0.000E+00   5.000E-02
   7  43   0   0   4      0      0   0.000E+00   5.000E-02
   7  44  -1   0   1      0      0   3.565E-04   2.000E-01
  F  1  7  0.  0.
   7  45   0   0   4      0      0   0.000E+00   5.000E-02
   7  46  -1   0   1      0      0   1.159E-03   2.000E-01
  F  1  7  0.  0.
   7  47   0   0   4      0      0   0.000E+00   5.000E-02
   7  48  -1   0   1      0      0   1.602E-03   2.000E-01
  F  1  7  0.  0.
   7  49  -1   0   1      0      0   1.597E-03   2.000E-01
  F  1  7  0.  0.
   7  50   0   0   4      0      0   0.000E+00   5.000E-02
   8   9   0   0   4      0      0   0.000E+00   5.000E-02
   8  10   0   0   4      0      0   0.000E+00   5.000E-02
   8  11   0   0   4      0      0   0.000E+00   5.000E-02
   8  12   0   0   4      0      0   0.000E+00   5.000E-02
   8  13   0   0   4      0      0   0.000E+00   5.000E-02
   8  14   0   0   4      0      0   0.000E+00   5.000E-02
   8  15   0   0   4      0      0   0.000E+00   5.000E-02
   8  16  -1   0   1      0      0   4.490E-06   7.000E-01
  F  1  7  0.  0.
   8  17   0   0   4      0      0   0.000E+00   5.000E-02
   8  18   0   0   4      0      0   0.000E+00   5.000E-02
   8  19   0   0   4      0      0   0.000E+00   5.000E-02
   8  20   0   0   4      0      0   0.000E+00   5.000E-02
   8  21   0   0   4      0      0   0.000E+00   5.000E-02
   8  22   0   0   4      0      0   0.000E+00   5.000E-02
   8  23  -1   0   1      0      0   3.395E-03   2.000E-01
  F  1  7  0.  0.
   8  24   0   0   4      0      0   0.000E+00   5.000E-02
   8  25   0   0   4      0      0   0.000E+00   5.000E-02
   8  26   0   0   4      0      0   0.000E+00   5.000E-02
   8  27   0   0   4      0      0   0.000E+00   5.000E-02
   8  28   0   0   4      0      0   0.000E+00   5.000E-02
   8  29  -1   0   1      0      0   8.468E-01   2.000E-01
  F  1  7  0.  0.
   8  30   0   0   4      0      0   0.000E+00   5.000E-02
   8  31   0   0   4      0      0   0.000E+00   5.000E-02
   8  32   0   0   4      0      0   0.000E+00   5.000E-02
   8  33   0   0   4      0      0   0.000E+00   5.000E-02
   8  34   0   0   4      0      0   0.000E+00   5.000E-02
   8  35  -1   0   1      0      0   4.710E-03   2.000E-01
  F  1  7  0.  0.
   8  36  -1   0   1      0      0   5.700E-02   2.000E-01
  F  1  7  0.  0.
   8  37   0   0   4      0      0   0.000E+00   5.000E-02
   8  38  -1   0   1      0      0   1.465E-01   2.000E-01
  F  1  7  0.  0.
   8  39   0   0   4      0      0   0.000E+00   5.000E-02
   8  40   0   0   4      0      0   0.000E+00   5.000E-02
   8  41  -1   0   1      0      0   5.462E-02   2.000E-01
  F  1  7  0.  0.
   8  42   0   0   4      0      0   0.000E+00   5.000E-02
   8  43   0   0   4      0      0   0.000E+00   5.000E-02
   8  44  -1   0   1      0      0   6.400E-05   2.000E-01
  F  1  7  0.  0.
   8  45   0   0   4      0      0   0.000E+00   5.000E-02
   8  46  -1   0   1      0      0   2.584E-02   2.000E-01
  F  1  7  0.  0.
   8  47   0   0   4      0      0   0.000E+00   5.000E-02
   8  48  -1   0   1      0      0   1.721E-02   2.000E-01
  F  1  7  0.  0.
   8  49  -1   0   1      0      0   1.557E-02   2.000E-01
  F  1  7  0.  0.
   8  50   0   0   4      0      0   0.000E+00   5.000E-02
   9  10   0   0   4      0      0   0.000E+00   5.000E-02
   9  11   0   0   4      0      0   0.000E+00   5.000E-02
   9  12   0   0   4      0      0   0.000E+00   5.000E-02
   9  13   0   0   4      0      0   0.000E+00   5.000E-02
   9  14   0   0   4      0      0   0.000E+00   5.000E-02
   9  15  -1   0   1      0      0   6.800E-02   7.000E-01
  F  1  7  0.  0.
   9  16   0   0   4      0      0   0.000E+00   5.000E-02
   9  17   0   0   4      0      0   0.000E+00   5.000E-02
   9  18   0   0   4      0      0   0.000E+00   5.000E-02
   9  19   0   0   4      0      0   0.000E+00   5.000E-02
   9  20   0   0   4      0      0   0.000E+00   5.000E-02
   9  21   0   0   4      0      0   0.000E+00   5.000E-02
   9  22   0   0   4      0      0   0.000E+00   5.000E-02
   9  23   0   0   4      0      0   0.000E+00   5.000E-02
   9  24  -1   0   1      0      0   6.450E-01   2.000E-01
  F  1  7  0.  0.
   9  25   0   0   4      0      0   0.000E+00   5.000E-02
   9  26  -1   0   1      0      0   8.468E-01   2.000E-01
  F  1  7  0.  0.
   9  27   0   0   4      0      0   0.000E+00   5.000E-02
   9  28  -1   0   1      0      0   1.985E-01   2.000E-01
  F  1  7  0.  0.
   9  29   0   0   4      0      0   0.000E+00   5.000E-02
   9  30   0   0   4      0      0   0.000E+00   5.000E-02
   9  31   0   0   4      0      0   0.000E+00   5.000E-02
   9  32   0   0   4      0      0   0.000E+00   5.000E-02
   9  33   0   0   4      0      0   0.000E+00   5.000E-02
   9  34   0   0   4      0      0   0.000E+00   5.000E-02
   9  35   0   0   4      0      0   0.000E+00   5.000E-02
   9  36  -1   0   1      0      0   1.476E-01   2.000E-01
  F  1  7  0.  0.
   9  37   0   0   4      0      0   0.000E+00   5.000E-02
   9  38  -1   0   1      0      0   2.765E-02   2.000E-01
  F  1  7  0.  0.
   9  39   0   0   4      0      0   0.000E+00   5.000E-02
   9  40   0   0   4      0      0   0.000E+00   5.000E-02
   9  41  -1   0   1      0      0   1.032E-02   2.000E-01
  F  1  7  0.  0.
   9  42   0   0   4      0      0   0.000E+00   5.000E-02
   9  43   0   0   4      0      0   0.000E+00   5.000E-02
   9  44   0   0   4      0      0   0.000E+00   5.000E-02
   9  45   0   0   4      0      0   0.000E+00   5.000E-02
   9  46  -1   0   1      0      0   5.820E-03   2.000E-01
  F  1  7  0.  0.
   9  47   0   0   4      0      0   0.000E+00   5.000E-02
   9  48  -1   0   1      0      0   1.369E-02   2.000E-01
  F  1  7  0.  0.
   9  49  -1   0   1      0      0   4.447E-03   2.000E-01
  F  1  7  0.  0.
   9  50   0   0   4      0      0   0.000E+00   5.000E-02
  10  11   0   0   4      0      0   0.000E+00   5.000E-02
  10  12   0   0   4      0      0   0.000E+00   5.000E-02
  10  13   0   0   4      0      0   0.000E+00   5.000E-02
  10  14   0   0   4      0      0   0.000E+00   5.000E-02
  10  15   0   0   4      0      0   0.000E+00   5.000E-02
  10  16   0   0   4      0      0   0.000E+00   5.000E-02
  10  17   0   0   4      0      0   0.000E+00   5.000E-02
  10  18   0   0   4      0      0   0.000E+00   5.000E-02
  10  19  -1   0   1      0      0   6.950E-01   2.000E-01
  F  1  7  0.  0.
  10  20  -1   0   1      0      0   3.005E-03   2.000E-01
  F  1  7  0.  0.
  10  21  -1   0   1      0      0   1.295E-01   2.000E-01
  F  1  7  0.  0.
  10  22   0   0   4      0      0   0.000E+00   5.000E-02
  10  23   0   0   4      0      0   0.000E+00   5.000E-02
  10  24   0   0   4      0      0   0.000E+00   5.000E-02
  10  25   0   0   4      0      0   0.000E+00   5.000E-02
  10  26   0   0   4      0      0   0.000E+00   5.000E-02
  10  27  -1   0   1      0      0   1.345E-01   2.000E-01
  F  1  7  0.  0.
  10  28   0   0   4      0      0   0.000E+00   5.000E-02
  10  29   0   0   4      0      0   0.000E+00   5.000E-02
  10  30   0   0   4      0      0   0.000E+00   5.000E-02
  10  31   0   0   4      0      0   0.000E+00   5.000E-02
  10  32   0   0   4      0      0   0.000E+00   5.000E-02
  10  33   0   0   4      0      0   0.000E+00   5.000E-02
  10  34   0   0   4      0      0   0.000E+00   5.000E-02
  10  35   0   0   4      0      0   0.000E+00   5.000E-02
  10  36   0   0   4      0      0   0.000E+00   5.000E-02
  10  37  -1   0   1      0      0   2.192E-02   2.000E-01
  F  1  7  0.  0.
  10  38   0   0   4      0      0   0.000E+00   5.000E-02
  10  39   0   0   4      0      0   0.000E+00   5.000E-02
  10  40  -1   0   1      0      0   1.246E-02   2.000E-01
  F  1  7  0.  0.
  10  41   0   0   4      0      0   0.000E+00   5.000E-02
  10  42   0   0   4      0      0   0.000E+00   5.000E-02
  10  43   0   0   4      0      0   0.000E+00   5.000E-02
  10  44   0   0   4      0      0   0.000E+00   5.000E-02
  10  45  -1   0   1      0      0   7.649E-03   2.000E-01
  F  1  7  0.  0.
  10  46   0   0   4      0      0   0.000E+00   5.000E-02
  10  47  -1   0   1      0      0   4.887E-03   2.000E-01
  F  1  7  0.  0.
  10  48   0   0   4      0      0   0.000E+00   5.000E-02
  10  49   0   0   4      0      0   0.000E+00   5.000E-02
  10  50  -1   0   1      0      0   6.784E-03   2.000E-01
  F  1  7  0.  0.
  11  12   0   0   4      0      0   0.000E+00   5.000E-02
  11  13   0   0   4      0      0   0.000E+00   5.000E-02
  11  14   0   0   4      0      0   0.000E+00   5.000E-02
  11  15   0   0   4      0      0   0.000E+00   5.000E-02
  11  16   0   0   4      0      0   0.000E+00   5.000E-02
  11  17   0   0   4      0      0   0.000E+00   5.000E-02
  11  18   0   0   4      0      0   0.000E+00   5.000E-02
  11  19   0   0   4      0      0   0.000E+00   5.000E-02
  11  20  -1   0   1      0      0   2.558E-01   2.000E-01
  F  1  7  0.  0.
  11  21  -1   0   1      0      0   6.433E-01   2.000E-01
  F  1  7  0.  0.
  11  22   0   0   4      0      0   0.000E+00   5.000E-02
  11  23   0   0   4      0      0   0.000E+00   5.000E-02
  11  24   0   0   4      0      0   0.000E+00   5.000E-02
  11  25   0   0   4      0      0   0.000E+00   5.000E-02
  11  26   0   0   4      0      0   0.000E+00   5.000E-02
  11  27  -1   0   1      0      0   1.092E-01   2.000E-01
  F  1  7  0.  0.
  11  28   0   0   4      0      0   0.000E+00   5.000E-02
  11  29   0   0   4      0      0   0.000E+00   5.000E-02
  11  30   0   0   4      0      0   0.000E+00   5.000E-02
  11  31   0   0   4      0      0   0.000E+00   5.000E-02
  11  32   0   0   4      0      0   0.000E+00   5.000E-02
  11  33   0   0   4      0      0   0.000E+00   5.000E-02
  11  34   0   0   4      0      0   0.000E+00   5.000E-02
  11  35   0   0   4      0      0   0.000E+00   5.000E-02
  11  36   0   0   4      0      0   0.000E+00   5.000E-02
  11  37  -1   0   1      0      0   1.754E-02   2.000E-01
  F  1  7  0.  0.
  11  38   0   0   4      0      0   0.000E+00   5.000E-02
  11  39   0   0   4      0      0   0.000E+00   5.000E-02
  11  40  -1   0   1      0      0   9.698E-03   2.000E-01
  F  1  7  0.  0.
  11  41   0   0   4      0      0   0.000E+00   5.000E-02
  11  42   0   0   4      0      0   0.000E+00   5.000E-02
  11  43   0   0   4      0      0   0.000E+00   5.000E-02
  11  44   0   0   4      0      0   0.000E+00   5.000E-02
  11  45  -1   0   1      0      0   6.279E-03   2.000E-01
  F  1  7  0.  0.
  11  46   0   0   4      0      0   0.000E+00   5.000E-02
  11  47  -1   0   1      0      0   4.287E-03   2.000E-01
  F  1  7  0.  0.
  11  48   0   0   4      0      0   0.000E+00   5.000E-02
  11  49   0   0   4      0      0   0.000E+00   5.000E-02
  11  50  -1   0   1      0      0   5.000E-03   2.000E-01
  F  1  7  0.  0.
  12  13  -1   0   1      0      0   2.650E-03   7.000E-01
  F  1  7  0.  0.
  12  14   0   0   4      0      0   0.000E+00   5.000E-02
  12  15   0   0   4      0      0   0.000E+00   5.000E-02
  12  16  -1   0   1      0      0   2.260E-03   7.000E-01
  F  1  7  0.  0.
  12  17  -1   0   1      0      0   3.700E-01   7.000E-01
  F  1  7  0.  0.
  12  18  -1   0   1      0      0   2.790E-01   7.000E-01
  F  1  7  0.  0.
  12  19   0   0   4      0      0   0.000E+00   5.000E-02
  12  20   0   0   4      0      0   0.000E+00   5.000E-02
  12  21   0   0   4      0      0   0.000E+00   5.000E-02
  12  22   0   0   4      0      0   0.000E+00   5.000E-02
  12  23  -1   0   1      0      0   1.600E-01   2.000E-01
  F  1  7  0.  0.
  12  24   0   0   4      0      0   0.000E+00   5.000E-02
  12  25   0   0   4      0      0   0.000E+00   5.000E-02
  12  26   0   0   4      0      0   0.000E+00   5.000E-02
  12  27   0   0   4      0      0   0.000E+00   5.000E-02
  12  28   0   0   4      0      0   0.000E+00   5.000E-02
  12  29   0   0   4      0      0   0.000E+00   5.000E-02
  12  30   0   0   4      0      0   0.000E+00   5.000E-02
  12  31   0   0   4      0      0   0.000E+00   5.000E-02
  12  32   0   0   4      0      0   0.000E+00   5.000E-02
  12  33   0   0   4      0      0   0.000E+00   5.000E-02
  12  34  -1   0   1      0      0   1.580E-02   2.000E-01
  F  1  7  0.  0.
  12  35  -1   0   1      0      0   1.020E-02   2.000E-01
  F  1  7  0.  0.
  12  36  -1   0   1      0      0   3.673E-04   2.000E-01
  F  1  7  0.  0.
  12  37   0   0   4      0      0   0.000E+00   5.000E-02
  12  38  -1   0   1      0      0   7.090E-03   2.000E-01
  F  1  7  0.  0.
  12  39   0   0   4      0      0   0.000E+00   5.000E-02
  12  40   0   0   4      0      0   0.000E+00   5.000E-02
  12  41  -1   0   1      0      0   1.548E-02   2.000E-01
  F  1  7  0.  0.
  12  42   0   0   4      0      0   0.000E+00   5.000E-02
  12  43   0   0   4      0      0   0.000E+00   5.000E-02
  12  44  -1   0   1      0      0   4.050E-04   2.000E-01
  F  1  7  0.  0.
  12  45   0   0   4      0      0   0.000E+00   5.000E-02
  12  46  -1   0   1      0      0   4.462E-06   2.000E-01
  F  1  7  0.  0.
  12  47   0   0   4      0      0   0.000E+00   5.000E-02
  12  48  -1   0   1      0      0   2.290E-03   2.000E-01
  F  1  7  0.  0.
  12  49  -1   0   1      0      0   1.052E-03   2.000E-01
  F  1  7  0.  0.
  12  50   0   0   4      0      0   0.000E+00   5.000E-02
  13  14   0   0   4      0      0   0.000E+00   5.000E-02
  13  15  -1   0   1      0      0   2.030E-03   7.000E-01
  F  1  7  0.  0.
  13  16   0   0   4      0      0   0.000E+00   5.000E-02
  13  17   0   0   4      0      0   0.000E+00   5.000E-02
  13  18   0   0   4      0      0   0.000E+00   5.000E-02
  13  19   0   0   4      0      0   0.000E+00   5.000E-02
  13  20   0   0   4      0      0   0.000E+00   5.000E-02
  13  21   0   0   4      0      0   0.000E+00   5.000E-02
  13  22  -1   0   1      0      0   6.480E-01   7.000E-01
  F  1  7  0.  0.
  13  23   0   0   4      0      0   0.000E+00   5.000E-02
  13  24  -1   0   1      0      0   2.250E-04   7.000E-01
  F  1  7  0.  0.
  13  25  -1   0   1      0      0   1.200E-01   2.000E-01
  F  1  7  0.  0.
  13  26   0   0   4      0      0   0.000E+00   5.000E-02
  13  27   0   0   4      0      0   0.000E+00   5.000E-02
  13  28  -1   0   1      0      0   1.380E-01   2.000E-01
  F  1  7  0.  0.
  13  29   0   0   4      0      0   0.000E+00   5.000E-02
  13  30   0   0   4      0      0   0.000E+00   5.000E-02
  13  31   0   0   4      0      0   0.000E+00   5.000E-02
  13  32   0   0   4      0      0   0.000E+00   5.000E-02
  13  33   0   0   4      0      0   0.000E+00   5.000E-02
  13  34   0   0   4      0      0   0.000E+00   5.000E-02
  13  35   0   0   4      0      0   0.000E+00   5.000E-02
  13  36  -1   0   1      0      0   4.863E-02   2.000E-01
  F  1  7  0.  0.
  13  37   0   0   4      0      0   0.000E+00   5.000E-02
  13  38  -1   0   1      0      0   2.486E-02   2.000E-01
  F  1  7  0.  0.
  13  39   0   0   4      0      0   0.000E+00   5.000E-02
  13  40   0   0   4      0      0   0.000E+00   5.000E-02
  13  41  -1   0   1      0      0   1.511E-02   2.000E-01
  F  1  7  0.  0.
  13  42   0   0   4      0      0   0.000E+00   5.000E-02
  13  43   0   0   4      0      0   0.000E+00   5.000E-02
  13  44   0   0   4      0      0   0.000E+00   5.000E-02
  13  45   0   0   4      0      0   0.000E+00   5.000E-02
  13  46  -1   0   1      0      0   8.952E-03   2.000E-01
  F  1  7  0.  0.
  13  47   0   0   4      0      0   0.000E+00   5.000E-02
  13  48  -1   0   1      0      0   7.080E-03   2.000E-01
  F  1  7  0.  0.
  13  49  -1   0   1      0      0   8.918E-03   2.000E-01
  F  1  7  0.  0.
  13  50   0   0   4      0      0   0.000E+00   5.000E-02
  14  15   0   0   4      0      0   0.000E+00   5.000E-02
  14  16   0   0   4      0      0   0.000E+00   5.000E-02
  14  17   0   0   4      0      0   0.000E+00   5.000E-02
  14  18   0   0   4      0      0   0.000E+00   5.000E-02
  14  19   0   0   4      0      0   0.000E+00   5.000E-02
  14  20  -1   0   1      0      0   6.750E-01   7.000E-01
  F  1  7  0.  0.
  14  21   0   0   4      0      0   0.000E+00   5.000E-02
  14  22   0   0   4      0      0   0.000E+00   5.000E-02
  14  23   0   0   4      0      0   0.000E+00   5.000E-02
  14  24   0   0   4      0      0   0.000E+00   5.000E-02
  14  25   0   0   4      0      0   0.000E+00   5.000E-02
  14  26   0   0   4      0      0   0.000E+00   5.000E-02
  14  27  -1   0   1      0      0   2.550E-01   2.000E-01
  F  1  7  0.  0.
  14  28   0   0   4      0      0   0.000E+00   5.000E-02
  14  29   0   0   4      0      0   0.000E+00   5.000E-02
  14  30   0   0   4      0      0   0.000E+00   5.000E-02
  14  31   0   0   4      0      0   0.000E+00   5.000E-02
  14  32   0   0   4      0      0   0.000E+00   5.000E-02
  14  33   0   0   4      0      0   0.000E+00   5.000E-02
  14  34   0   0   4      0      0   0.000E+00   5.000E-02
  14  35   0   0   4      0      0   0.000E+00   5.000E-02
  14  36   0   0   4      0      0   0.000E+00   5.000E-02
  14  37  -1   0   1      0      0   4.030E-02   2.000E-01
  F  1  7  0.  0.
  14  38   0   0   4      0      0   0.000E+00   5.000E-02
  14  39   0   0   4      0      0   0.000E+00   5.000E-02
  14  40  -1   0   1      0      0   2.317E-02   2.000E-01
  F  1  7  0.  0.
  14  41   0   0   4      0      0   0.000E+00   5.000E-02
  14  42   0   0   4      0      0   0.000E+00   5.000E-02
  14  43   0   0   4      0      0   0.000E+00   5.000E-02
  14  44   0   0   4      0      0   0.000E+00   5.000E-02
  14  45  -1   0   1      0      0   1.574E-02   2.000E-01
  F  1  7  0.  0.
  14  46   0   0   4      0      0   0.000E+00   5.000E-02
  14  47  -1   0   1      0      0   7.792E-02   2.000E-01
  F  1  7  0.  0.
  14  48   0   0   4      0      0   0.000E+00   5.000E-02
  14  49   0   0   4      0      0   0.000E+00   5.000E-02
  14  50  -1   0   1      0      0   8.007E-03   2.000E-01
  F  1  7  0.  0.
  15  16  -1   0   1      0      0   1.077E-07   7.000E-01
  F  1  7  0.  0.
  15  17   0   0   4      0      0   0.000E+00   5.000E-02
  15  18  -1   0   1      0      0   5.883E-03   7.000E-01
  F  1  7  0.  0.
  15  19   0   0   4      0      0   0.000E+00   5.000E-02
  15  20   0   0   4      0      0   0.000E+00   5.000E-02
  15  21   0   0   4      0      0   0.000E+00   5.000E-02
  15  22   0   0   4      0      0   0.000E+00   5.000E-02
  15  23  -1   0   1      0      0   1.015E-03   7.000E-01
  F  1  7  0.  0.
  15  24   0   0   4      0      0   0.000E+00   5.000E-02
  15  25   0   0   4      0      0   0.000E+00   5.000E-02
  15  26   0   0   4      0      0   0.000E+00   5.000E-02
  15  27   0   0   4      0      0   0.000E+00   5.000E-02
  15  28   0   0   4      0      0   0.000E+00   5.000E-02
  15  29  -1   0   1      0      0   9.500E-03   2.000E-01
  F  1  7  0.  0.
  15  30   0   0   4      0      0   0.000E+00   5.000E-02
  15  31   0   0   4      0      0   0.000E+00   5.000E-02
  15  32   0   0   4      0      0   0.000E+00   5.000E-02
  15  33   0   0   4      0      0   0.000E+00   5.000E-02
  15  34  -1   0   1      0      0   8.483E-03   2.000E-01
  F  1  7  0.  0.
  15  35  -1   0   1      0      0   3.433E-03   2.000E-01
  F  1  7  0.  0.
  15  36  -1   0   1      0      0   5.132E-02   2.000E-01
  F  1  7  0.  0.
  15  37   0   0   4      0      0   0.000E+00   5.000E-02
  15  38  -1   0   1      0      0   5.013E-03   2.000E-01
  F  1  7  0.  0.
  15  39   0   0   4      0      0   0.000E+00   5.000E-02
  15  40   0   0   4      0      0   0.000E+00   5.000E-02
  15  41  -1   0   1      0      0   2.036E-02   2.000E-01
  F  1  7  0.  0.
  15  42   0   0   4      0      0   0.000E+00   5.000E-02
  15  43   0   0   4      0      0   0.000E+00   5.000E-02
  15  44  -1   0   1      0      0   8.600E-04   2.000E-01
  F  1  7  0.  0.
  15  45   0   0   4      0      0   0.000E+00   5.000E-02
  15  46  -1   0   1      0      0   9.785E-03   2.000E-01
  F  1  7  0.  0.
  15  47   0   0   4      0      0   0.000E+00   5.000E-02
  15  48  -1   0   1      0      0   7.188E-03   2.000E-01
  F  1  7  0.  0.
  15  49  -1   0   1      0      0   8.112E-03   2.000E-01
  F  1  7  0.  0.
  15  50   0   0   4      0      0   0.000E+00   5.000E-02
  16  17   0   0   4      0      0   0.000E+00   5.000E-02
  16  18   0   0   4      0      0   0.000E+00   5.000E-02
  16  19   0   0   4      0      0   0.000E+00   5.000E-02
  16  20   0   0   4      0      0   0.000E+00   5.000E-02
  16  21   0   0   4      0      0   0.000E+00   5.000E-02
  16  22   0   0   4      0      0   0.000E+00   5.000E-02
  16  23   0   0   4      0      0   0.000E+00   5.000E-02
  16  24  -1   0   1      0      0   2.617E-01   7.000E-01
  F  1  7  0.  0.
  16  25  -1   0   1      0      0   5.900E-01   7.000E-01
  F  1  7  0.  0.
  16  26  -1   0   1      0      0   2.850E-03   7.000E-01
  F  1  7  0.  0.
  16  27   0   0   4      0      0   0.000E+00   5.000E-02
  16  28  -1   0   1      0      0   8.683E-02   2.000E-01
  F  1  7  0.  0.
  16  29   0   0   4      0      0   0.000E+00   5.000E-02
  16  30   0   0   4      0      0   0.000E+00   5.000E-02
  16  31   0   0   4      0      0   0.000E+00   5.000E-02
  16  32   0   0   4      0      0   0.000E+00   5.000E-02
  16  33   0   0   4      0      0   0.000E+00   5.000E-02
  16  34   0   0   4      0      0   0.000E+00   5.000E-02
  16  35   0   0   4      0      0   0.000E+00   5.000E-02
  16  36  -1   0   1      0      0   5.995E-02   2.000E-01
  F  1  7  0.  0.
  16  37   0   0   4      0      0   0.000E+00   5.000E-02
  16  38  -1   0   1      0      0   1.775E-02   2.000E-01
  F  1  7  0.  0.
  16  39   0   0   4      0      0   0.000E+00   5.000E-02
  16  40   0   0   4      0      0   0.000E+00   5.000E-02
  16  41  -1   0   1      0      0   1.410E-02   2.000E-01
  F  1  7  0.  0.
  16  42   0   0   4      0      0   0.000E+00   5.000E-02
  16  43   0   0   4      0      0   0.000E+00   5.000E-02
  16  44   0   0   4      0      0   0.000E+00   5.000E-02
  16  45   0   0   4      0      0   0.000E+00   5.000E-02
  16  46  -1   0   1      0      0   8.300E-03   2.000E-01
  F  1  7  0.  0.
  16  47   0   0   4      0      0   0.000E+00   5.000E-02
  16  48  -1   0   1      0      0   8.853E-03   2.000E-01
  F  1  7  0.  0.
  16  49  -1   0   1      0      0   9.587E-03   2.000E-01
  F  1  7  0.  0.
  16  50   0   0   4      0      0   0.000E+00   5.000E-02
  17  18   0   0   4      0      0   0.000E+00   5.000E-02
  17  19   0   0   4      0      0   0.000E+00   5.000E-02
  17  20   0   0   4      0      0   0.000E+00   5.000E-02
  17  21   0   0   4      0      0   0.000E+00   5.000E-02
  17  22  -1   0   1      0      0   8.000E-05   7.000E-01
  F  1  7  0.  0.
  17  23   0   0   4      0      0   0.000E+00   5.000E-02
  17  24   0   0   4      0      0   0.000E+00   5.000E-02
  17  25  -1   0   1      0      0   3.493E-06   7.000E-01
  F  1  7  0.  0.
  17  26   0   0   4      0      0   0.000E+00   5.000E-02
  17  27   0   0   4      0      0   0.000E+00   5.000E-02
  17  28   0   0   4      0      0   0.000E+00   5.000E-02
  17  29   0   0   4      0      0   0.000E+00   5.000E-02
  17  30   0   0   4      0      0   0.000E+00   5.000E-02
  17  31   0   0   4      0      0   0.000E+00   5.000E-02
  17  32   0   0   4      0      0   0.000E+00   5.000E-02
  17  33   0   0   4      0      0   0.000E+00   5.000E-02
  17  34   0   0   4      0      0   0.000E+00   5.000E-02
  17  35   0   0   4      0      0   0.000E+00   5.000E-02
  17  36  -1   0   1      0      0   8.676E-01   2.000E-01
  F  1  7  0.  0.
  17  37   0   0   4      0      0   0.000E+00   5.000E-02
  17  38  -1   0   1      0      0   1.179E-01   2.000E-01
  F  1  7  0.  0.
  17  39   0   0   4      0      0   0.000E+00   5.000E-02
  17  40   0   0   4      0      0   0.000E+00   5.000E-02
  17  41  -1   0   1      0      0   6.977E-04   2.000E-01
  F  1  7  0.  0.
  17  42   0   0   4      0      0   0.000E+00   5.000E-02
  17  43   0   0   4      0      0   0.000E+00   5.000E-02
  17  44   0   0   4      0      0   0.000E+00   5.000E-02
  17  45   0   0   4      0      0   0.000E+00   5.000E-02
  17  46  -1   0   1      0      0   3.464E-04   2.000E-01
  F  1  7  0.  0.
  17  47   0   0   4      0      0   0.000E+00   5.000E-02
  17  48  -1   0   1      0      0   2.039E-03   2.000E-01
  F  1  7  0.  0.
  17  49  -1   0   1      0      0   1.872E-02   2.000E-01
  F  1  7  0.  0.
  17  50   0   0   4      0      0   0.000E+00   5.000E-02
  18  19   0   0   4      0      0   0.000E+00   5.000E-02
  18  20   0   0   4      0      0   0.000E+00   5.000E-02
  18  21   0   0   4      0      0   0.000E+00   5.000E-02
  18  22  -1   0   1      0      0   8.380E-03   7.000E-01
  F  1  7  0.  0.
  18  23   0   0   4      0      0   0.000E+00   5.000E-02
  18  24  -1   0   1      0      0   8.840E-05   7.000E-01
  F  1  7  0.  0.
  18  25  -1   0   1      0      0   3.820E-03   7.000E-01
  F  1  7  0.  0.
  18  26   0   0   4      0      0   0.000E+00   5.000E-02
  18  27   0   0   4      0      0   0.000E+00   5.000E-02
  18  28  -1   0   1      0      0   3.110E-02   7.000E-01
  F  1  7  0.  0.
  18  29   0   0   4      0      0   0.000E+00   5.000E-02
  18  30   0   0   4      0      0   0.000E+00   5.000E-02
  18  31   0   0   4      0      0   0.000E+00   5.000E-02
  18  32   0   0   4      0      0   0.000E+00   5.000E-02
  18  33   0   0   4      0      0   0.000E+00   5.000E-02
  18  34   0   0   4      0      0   0.000E+00   5.000E-02
  18  35   0   0   4      0      0   0.000E+00   5.000E-02
  18  36  -1   0   1      0      0   7.249E-01   2.000E-01
  F  1  7  0.  0.
  18  37   0   0   4      0      0   0.000E+00   5.000E-02
  18  38  -1   0   1      0      0   1.862E-01   2.000E-01
  F  1  7  0.  0.
  18  39   0   0   4      0      0   0.000E+00   5.000E-02
  18  40   0   0   4      0      0   0.000E+00   5.000E-02
  18  41  -1   0   1      0      0   7.084E-03   2.000E-01
  F  1  7  0.  0.
  18  42   0   0   4      0      0   0.000E+00   5.000E-02
  18  43   0   0   4      0      0   0.000E+00   5.000E-02
  18  44   0   0   4      0      0   0.000E+00   5.000E-02
  18  45   0   0   4      0      0   0.000E+00   5.000E-02
  18  46  -1   0   1      0      0   2.684E-03   2.000E-01
  F  1  7  0.  0.
  18  47   0   0   4      0      0   0.000E+00   5.000E-02
  18  48  -1   0   1      0      0   9.832E-03   2.000E-01
  F  1  7  0.  0.
  18  49  -1   0   1      0      0   2.619E-02   2.000E-01
  F  1  7  0.  0.
  18  50   0   0   4      0      0   0.000E+00   5.000E-02
  19  20   0   0   4      0      0   0.000E+00   5.000E-02
  19  21   0   0   4      0      0   0.000E+00   5.000E-02
  19  22   0   0   4      0      0   0.000E+00   5.000E-02
  19  23   0   0   4      0      0   0.000E+00   5.000E-02
  19  24   0   0   4      0      0   0.000E+00   5.000E-02
  19  25   0   0   4      0      0   0.000E+00   5.000E-02
  19  26   0   0   4      0      0   0.000E+00   5.000E-02
  19  27   0   0   4      0      0   0.000E+00   5.000E-02
  19  28   0   0   4      0      0   0.000E+00   5.000E-02
  19  29   0   0   4      0      0   0.000E+00   5.000E-02
  19  30   0   0   4      0      0   0.000E+00   5.000E-02
  19  31  -1   0   1      0      0   1.511E-01   2.000E-01
  F  1  7  0.  0.
  19  32   0   0   4      0      0   0.000E+00   5.000E-02
  19  33   0   0   4      0      0   0.000E+00   5.000E-02
  19  34   0   0   4      0      0   0.000E+00   5.000E-02
  19  35   0   0   4      0      0   0.000E+00   5.000E-02
  19  36   0   0   4      0      0   0.000E+00   5.000E-02
  19  37  -1   0   1      0      0   8.855E-01   2.000E-01
  F  1  7  0.  0.
  19  38   0   0   4      0      0   0.000E+00   5.000E-02
  19  39  -1   0   1      0      0   1.150E-02   2.000E-01
  F  1  7  0.  0.
  19  40  -1   0   1      0      0   1.675E-01   2.000E-01
  F  1  7  0.  0.
  19  41   0   0   4      0      0   0.000E+00   5.000E-02
  19  42   0   0   4      0      0   0.000E+00   5.000E-02
  19  43  -1   0   1      0      0   3.607E-03   2.000E-01
  F  1  7  0.  0.
  19  44   0   0   4      0      0   0.000E+00   5.000E-02
  19  45  -1   0   1      0      0   6.220E-02   2.000E-01
  F  1  7  0.  0.
  19  46   0   0   4      0      0   0.000E+00   5.000E-02
  19  47  -1   0   1      0      0   3.352E-02   2.000E-01
  F  1  7  0.  0.
  19  48   0   0   4      0      0   0.000E+00   5.000E-02
  19  49   0   0   4      0      0   0.000E+00   5.000E-02
  19  50  -1   0   1      0      0   3.730E-02   2.000E-01
  F  1  7  0.  0.
  20  21   0   0   4      0      0   0.000E+00   5.000E-02
  20  22   0   0   4      0      0   0.000E+00   5.000E-02
  20  23   0   0   4      0      0   0.000E+00   5.000E-02
  20  24   0   0   4      0      0   0.000E+00   5.000E-02
  20  25   0   0   4      0      0   0.000E+00   5.000E-02
  20  26   0   0   4      0      0   0.000E+00   5.000E-02
  20  27   0   0   4      0      0   0.000E+00   5.000E-02
  20  28   0   0   4      0      0   0.000E+00   5.000E-02
  20  29   0   0   4      0      0   0.000E+00   5.000E-02
  20  30   0   0   4      0      0   0.000E+00   5.000E-02
  20  31  -1   0   1      0      0   8.225E-05   7.000E-01
  F  1  7  0.  0.
  20  32  -1   0   1      0      0   1.067E-01   7.000E-01
  F  1  7  0.  0.
  20  33  -1   0   1      0      0   5.892E-02   7.000E-01
  F  1  7  0.  0.
  20  34   0   0   4      0      0   0.000E+00   5.000E-02
  20  35   0   0   4      0      0   0.000E+00   5.000E-02
  20  36   0   0   4      0      0   0.000E+00   5.000E-02
  20  37  -1   0   1      0      0   9.420E-01   2.000E-01
  F  1  7  0.  0.
  20  38   0   0   4      0      0   0.000E+00   5.000E-02
  20  39  -1   0   1      0      0   1.099E-02   2.000E-01
  F  1  7  0.  0.
  20  40  -1   0   1      0      0   1.592E-01   2.000E-01
  F  1  7  0.  0.
  20  41   0   0   4      0      0   0.000E+00   5.000E-02
  20  42   0   0   4      0      0   0.000E+00   5.000E-02
  20  43  -1   0   1      0      0   3.720E-03   2.000E-01
  F  1  7  0.  0.
  20  44   0   0   4      0      0   0.000E+00   5.000E-02
  20  45  -1   0   1      0      0   5.642E-02   2.000E-01
  F  1  7  0.  0.
  20  46   0   0   4      0      0   0.000E+00   5.000E-02
  20  47  -1   0   1      0      0   2.991E-02   2.000E-01
  F  1  7  0.  0.
  20  48   0   0   4      0      0   0.000E+00   5.000E-02
  20  49   0   0   4      0      0   0.000E+00   5.000E-02
  20  50  -1   0   1      0      0   3.277E-02   2.000E-01
  F  1  7  0.  0.
  21  22   0   0   4      0      0   0.000E+00   5.000E-02
  21  23   0   0   4      0      0   0.000E+00   5.000E-02
  21  24   0   0   4      0      0   0.000E+00   5.000E-02
  21  25   0   0   4      0      0   0.000E+00   5.000E-02
  21  26   0   0   4      0      0   0.000E+00   5.000E-02
  21  27   0   0   4      0      0   0.000E+00   5.000E-02
  21  28   0   0   4      0      0   0.000E+00   5.000E-02
  21  29   0   0   4      0      0   0.000E+00   5.000E-02
  21  30   0   0   4      0      0   0.000E+00   5.000E-02
  21  31  -1   0   1      0      0   3.975E-02   7.000E-01
  F  1  7  0.  0.
  21  32  -1   0   1      0      0   1.190E-01   7.000E-01
  F  1  7  0.  0.
  21  33   0   0   4      0      0   0.000E+00   5.000E-02
  21  34   0   0   4      0      0   0.000E+00   5.000E-02
  21  35   0   0   4      0      0   0.000E+00   5.000E-02
  21  36   0   0   4      0      0   0.000E+00   5.000E-02
  21  37  -1   0   1      0      0   9.250E-01   2.000E-01
  F  1  7  0.  0.
  21  38   0   0   4      0      0   0.000E+00   5.000E-02
  21  39  -1   0   1      0      0   1.102E-02   2.000E-01
  F  1  7  0.  0.
  21  40  -1   0   1      0      0   1.641E-01   2.000E-01
  F  1  7  0.  0.
  21  41   0   0   4      0      0   0.000E+00   5.000E-02
  21  42   0   0   4      0      0   0.000E+00   5.000E-02
  21  43  -1   0   1      0      0   3.385E-03   2.000E-01
  F  1  7  0.  0.
  21  44   0   0   4      0      0   0.000E+00   5.000E-02
  21  45  -1   0   1      0      0   5.975E-02   2.000E-01
  F  1  7  0.  0.
  21  46   0   0   4      0      0   0.000E+00   5.000E-02
  21  47  -1   0   1      0      0   3.162E-02   2.000E-01
  F  1  7  0.  0.
  21  48   0   0   4      0      0   0.000E+00   5.000E-02
  21  49   0   0   4      0      0   0.000E+00   5.000E-02
  21  50  -1   0   1      0      0   2.902E-02   2.000E-01
  F  1  7  0.  0.
  22  23   0   0   4      0      0   0.000E+00   5.000E-02
  22  24   0   0   4      0      0   0.000E+00   5.000E-02
  22  25   0   0   4      0      0   0.000E+00   5.000E-02
  22  26   0   0   4      0      0   0.000E+00   5.000E-02
  22  27   0   0   4      0      0   0.000E+00   5.000E-02
  22  28   0   0   4      0      0   0.000E+00   5.000E-02
  22  29   0   0   4      0      0   0.000E+00   5.000E-02
  22  30   0   0   4      0      0   0.000E+00   5.000E-02
  22  31   0   0   4      0      0   0.000E+00   5.000E-02
  22  32   0   0   4      0      0   0.000E+00   5.000E-02
  22  33   0   0   4      0      0   0.000E+00   5.000E-02
  22  34  -1   0   1      0      0   1.364E-01   2.000E-01
  F  1  7  0.  0.
  22  35   0   0   4      0      0   0.000E+00   5.000E-02
  22  36  -1   0   1      0      0   9.547E-01   2.000E-01
  F  1  7  0.  0.
  22  37   0   0   4      0      0   0.000E+00   5.000E-02
  22  38  -1   0   1      0      0   1.286E-02   2.000E-01
  F  1  7  0.  0.
  22  39   0   0   4      0      0   0.000E+00   5.000E-02
  22  40   0   0   4      0      0   0.000E+00   5.000E-02
  22  41  -1   0   1      0      0   1.606E-01   2.000E-01
  F  1  7  0.  0.
  22  42   0   0   4      0      0   0.000E+00   5.000E-02
  22  43   0   0   4      0      0   0.000E+00   5.000E-02
  22  44  -1   0   1      0      0   3.843E-03   2.000E-01
  F  1  7  0.  0.
  22  45   0   0   4      0      0   0.000E+00   5.000E-02
  22  46  -1   0   1      0      0   5.698E-02   2.000E-01
  F  1  7  0.  0.
  22  47   0   0   4      0      0   0.000E+00   5.000E-02
  22  48  -1   0   1      0      0   3.239E-02   2.000E-01
  F  1  7  0.  0.
  22  49  -1   0   1      0      0   3.289E-02   2.000E-01
  F  1  7  0.  0.
  22  50   0   0   4      0      0   0.000E+00   5.000E-02
  23  24  -1   0   1      0      0   8.217E-04   7.000E-01
  F  1  7  0.  0.
  23  25  -1   0   1      0      0   5.650E-03   7.000E-01
  F  1  7  0.  0.
  23  26  -1   0   1      0      0   5.950E-04   7.000E-01
  F  1  7  0.  0.
  23  27   0   0   4      0      0   0.000E+00   5.000E-02
  23  28  -1   0   1      0      0   1.800E-02   7.000E-01
  F  1  7  0.  0.
  23  29   0   0   4      0      0   0.000E+00   5.000E-02
  23  30   0   0   4      0      0   0.000E+00   5.000E-02
  23  31   0   0   4      0      0   0.000E+00   5.000E-02
  23  32   0   0   4      0      0   0.000E+00   5.000E-02
  23  33   0   0   4      0      0   0.000E+00   5.000E-02
  23  34   0   0   4      0      0   0.000E+00   5.000E-02
  23  35   0   0   4      0      0   0.000E+00   5.000E-02
  23  36  -1   0   1      0      0   8.760E-01   2.000E-01
  F  1  7  0.  0.
  23  37   0   0   4      0      0   0.000E+00   5.000E-02
  23  38  -1   0   1      0      0   9.956E-02   2.000E-01
  F  1  7  0.  0.
  23  39   0   0   4      0      0   0.000E+00   5.000E-02
  23  40   0   0   4      0      0   0.000E+00   5.000E-02
  23  41  -1   0   1      0      0   1.155E-02   2.000E-01
  F  1  7  0.  0.
  23  42   0   0   4      0      0   0.000E+00   5.000E-02
  23  43   0   0   4      0      0   0.000E+00   5.000E-02
  23  44   0   0   4      0      0   0.000E+00   5.000E-02
  23  45   0   0   4      0      0   0.000E+00   5.000E-02
  23  46  -1   0   1      0      0   4.458E-03   2.000E-01
  F  1  7  0.  0.
  23  47   0   0   4      0      0   0.000E+00   5.000E-02
  23  48  -1   0   1      0      0   4.661E-03   2.000E-01
  F  1  7  0.  0.
  23  49  -1   0   1      0      0   1.724E-02   2.000E-01
  F  1  7  0.  0.
  23  50   0   0   4      0      0   0.000E+00   5.000E-02
  24  25   0   0   4      0      0   0.000E+00   5.000E-02
  24  26   0   0   4      0      0   0.000E+00   5.000E-02
  24  27   0   0   4      0      0   0.000E+00   5.000E-02
  24  28   0   0   4      0      0   0.000E+00   5.000E-02
  24  29  -1   0   1      0      0   4.433E-02   7.000E-01
  F  1  7  0.  0.
  24  30   0   0   4      0      0   0.000E+00   5.000E-02
  24  31   0   0   4      0      0   0.000E+00   5.000E-02
  24  32   0   0   4      0      0   0.000E+00   5.000E-02
  24  33   0   0   4      0      0   0.000E+00   5.000E-02
  24  34  -1   0   1      0      0   1.950E-02   2.000E-01
  F  1  7  0.  0.
  24  35  -1   0   1      0      0   1.345E-01   2.000E-01
  F  1  7  0.  0.
  24  36  -1   0   1      0      0   8.736E-01   2.000E-01
  F  1  7  0.  0.
  24  37   0   0   4      0      0   0.000E+00   5.000E-02
  24  38  -1   0   1      0      0   1.591E-02   2.000E-01
  F  1  7  0.  0.
  24  39   0   0   4      0      0   0.000E+00   5.000E-02
  24  40   0   0   4      0      0   0.000E+00   5.000E-02
  24  41  -1   0   1      0      0   1.352E-01   2.000E-01
  F  1  7  0.  0.
  24  42   0   0   4      0      0   0.000E+00   5.000E-02
  24  43   0   0   4      0      0   0.000E+00   5.000E-02
  24  44  -1   0   1      0      0   3.987E-03   2.000E-01
  F  1  7  0.  0.
  24  45   0   0   4      0      0   0.000E+00   5.000E-02
  24  46  -1   0   1      0      0   4.613E-02   2.000E-01
  F  1  7  0.  0.
  24  47   0   0   4      0      0   0.000E+00   5.000E-02
  24  48  -1   0   1      0      0   2.472E-02   2.000E-01
  F  1  7  0.  0.
  24  49  -1   0   1      0      0   2.592E-02   2.000E-01
  F  1  7  0.  0.
  24  50   0   0   4      0      0   0.000E+00   5.000E-02
  25  26   0   0   4      0      0   0.000E+00   5.000E-02
  25  27   0   0   4      0      0   0.000E+00   5.000E-02
  25  28   0   0   4      0      0   0.000E+00   5.000E-02
  25  29   0   0   4      0      0   0.000E+00   5.000E-02
  25  30   0   0   4      0      0   0.000E+00   5.000E-02
  25  31   0   0   4      0      0   0.000E+00   5.000E-02
  25  32   0   0   4      0      0   0.000E+00   5.000E-02
  25  33   0   0   4      0      0   0.000E+00   5.000E-02
  25  34  -1   0   1      0      0   3.810E-02   2.000E-01
  F  1  7  0.  0.
  25  35  -1   0   1      0      0   1.020E-01   2.000E-01
  F  1  7  0.  0.
  25  36  -1   0   1      0      0   1.013E+00   2.000E-01
  F  1  7  0.  0.
  25  37   0   0   4      0      0   0.000E+00   5.000E-02
  25  38  -1   0   1      0      0   1.221E-02   2.000E-01
  F  1  7  0.  0.
  25  39   0   0   4      0      0   0.000E+00   5.000E-02
  25  40   0   0   4      0      0   0.000E+00   5.000E-02
  25  41  -1   0   1      0      0   1.533E-01   2.000E-01
  F  1  7  0.  0.
  25  42   0   0   4      0      0   0.000E+00   5.000E-02
  25  43   0   0   4      0      0   0.000E+00   5.000E-02
  25  44  -1   0   1      0      0   3.940E-03   2.000E-01
  F  1  7  0.  0.
  25  45   0   0   4      0      0   0.000E+00   5.000E-02
  25  46  -1   0   1      0      0   5.233E-02   2.000E-01
  F  1  7  0.  0.
  25  47   0   0   4      0      0   0.000E+00   5.000E-02
  25  48  -1   0   1      0      0   2.789E-02   2.000E-01
  F  1  7  0.  0.
  25  49  -1   0   1      0      0   2.422E-02   2.000E-01
  F  1  7  0.  0.
  25  50   0   0   4      0      0   0.000E+00   5.000E-02
  26  27   0   0   4      0      0   0.000E+00   5.000E-02
  26  28   0   0   4      0      0   0.000E+00   5.000E-02
  26  29   0   0   4      0      0   0.000E+00   5.000E-02
  26  30   0   0   4      0      0   0.000E+00   5.000E-02
  26  31   0   0   4      0      0   0.000E+00   5.000E-02
  26  32   0   0   4      0      0   0.000E+00   5.000E-02
  26  33   0   0   4      0      0   0.000E+00   5.000E-02
  26  34   0   0   4      0      0   0.000E+00   5.000E-02
  26  35  -1   0   1      0      0   2.325E-02   2.000E-01
  F  1  7  0.  0.
  26  36  -1   0   1      0      0   7.050E-01   2.000E-01
  F  1  7  0.  0.
  26  37   0   0   4      0      0   0.000E+00   5.000E-02
  26  38  -1   0   1      0      0   1.122E+00   2.000E-01
  F  1  7  0.  0.
  26  39   0   0   4      0      0   0.000E+00   5.000E-02
  26  40   0   0   4      0      0   0.000E+00   5.000E-02
  26  41  -1   0   1      0      0   1.876E-01   2.000E-01
  F  1  7  0.  0.
  26  42   0   0   4      0      0   0.000E+00   5.000E-02
  26  43   0   0   4      0      0   0.000E+00   5.000E-02
  26  44  -1   0   1      0      0   1.050E-03   2.000E-01
  F  1  7  0.  0.
  26  45   0   0   4      0      0   0.000E+00   5.000E-02
  26  46  -1   0   1      0      0   6.454E-02   2.000E-01
  F  1  7  0.  0.
  26  47   0   0   4      0      0   0.000E+00   5.000E-02
  26  48  -1   0   1      0      0   4.870E-02   2.000E-01
  F  1  7  0.  0.
  26  49  -1   0   1      0      0   3.096E-02   2.000E-01
  F  1  7  0.  0.
  26  50   0   0   4      0      0   0.000E+00   5.000E-02
  27  28   0   0   4      0      0   0.000E+00   5.000E-02
  27  29   0   0   4      0      0   0.000E+00   5.000E-02
  27  30   0   0   4      0      0   0.000E+00   5.000E-02
  27  31  -1   0   1      0      0   7.025E-01   7.000E-01
  F  1  7  0.  0.
  27  32  -1   0   1      0      0   3.992E-01   7.000E-01
  F  1  7  0.  0.
  27  33  -1   0   1      0      0   1.517E-01   7.000E-01
  F  1  7  0.  0.
  27  34   0   0   4      0      0   0.000E+00   5.000E-02
  27  35   0   0   4      0      0   0.000E+00   5.000E-02
  27  36   0   0   4      0      0   0.000E+00   5.000E-02
  27  37  -1   0   1      0      0   4.950E-02   2.000E-01
  F  1  7  0.  0.
  27  38   0   0   4      0      0   0.000E+00   5.000E-02
  27  39  -1   0   1      0      0   1.242E-02   2.000E-01
  F  1  7  0.  0.
  27  40  -1   0   1      0      0   6.350E-04   2.000E-01
  F  1  7  0.  0.
  27  41   0   0   4      0      0   0.000E+00   5.000E-02
  27  42   0   0   4      0      0   0.000E+00   5.000E-02
  27  43  -1   0   1      0      0   6.603E-03   2.000E-01
  F  1  7  0.  0.
  27  44   0   0   4      0      0   0.000E+00   5.000E-02
  27  45  -1   0   1      0      0   1.525E-04   2.000E-01
  F  1  7  0.  0.
  27  46   0   0   4      0      0   0.000E+00   5.000E-02
  27  47  -1   0   1      0      0   6.455E-03   2.000E-01
  F  1  7  0.  0.
  27  48   0   0   4      0      0   0.000E+00   5.000E-02
  27  49   0   0   4      0      0   0.000E+00   5.000E-02
  27  50  -1   0   1      0      0   2.916E-03   2.000E-01
  F  1  7  0.  0.
  28  29  -1   0   1      0      0   1.260E-01   7.000E-01
  F  1  7  0.  0.
  28  30   0   0   4      0      0   0.000E+00   5.000E-02
  28  31   0   0   4      0      0   0.000E+00   5.000E-02
  28  32   0   0   4      0      0   0.000E+00   5.000E-02
  28  33   0   0   4      0      0   0.000E+00   5.000E-02
  28  34  -1   0   1      0      0   7.533E-01   7.000E-01
  F  1  7  0.  0.
  28  35  -1   0   1      0      0   3.550E-01   7.000E-01
  F  1  7  0.  0.
  28  36  -1   0   1      0      0   7.867E-02   2.000E-01
  F  1  7  0.  0.
  28  37   0   0   4      0      0   0.000E+00   5.000E-02
  28  38  -1   0   1      0      0   1.280E-02   2.000E-01
  F  1  7  0.  0.
  28  39   0   0   4      0      0   0.000E+00   5.000E-02
  28  40   0   0   4      0      0   0.000E+00   5.000E-02
  28  41  -1   0   1      0      0   2.750E-02   2.000E-01
  F  1  7  0.  0.
  28  42   0   0   4      0      0   0.000E+00   5.000E-02
  28  43   0   0   4      0      0   0.000E+00   5.000E-02
  28  44  -1   0   1      0      0   5.905E-04   2.000E-01
  F  1  7  0.  0.
  28  45   0   0   4      0      0   0.000E+00   5.000E-02
  28  46  -1   0   1      0      0   2.272E-03   2.000E-01
  F  1  7  0.  0.
  28  47   0   0   4      0      0   0.000E+00   5.000E-02
  28  48  -1   0   1      0      0   2.634E-03   2.000E-01
  F  1  7  0.  0.
  28  49  -1   0   1      0      0   2.539E-03   2.000E-01
  F  1  7  0.  0.
  28  50   0   0   4      0      0   0.000E+00   5.000E-02
  29  30   0   0   4      0      0   0.000E+00   5.000E-02
  29  31   0   0   4      0      0   0.000E+00   5.000E-02
  29  32   0   0   4      0      0   0.000E+00   5.000E-02
  29  33   0   0   4      0      0   0.000E+00   5.000E-02
  29  34   0   0   4      0      0   0.000E+00   5.000E-02
  29  35   0   0   4      0      0   0.000E+00   5.000E-02
  29  36  -1   0   1      0      0   2.133E+00   2.000E-01
  F  1  7  0.  0.
  29  37   0   0   4      0      0   0.000E+00   5.000E-02
  29  38  -1   0   1      0      0   2.835E-01   2.000E-01
  F  1  7  0.  0.
  29  39   0   0   4      0      0   0.000E+00   5.000E-02
  29  40   0   0   4      0      0   0.000E+00   5.000E-02
  29  41  -1   0   1      0      0   6.175E-02   2.000E-01
  F  1  7  0.  0.
  29  42   0   0   4      0      0   0.000E+00   5.000E-02
  29  43   0   0   4      0      0   0.000E+00   5.000E-02
  29  44   0   0   4      0      0   0.000E+00   5.000E-02
  29  45   0   0   4      0      0   0.000E+00   5.000E-02
  29  46  -1   0   1      0      0   1.718E-02   2.000E-01
  F  1  7  0.  0.
  29  47   0   0   4      0      0   0.000E+00   5.000E-02
  29  48  -1   0   1      0      0   2.686E-02   2.000E-01
  F  1  7  0.  0.
  29  49  -1   0   1      0      0   7.583E-03   2.000E-01
  F  1  7  0.  0.
  29  50   0   0   4      0      0   0.000E+00   5.000E-02
  30  31   0   0   4      0      0   0.000E+00   5.000E-02
  30  32   0   0   4      0      0   0.000E+00   5.000E-02
  30  33   0   0   4      0      0   0.000E+00   5.000E-02
  30  34   0   0   4      0      0   0.000E+00   5.000E-02
  30  35   0   0   4      0      0   0.000E+00   5.000E-02
  30  36   0   0   4      0      0   0.000E+00   5.000E-02
  30  37   0   0   4      0      0   0.000E+00   5.000E-02
  30  38   0   0   4      0      0   0.000E+00   5.000E-02
  30  39   0   0   4      0      0   0.000E+00   5.000E-02
  30  40   0   0   4      0      0   0.000E+00   5.000E-02
  30  41   0   0   4      0      0   0.000E+00   5.000E-02
  30  42  -1   0   1      0      0   8.867E-01   2.000E-01
  F  1  7  0.  0.
  30  43   0   0   4      0      0   0.000E+00   5.000E-02
  30  44   0   0   4      0      0   0.000E+00   5.000E-02
  30  45   0   0   4      0      0   0.000E+00   5.000E-02
  30  46   0   0   4      0      0   0.000E+00   5.000E-02
  30  47   0   0   4      0      0   0.000E+00   5.000E-02
  30  48   0   0   4      0      0   0.000E+00   5.000E-02
  30  49   0   0   4      0      0   0.000E+00   5.000E-02
  30  50   0   0   4      0      0   0.000E+00   5.000E-02
  31  32   0   0   4      0      0   0.000E+00   5.000E-02
  31  33   0   0   4      0      0   0.000E+00   5.000E-02
  31  34   0   0   4      0      0   0.000E+00   5.000E-02
  31  35   0   0   4      0      0   0.000E+00   5.000E-02
  31  36   0   0   4      0      0   0.000E+00   5.000E-02
  31  37  -1   0   1      0      0   1.445E+00   2.000E-01
  F  1  7  0.  0.
  31  38   0   0   4      0      0   0.000E+00   5.000E-02
  31  39   0   0   4      0      0   0.000E+00   5.000E-02
  31  40  -1   0   1      0      0   3.617E-02   2.000E-01
  F  1  7  0.  0.
  31  41   0   0   4      0      0   0.000E+00   5.000E-02
  31  42   0   0   4      0      0   0.000E+00   5.000E-02
  31  43   0   0   4      0      0   0.000E+00   5.000E-02
  31  44   0   0   4      0      0   0.000E+00   5.000E-02
  31  45  -1   0   1      0      0   1.197E-02   2.000E-01
  F  1  7  0.  0.
  31  46   0   0   4      0      0   0.000E+00   5.000E-02
  31  47  -1   0   1      0      0   6.319E-03   2.000E-01
  F  1  7  0.  0.
  31  48   0   0   4      0      0   0.000E+00   5.000E-02
  31  49   0   0   4      0      0   0.000E+00   5.000E-02
  31  50  -1   0   1      0      0   7.380E-03   2.000E-01
  F  1  7  0.  0.
  32  33   0   0   4      0      0   0.000E+00   5.000E-02
  32  34   0   0   4      0      0   0.000E+00   5.000E-02
  32  35   0   0   4      0      0   0.000E+00   5.000E-02
  32  36   0   0   4      0      0   0.000E+00   5.000E-02
  32  37  -1   0   1      0      0   1.508E+00   2.000E-01
  F  1  7  0.  0.
  32  38   0   0   4      0      0   0.000E+00   5.000E-02
  32  39   0   0   4      0      0   0.000E+00   5.000E-02
  32  40  -1   0   1      0      0   3.460E-02   2.000E-01
  F  1  7  0.  0.
  32  41   0   0   4      0      0   0.000E+00   5.000E-02
  32  42   0   0   4      0      0   0.000E+00   5.000E-02
  32  43   0   0   4      0      0   0.000E+00   5.000E-02
  32  44   0   0   4      0      0   0.000E+00   5.000E-02
  32  45  -1   0   1      0      0   1.064E-02   2.000E-01
  F  1  7  0.  0.
  32  46   0   0   4      0      0   0.000E+00   5.000E-02
  32  47  -1   0   1      0      0   6.531E-03   2.000E-01
  F  1  7  0.  0.
  32  48   0   0   4      0      0   0.000E+00   5.000E-02
  32  49   0   0   4      0      0   0.000E+00   5.000E-02
  32  50  -1   0   1      0      0   5.176E-03   2.000E-01
  F  1  7  0.  0.
  33  34   0   0   4      0      0   0.000E+00   5.000E-02
  33  35   0   0   4      0      0   0.000E+00   5.000E-02
  33  36   0   0   4      0      0   0.000E+00   5.000E-02
  33  37  -1   0   1      0      0   1.180E+00   2.000E-01
  F  1  7  0.  0.
  33  38   0   0   4      0      0   0.000E+00   5.000E-02
  33  39   0   0   4      0      0   0.000E+00   5.000E-02
  33  40  -1   0   1      0      0   3.045E-02   2.000E-01
  F  1  7  0.  0.
  33  41   0   0   4      0      0   0.000E+00   5.000E-02
  33  42   0   0   4      0      0   0.000E+00   5.000E-02
  33  43   0   0   4      0      0   0.000E+00   5.000E-02
  33  44   0   0   4      0      0   0.000E+00   5.000E-02
  33  45  -1   0   1      0      0   7.625E-03   2.000E-01
  F  1  7  0.  0.
  33  46   0   0   4      0      0   0.000E+00   5.000E-02
  33  47  -1   0   1      0      0   2.460E-01   2.000E-01
  F  1  7  0.  0.
  33  48   0   0   4      0      0   0.000E+00   5.000E-02
  33  49   0   0   4      0      0   0.000E+00   5.000E-02
  33  50  -1   0   1      0      0   2.027E-02   2.000E-01
  F  1  7  0.  0.
  34  35   0   0   4      0      0   0.000E+00   5.000E-02
  34  36  -1   0   1      0      0   1.151E+00   7.000E-01
  F  1  7  0.  0.
  34  37   0   0   4      0      0   0.000E+00   5.000E-02
  34  38  -1   0   1      0      0   2.841E-01   2.000E-01
  F  1  7  0.  0.
  34  39   0   0   4      0      0   0.000E+00   5.000E-02
  34  40   0   0   4      0      0   0.000E+00   5.000E-02
  34  41  -1   0   1      0      0   3.460E-02   2.000E-01
  F  1  7  0.  0.
  34  42   0   0   4      0      0   0.000E+00   5.000E-02
  34  43   0   0   4      0      0   0.000E+00   5.000E-02
  34  44   0   0   4      0      0   0.000E+00   5.000E-02
  34  45   0   0   4      0      0   0.000E+00   5.000E-02
  34  46  -1   0   1      0      0   1.440E-02   2.000E-01
  F  1  7  0.  0.
  34  47   0   0   4      0      0   0.000E+00   5.000E-02
  34  48  -1   0   1      0      0   1.565E-02   2.000E-01
  F  1  7  0.  0.
  34  49  -1   0   1      0      0   1.064E-02   2.000E-01
  F  1  7  0.  0.
  34  50   0   0   4      0      0   0.000E+00   5.000E-02
  35  36  -1   0   1      0      0   1.208E+00   7.000E-01
  F  1  7  0.  0.
  35  37   0   0   4      0      0   0.000E+00   5.000E-02
  35  38  -1   0   1      0      0   1.845E-01   2.000E-01
  F  1  7  0.  0.
  35  39   0   0   4      0      0   0.000E+00   5.000E-02
  35  40   0   0   4      0      0   0.000E+00   5.000E-02
  35  41  -1   0   1      0      0   2.458E-02   2.000E-01
  F  1  7  0.  0.
  35  42   0   0   4      0      0   0.000E+00   5.000E-02
  35  43   0   0   4      0      0   0.000E+00   5.000E-02
  35  44   0   0   4      0      0   0.000E+00   5.000E-02
  35  45   0   0   4      0      0   0.000E+00   5.000E-02
  35  46  -1   0   1      0      0   1.050E-02   2.000E-01
  F  1  7  0.  0.
  35  47   0   0   4      0      0   0.000E+00   5.000E-02
  35  48  -1   0   1      0      0   2.994E-02   2.000E-01
  F  1  7  0.  0.
  35  49  -1   0   1      0      0   3.388E-02   2.000E-01
  F  1  7  0.  0.
  35  50   0   0   4      0      0   0.000E+00   5.000E-02
  36  37   0   0   4      0      0   0.000E+00   5.000E-02
  36  38  -1   0   1      0      0   7.199E-02   7.000E-01
  F  1  7  0.  0.
  36  39   0   0   4      0      0   0.000E+00   5.000E-02
  36  40   0   0   4      0      0   0.000E+00   5.000E-02
  36  41  -1   0   1      0      0   5.368E-01   2.000E-01
  F  1  7  0.  0.
  36  42   0   0   4      0      0   0.000E+00   5.000E-02
  36  43   0   0   4      0      0   0.000E+00   5.000E-02
  36  44  -1   0   1      0      0   9.341E-03   2.000E-01
  F  1  7  0.  0.
  36  45   0   0   4      0      0   0.000E+00   5.000E-02
  36  46  -1   0   1      0      0   8.282E-02   2.000E-01
  F  1  7  0.  0.
  36  47   0   0   4      0      0   0.000E+00   5.000E-02
  36  48  -1   0   1      0      0   2.915E-01   2.000E-01
  F  1  7  0.  0.
  36  49  -1   0   1      0      0   5.583E-02   2.000E-01
  F  1  7  0.  0.
  36  50   0   0   4      0      0   0.000E+00   5.000E-02
  37  38   0   0   4      0      0   0.000E+00   5.000E-02
  37  39  -1   0   1      0      0   2.398E-01   7.000E-01
  F  1  7  0.  0.
  37  40  -1   0   1      0      0   6.952E-01   2.000E-01
  F  1  7  0.  0.
  37  41   0   0   4      0      0   0.000E+00   5.000E-02
  37  42   0   0   4      0      0   0.000E+00   5.000E-02
  37  43  -1   0   1      0      0   9.840E-03   2.000E-01
  F  1  7  0.  0.
  37  44   0   0   4      0      0   0.000E+00   5.000E-02
  37  45  -1   0   1      0      0   1.252E-01   2.000E-01
  F  1  7  0.  0.
  37  46   0   0   4      0      0   0.000E+00   5.000E-02
  37  47  -1   0   1      0      0   6.453E-02   2.000E-01
  F  1  7  0.  0.
  37  48   0   0   4      0      0   0.000E+00   5.000E-02
  37  49   0   0   4      0      0   0.000E+00   5.000E-02
  37  50  -1   0   1      0      0   4.542E-02   2.000E-01
  F  1  7  0.  0.
  38  39   0   0   4      0      0   0.000E+00   5.000E-02
  38  40   0   0   4      0      0   0.000E+00   5.000E-02
  38  41  -1   0   1      0      0   1.316E+00   2.000E-01
  F  1  7  0.  0.
  38  42   0   0   4      0      0   0.000E+00   5.000E-02
  38  43   0   0   4      0      0   0.000E+00   5.000E-02
  38  44  -1   0   1      0      0   3.490E-02   2.000E-01
  F  1  7  0.  0.
  38  45   0   0   4      0      0   0.000E+00   5.000E-02
  38  46  -1   0   1      0      0   2.914E-02   2.000E-01
  F  1  7  0.  0.
  38  47   0   0   4      0      0   0.000E+00   5.000E-02
  38  48  -1   0   1      0      0   3.668E-02   2.000E-01
  F  1  7  0.  0.
  38  49  -1   0   1      0      0   1.948E-02   2.000E-01
  F  1  7  0.  0.
  38  50   0   0   4      0      0   0.000E+00   5.000E-02
  39  40  -1   0   1      0      0   1.872E+00   2.000E-01
  F  1  7  0.  0.
  39  41   0   0   4      0      0   0.000E+00   5.000E-02
  39  42   0   0   4      0      0   0.000E+00   5.000E-02
  39  43   0   0   4      0      0   0.000E+00   5.000E-02
  39  44   0   0   4      0      0   0.000E+00   5.000E-02
  39  45  -1   0   1      0      0   5.844E-02   2.000E-01
  F  1  7  0.  0.
  39  46   0   0   4      0      0   0.000E+00   5.000E-02
  39  47  -1   0   1      0      0   1.854E-02   2.000E-01
  F  1  7  0.  0.
  39  48   0   0   4      0      0   0.000E+00   5.000E-02
  39  49   0   0   4      0      0   0.000E+00   5.000E-02
  39  50  -1   0   1      0      0   1.424E-02   2.000E-01
  F  1  7  0.  0.
  40  41   0   0   4      0      0   0.000E+00   5.000E-02
  40  42   0   0   4      0      0   0.000E+00   5.000E-02
  40  43  -1   0   1      0      0   2.401E-01   7.000E-01
  F  1  7  0.  0.
  40  44   0   0   4      0      0   0.000E+00   5.000E-02
  40  45  -1   0   1      0      0   6.797E-01   2.000E-01
  F  1  7  0.  0.
  40  46   0   0   4      0      0   0.000E+00   5.000E-02
  40  47  -1   0   1      0      0   1.437E-01   2.000E-01
  F  1  7  0.  0.
  40  48   0   0   4      0      0   0.000E+00   5.000E-02
  40  49   0   0   4      0      0   0.000E+00   5.000E-02
  40  50  -1   0   1      0      0   8.421E-02   2.000E-01
  F  1  7  0.  0.
  41  42   0   0   4      0      0   0.000E+00   5.000E-02
  41  43   0   0   4      0      0   0.000E+00   5.000E-02
  41  44  -1   0   1      0      0   1.411E-01   2.000E-01
  F  1  7  0.  0.
  41  45   0   0   4      0      0   0.000E+00   5.000E-02
  41  46  -1   0   1      0      0   6.219E-01   2.000E-01
  F  1  7  0.  0.
  41  47   0   0   4      0      0   0.000E+00   5.000E-02
  41  48  -1   0   1      0      0   3.422E-01   2.000E-01
  F  1  7  0.  0.
  41  49  -1   0   1      0      0   1.244E-01   2.000E-01
  F  1  7  0.  0.
  41  50   0   0   4      0      0   0.000E+00   5.000E-02
  42  43   0   0   4      0      0   0.000E+00   5.000E-02
  42  44   0   0   4      0      0   0.000E+00   5.000E-02
  42  45   0   0   4      0      0   0.000E+00   5.000E-02
  42  46   0   0   4      0      0   0.000E+00   5.000E-02
  42  47   0   0   4      0      0   0.000E+00   5.000E-02
  42  48   0   0   4      0      0   0.000E+00   5.000E-02
  42  49   0   0   4      0      0   0.000E+00   5.000E-02
  42  50   0   0   4      0      0   0.000E+00   5.000E-02
  43  44   0   0   4      0      0   0.000E+00   5.000E-02
  43  45  -1   0   1      0      0   2.297E+00   2.000E-01
  F  1  7  0.  0.
  43  46   0   0   4      0      0   0.000E+00   5.000E-02
  43  47  -1   0   1      0      0   8.333E-02   2.000E-01
  F  1  7  0.  0.
  43  48   0   0   4      0      0   0.000E+00   5.000E-02
  43  49   0   0   4      0      0   0.000E+00   5.000E-02
  43  50  -1   0   1      0      0   3.343E-02   2.000E-01
  F  1  7  0.  0.
  44  45   0   0   4      0      0   0.000E+00   5.000E-02
  44  46  -1   0   1      0      0   1.929E+00   7.000E-01
  F  1  7  0.  0.
  44  47   0   0   4      0      0   0.000E+00   5.000E-02
  44  48  -1   0   1      0      0   2.499E-01   2.000E-01
  F  1  7  0.  0.
  44  49  -1   0   1      0      0   7.745E-02   2.000E-01
  F  1  7  0.  0.
  44  50   0   0   4      0      0   0.000E+00   5.000E-02
  45  46   0   0   4      0      0   0.000E+00   5.000E-02
  45  47  -1   0   1      0      0   8.234E-01   2.000E-01
  F  1  7  0.  0.
  45  48   0   0   4      0      0   0.000E+00   5.000E-02
  45  49   0   0   4      0      0   0.000E+00   5.000E-02
  45  50  -1   0   1      0      0   1.904E-01   2.000E-01
  F  1  7  0.  0.
  46  47   0   0   4      0      0   0.000E+00   5.000E-02
  46  48  -1   0   1      0      0   8.485E-01   2.000E-01
  F  1  7  0.  0.
  46  49  -1   0   1      0      0   1.960E-01   2.000E-01
  F  1  7  0.  0.
  46  50   0   0   4      0      0   0.000E+00   5.000E-02
  47  48   0   0   4      0      0   0.000E+00   5.000E-02
  47  49   0   0   4      0      0   0.000E+00   5.000E-02
  47  50  -1   0   1      0      0   9.024E-01   2.000E-01
  F  1  7  0.  0.
  48  49  -1   0   1      0      0   6.229E-01   2.000E-01
  F  1  7  0.  0.
  48  50   0   0   4      0      0   0.000E+00   5.000E-02
  49  50   0   0   4      0      0   0.000E+00   5.000E-02
