****** Levels
 1.32833868E+16      9.    2  'OIII 3Pe 1'  0   0.  0
 1.26752302E+16      5.    3  'OIII 1De 1'  0   0.  0
 1.19883683E+16      1.    3  'OIII 1Se 1'  0   0.  0
 1.14744787E+16      5.    3  'OIII 5So 1'  0   0.  0
 9.68430622E+15     15.    3  'OIII 3Do 1'  0   0.  0
 9.01451788E+15      9.    3  'OIII 3Po 1'  0   0.  0
 7.67553122E+15      5.    3  'OIII 1Do 1'  0   0. -102
 7.37461991E+15      3.    3  'OIII 3So 1'  0   0. -102
 6.97376632E+15      3.    3  'OIII 1Po 1'  0   0. -102
 5.26360053E+15      9.    3  'OIII 3Po 2'  0   0. -102
 5.09648174E+15      3.    3  'OIII 1Po 2'  0   0. -102
 4.77313513E+15      9.    3  'OIII 3Pe 2'  0   0. -102
 4.56058525E+15      3.    4  'OIII 1Pe 1'  0   0. -102
 4.46702556E+15     15.    4  'OIII 3De 1'  0   0. -102
 4.36267423E+15      3.    4  'OIII 3Se 1'  0   0. -102
 4.34073232E+15      5.    4  'OIII 1De 2'  0   0. -102
 4.27826014E+15      9.    4  'OIII 3Pe 3'  0   0. -102
 4.09206177E+15      5.    4  'OIII 1De 3'  0   0. -102
 3.87572963E+15      1.    4  'OIII 1Se 2'  0   0. -102
 3.50025366E+15     45.    4  'OIII+3_o 2'  0   0. -102
 3.41038335E+15     16.    4  'OIII+1__ 1'  0   0. -102
 3.12770068E+15     15.    4  'OIII 5Pe 1'  0   0. -102
 2.51964364E+15     48.    4  'OIII+3__ 4'  0   0. -102
 2.33874794E+15     12.    5  'OIII+1__ 3'  0   0. -102
 2.27055540E+15     45.    5  'OIII+5_o 5'  0   0. -102
 1.91936156E+15    132.    5  'OIII+3__ 6'  0   0. -102
 1.87668046E+15     36.    5  'OIII+1__ 7'  0   0. -102
 1.29007651E+15    440.    6  'OIII+___ 8'  0   0. -102
 8.44466806E+14    432.    7  'OIII+___ 9'  0   0. -102
****** Continuum transitions
   1  30   1    118      0      0      0   1.162E-18   0.000E+00
 -0.0098  0.0031  0.0225  0.0290  0.0419  0.0613  0.0807  0.1842  0.2682  0.3200
  1.0312  1.0377  1.0442  1.1153  1.2576  1.4645  1.6390  1.6950
  0.7234  0.7059  0.7197  0.7130  0.6702  0.5963  0.5526  0.3592  0.1971  0.1345
 -1.5805 -0.6343 -0.5465 -0.5550 -0.9167 -1.4773 -1.9729 -2.1418
   2  30   1    112      0      0      0   1.116E-18   0.000E+00
 -0.0103  0.0221  0.0414  0.0479  0.0544  0.0867  0.1061  0.1708  0.3648  0.4617
  0.7333  0.9966
  0.5485  0.5836  0.6453  0.6543  0.6451  0.5591  0.5233  0.4074  0.0405 -0.1605
 -0.9703 -1.7627
   3  30   1    116      0      0      0   1.632E-18   0.000E+00
 -0.0109  0.0149  0.0214  0.0279  0.0343  0.0473  0.0537  0.0602  0.0667  0.0861
  0.0925  0.1119  0.1507  0.3770  0.4805  1.0136
  0.7367  0.8123  0.8227  0.8049  0.7611  0.6548  0.6183  0.5987  0.5958  0.6274
  0.6180  0.5567  0.4863  0.0616 -0.1487 -1.7467
   4  30   1    109      0      0      0   2.775E-18   0.000E+00
  0.0624  0.0818  0.1077  0.1465  0.1853  0.2952  0.4698  0.5345  0.9624
  0.8183  0.8024  0.7246  0.6517  0.5612  0.3168 -0.1045 -0.2898 -1.5761
   5  30   1    130      0      0      0   2.666E-19   0.000E+00
 -0.0135 -0.0070 -0.0005  0.0059  0.0124  0.0188  0.0253  0.0318  0.0382  0.0447
  0.0512  0.0576  0.0641  0.0706  0.0770  0.0835  0.0964  0.1029  0.1094  0.1223
  0.1288  0.1352  0.1482  0.1611  0.1870  0.2322  0.3615  0.5167  0.5620  1.0410
  0.5458  0.7990  1.0036  1.1416  1.1984  1.1676  1.0503  0.8598  0.6371  0.4828
  0.5089  0.6680  0.8379  0.9558  1.0043  0.9888  0.8700  0.8286  0.8145  0.8207
  0.8148  0.7946  0.7369  0.7034  0.6855  0.5851  0.3193 -0.0309 -0.1533 -1.5926
   6  30   1    132      0      0      0   8.035E-20   0.000E+00
 -0.0146 -0.0081 -0.0016  0.0048  0.0113  0.0178  0.0242  0.0307  0.0372  0.0436
  0.0501  0.0630  0.0695  0.0760  0.0824  0.0889  0.1018  0.1083  0.1148  0.1277
  0.1406  0.1665  0.1730  0.1859  0.1988  0.2118  0.2376  0.2764  0.3993  0.5480
  0.5868  1.0645
  0.5312  0.5582  0.6465  0.7706  0.8785  0.9299  0.9083  0.8166  0.6861  0.5975
  0.6329  0.8768  0.9581  0.9941  0.9885  0.9471  0.8203  0.7860  0.7869  0.8201
  0.8178  0.8071  0.7988  0.7525  0.6999  0.6725  0.6464  0.5597  0.3065 -0.0320
 -0.1383 -1.5738
   7  30   1    140      0      0      0   6.344E-20   0.000E+00
 -0.0172 -0.0043  0.0022  0.0086  0.0151  0.0216  0.0280  0.0345  0.0410  0.0474
  0.0539  0.0603  0.0668  0.0733  0.0797  0.0862  0.0927  0.0991  0.1056  0.1121
  0.1185  0.1250  0.1315  0.1379  0.1444  0.1573  0.1638  0.1703  0.1832  0.1897
  0.1961  0.2091  0.2285  0.2349  0.2608  0.3643  0.5194  0.6100  0.7070  1.0919
 -0.3820  0.3597  0.7114  0.9941  1.1908  1.2962  1.3098  1.2330  1.0724  0.8404
  0.5864  0.3745  0.3040  0.4193  0.6390  0.8726  1.0590  1.1725  1.2044  1.1623
  1.0667  0.9530  0.8639  0.8314  0.8603  0.9782  0.9958  0.9683  0.8454  0.8010
  0.7799  0.7703  0.7854  0.7824  0.7114  0.5156  0.1929 -0.0123 -0.2969 -1.4544
   8  30   1    139      0      0      0   8.153E-21   0.000E+00
 -0.0180 -0.0115 -0.0051  0.0014  0.0079  0.0143  0.0208  0.0273  0.0337  0.0402
  0.0466  0.0531  0.0596  0.0660  0.0790  0.0854  0.0919  0.0984  0.1048  0.1113
  0.1178  0.1242  0.1307  0.1372  0.1436  0.1501  0.1566  0.1695  0.1760  0.1824
  0.1889  0.1954  0.2018  0.2148  0.2212  0.3182  0.4799  0.6286  1.1148
 -0.4549 -0.0520  0.2941  0.5610  0.7393  0.8191  0.7989  0.6802  0.4676  0.1690
 -0.2005 -0.5969 -0.8779 -0.6826  0.3960  0.8357  1.1615  1.3738  1.4764  1.4764
  1.3859  1.2321  1.0656  0.9405  0.8652  0.8266  0.8431  0.9653  0.9735  0.9336
  0.8804  0.8524  0.8558  0.8817  0.8812  0.6776  0.3323 -0.0118 -1.4692
   9  30   1    148      0      0      0   3.865E-19   0.000E+00
 -0.0191 -0.0127  0.0003  0.0067  0.0132  0.0197  0.0261  0.0326  0.0391  0.0455
  0.0520  0.0584  0.0649  0.0714  0.0778  0.0843  0.0908  0.0972  0.1037  0.1102
  0.1166  0.1231  0.1296  0.1360  0.1425  0.1490  0.1554  0.1619  0.1748  0.1813
  0.1878  0.2007  0.2072  0.2136  0.2201  0.2266  0.2330  0.2460  0.2524  0.2589
  0.2654  0.2912  0.3042  0.3236  0.4981  0.6339  0.6792  1.1434
  0.2679  0.4053  0.6343  0.7728  0.9379  1.0883  1.1815  1.1965  1.1259  0.9749
  0.7471  0.4732  0.2579  0.2815  0.4829  0.6940  0.8610  0.9845  1.0747  1.1322
  1.1476  1.1123  1.0293  0.9205  0.8231  0.7708  0.7673  0.7974  0.8995  0.9338
  0.9389  0.9143  0.9241  0.9445  0.9540  0.9393  0.9008  0.8035  0.7713  0.7510
  0.7417  0.7511  0.7225  0.6756  0.3280  0.0274 -0.0971 -1.4923
  10  30   1    130      0      0      0   2.930E-19   0.000E+00
 -0.0252 -0.0187 -0.0123 -0.0058  0.0007  0.0071  0.0136  0.0201  0.0265  0.0330
  0.0395  0.0459  0.0524  0.0653  0.0718  0.0783  0.0912  0.1041  0.1365  0.1494
  0.1688  0.2076  0.2334  0.2593  0.2787  0.3110  0.5438  0.6667  0.6861  1.2770
  0.9148  0.8699  0.8105  0.7914  0.8868  1.0632  1.2219  1.3026  1.2899  1.1845
  0.9934  0.7297  0.4320 -0.1335 -0.2515 -0.3044 -0.3333 -0.3397 -0.3015 -0.3078
 -0.3412 -0.3751 -0.3797 -0.4299 -0.4475 -0.5028 -0.7910 -0.9179 -0.9600 -2.7335
  11  30   1    145      0      0      0   9.666E-19   0.000E+00
 -0.0261 -0.0067  0.0062  0.0127  0.0191  0.0256  0.0321  0.0385  0.0450  0.0515
  0.0579  0.0709  0.0773  0.0903  0.0967  0.1032  0.1097  0.1291  0.1420  0.1485
  0.1549  0.1614  0.1808  0.1873  0.1937  0.2002  0.2067  0.2131  0.2261  0.2325
  0.2390  0.2519  0.2584  0.2713  0.2778  0.2842  0.3036  0.3166  0.3424  0.3683
  0.4006  0.5494  0.6787  0.7045  1.2715
  0.3990  0.6814  0.8496  0.9583  1.0829  1.1863  1.2323  1.2035  1.0977  0.9214
  0.6896  0.1553 -0.0969 -0.3351 -0.3909 -0.3686 -0.3186 -0.1447 -0.0506 -0.0216
 -0.0176 -0.0433 -0.2002 -0.2401 -0.2635 -0.2699 -0.2627 -0.2442 -0.1873 -0.1731
 -0.1816 -0.2281 -0.2321 -0.2021 -0.1966 -0.2106 -0.3105 -0.3444 -0.3744 -0.3969
 -0.4542 -0.6650 -0.8228 -0.8851 -2.5879
  12  30   1    166      0      0      0   1.165E-20   0.000E+00
 -0.0280 -0.0215 -0.0150 -0.0086 -0.0021  0.0044  0.0108  0.0173  0.0238  0.0302
  0.0367  0.0432  0.0496  0.0561  0.0626  0.0820  0.0884  0.0949  0.1014  0.1078
  0.1143  0.1208  0.1272  0.1337  0.1466  0.1531  0.1596  0.1660  0.1790  0.1854
  0.1919  0.1984  0.2048  0.2113  0.2178  0.2242  0.2307  0.2372  0.2436  0.2501
  0.2630  0.2695  0.2759  0.2824  0.2889  0.2953  0.3018  0.3083  0.3147  0.3277
  0.3341  0.3406  0.3471  0.3535  0.3600  0.3665  0.3729  0.3859  0.3923  0.3988
  0.4182  0.4893  0.6380  0.7480  0.7997  1.2463
 -1.3181 -1.0712 -0.8703 -0.7390 -0.6877 -0.7226 -0.8419 -1.0330 -1.2657 -1.4445
 -1.3626 -1.1435 -0.8878 -0.6988 -0.5854 -0.3967 -0.3489 -0.3461 -0.3909 -0.4564
 -0.4969 -0.4731 -0.3794 -0.2302  0.1428  0.3146  0.4489  0.5426  0.6732  0.7231
  0.7384  0.6992  0.6073  0.5026  0.4639  0.5615  0.7387  0.9036  1.0129  1.0598
  1.0787  1.1319  1.2017  1.2377  1.2115  1.1240  1.0089  0.9333  0.9396  1.0671
  1.1090  1.1164  1.0854  1.0199  0.9403  0.8822  0.8709  0.9264  0.9412  0.9337
  0.8776  0.7452  0.4346  0.1750  0.0340 -1.3081
  13  30   1    130      0      0      0   4.169E-19   0.000E+00
 -0.0292 -0.0033  0.0096  0.0355  0.0419  0.0484  0.0549  0.0613  0.0678  0.0743
  0.0807  0.0872  0.0937  0.1001  0.1066  0.1130  0.1195  0.1324  0.1518  0.1583
  0.1648  0.1777  0.2036  0.2359  0.3006  0.5527  0.6497  0.7209  0.7532  1.2917
  0.0494  0.1452  0.1874  0.3626  0.4543  0.6171  0.7599  0.8356  0.8302  0.7494
  0.6509  0.5770  0.6082  0.6828  0.7239  0.7052  0.6399  0.4779  0.2665  0.1923
  0.1421  0.0662  0.0068 -0.0711 -0.1682 -0.6250 -0.7755 -0.8654 -0.9519 -2.5699
  14  30   1    134      0      0      0   6.484E-19   0.000E+00
 -0.0299 -0.0169 -0.0105  0.0154  0.0219  0.0348  0.0413  0.0477  0.0542  0.0607
  0.0671  0.0865  0.0930  0.0995  0.1059  0.1124  0.1189  0.1253  0.1318  0.1383
  0.1447  0.1577  0.1900  0.2029  0.2159  0.2353  0.2741  0.3064  0.3387  0.6297
  0.7202  0.7590  0.9724  1.2559
  0.4184  0.4304  0.4278  0.3684  0.3602  0.4958  0.5817  0.7340  0.8692  0.9593
  1.0072  1.1168  1.1162  1.0535  0.9223  0.7304  0.5132  0.3194  0.1830  0.1165
  0.0864  0.0556  0.0242  0.0210 -0.0118 -0.0711 -0.1403 -0.1925 -0.2569 -0.8417
 -1.0039 -1.0735 -1.7086 -2.5618
  15  30   1    136      0      0      0   3.031E-19   0.000E+00
 -0.0306 -0.0177 -0.0112 -0.0048  0.0017  0.0082  0.0211  0.0276  0.0405  0.0470
  0.0534  0.0599  0.0664  0.0728  0.0793  0.0858  0.0922  0.0987  0.1052  0.1116
  0.1181  0.1246  0.1310  0.1375  0.1440  0.1504  0.1634  0.2022  0.2539  0.2797
  0.3250  0.5966  0.6806  0.7388  0.7841  1.2731
  0.3749  0.5451  0.6182  0.6470  0.6176  0.5237  0.2897  0.2642  0.3049  0.3751
  0.4761  0.5419  0.5877  0.6850  0.8764  1.0892  1.2501  1.3239  1.3050  1.1976
  1.0131  0.7742  0.5252  0.3199  0.2006  0.1478  0.0997  0.0093 -0.0790 -0.1175
 -0.2077 -0.7120 -0.8456 -0.9281 -1.0557 -2.5253
  16  30   1    172      0      0      0   3.336E-21   0.000E+00
 -0.0310 -0.0245 -0.0181  0.0013  0.0078  0.0143  0.0207  0.0272  0.0337  0.0401
  0.0466  0.0531  0.0595  0.0660  0.0725  0.0789  0.0854  0.0919  0.0983  0.1048
  0.1113  0.1177  0.1242  0.1307  0.1371  0.1436  0.1501  0.1565  0.1630  0.1695
  0.1759  0.1824  0.1889  0.2018  0.2083  0.2147  0.2212  0.2277  0.2341  0.2406
  0.2471  0.2535  0.2600  0.2665  0.2729  0.2794  0.2859  0.2923  0.2988  0.3053
  0.3117  0.3182  0.3246  0.3311  0.3376  0.3440  0.3570  0.3634  0.3699  0.3764
  0.3828  0.3893  0.3958  0.4022  0.4152  0.4216  0.4475  0.5186  0.6609  0.7708
  0.8290  1.2825
 -1.2348 -1.3249 -1.4318 -1.7949 -1.8921 -1.9665 -2.0205 -2.0365 -1.9933 -1.8029
 -1.5918 -1.3288 -1.1368 -1.0431 -1.0485 -1.1485 -1.3297 -1.5353 -1.5895 -1.3614
 -0.9680 -0.6021 -0.3117 -0.1014  0.0463  0.1613  0.2625  0.3372  0.3615  0.3285
  0.2677  0.2319  0.2366  0.2626  0.2875  0.3511  0.4248  0.4619  0.4392  0.3651
  0.2790  0.2457  0.3056  0.4366  0.6018  0.7856  0.9800  1.1616  1.2978  1.3642
  1.3492  1.2532  1.0920  0.9146  0.8125  0.8326  1.0134  1.0809  1.1050  1.0767
  1.0042  0.9208  0.8721  0.8734  0.9247  0.9307  0.8704  0.7473  0.4669  0.2226
  0.0727 -1.2899
  17  30   1    141      0      0      0   7.273E-19   0.000E+00
 -0.0312 -0.0053  0.0011  0.0205  0.0270  0.0464  0.0529  0.0593  0.0658  0.0787
  0.0917  0.0981  0.1046  0.1110  0.1175  0.1240  0.1304  0.1369  0.1434  0.1498
  0.1628  0.1886  0.2080  0.2274  0.2404  0.2662  0.2792  0.2921  0.3050  0.3180
  0.3309  0.3438  0.3632  0.3762  0.3956  0.4279  0.6219  0.7189  0.8094  0.8740
  1.2590
  0.3676  0.3848  0.3802  0.3385  0.3673  0.5214  0.6132  0.7204  0.7820  0.8640
  0.9823  0.9929  0.9403  0.8234  0.6540  0.4693  0.3105  0.2022  0.1490  0.1235
  0.1014  0.0903  0.0457 -0.0131 -0.0330 -0.0323 -0.0541 -0.0863 -0.1027 -0.1418
 -0.1908 -0.2098 -0.2209 -0.2529 -0.3144 -0.3709 -0.8059 -1.0471 -1.2924 -1.4786
 -2.6358
  18  30   1    142      0      0      0   5.642E-19   0.000E+00
 -0.0328 -0.0069  0.0060  0.0513  0.0578  0.0642  0.0707  0.0772  0.0836  0.0901
  0.0966  0.1030  0.1095  0.1160  0.1224  0.1289  0.1353  0.1547  0.1612  0.1741
  0.1935  0.2000  0.2129  0.2323  0.2841  0.3035  0.3164  0.3229  0.3487  0.3875
  0.4134  0.4974  0.6074  0.6785  0.7173  0.7432  0.7626  0.7884  0.8337  0.8466
  0.8725  1.1200
  0.2336  0.2692  0.2857  0.4750  0.5133  0.6064  0.6526  0.6439  0.6261  0.6990
  0.8568  1.0448  1.1980  1.2697  1.2633  1.1945  1.0874  0.7418  0.6106  0.3269
  0.1202  0.0828  0.0461 -0.0255 -0.1369 -0.1542 -0.1605 -0.1733 -0.2658 -0.3287
 -0.3999 -0.5875 -0.8591 -1.0598 -1.1891 -1.2901 -1.3763 -1.5161 -1.8239 -1.8886
 -1.9761 -2.7212
  19  30   1    144      0      0      0   9.211E-19   0.000E+00
 -0.0348  0.0040  0.0234  0.0299  0.0428  0.0493  0.0557  0.0622  0.0687  0.0751
  0.0816  0.0881  0.0945  0.1010  0.1075  0.1139  0.1204  0.1269  0.1333  0.1398
  0.1463  0.1527  0.1592  0.1656  0.1721  0.1786  0.1850  0.1980  0.2044  0.2174
  0.2303  0.2626  0.2756  0.2950  0.3402  0.3661  0.4049  0.4502  0.6118  0.7088
  0.7605  0.8187  0.8381  1.2371
  0.5985  0.4943  0.4765  0.4767  0.5590  0.6802  0.8430  1.0164  1.1362  1.1716
  1.1164  0.9714  0.7556  0.5551  0.4587  0.6303  0.8580  1.0436  1.1457  1.1699
  1.1365  1.0720  0.9945  0.8965  0.7665  0.6096  0.4677  0.2897  0.2641  0.2669
  0.2161  0.0372 -0.0196 -0.0708 -0.1817 -0.2564 -0.3435 -0.4559 -0.8541 -1.1192
 -1.2845 -1.5031 -1.5723 -2.7713
  20  30   1    113      0      0      0   3.073E-20   0.000E+00
   0.002   0.034   0.041   0.069   0.141   0.176   0.194   0.215   0.251   0.329
   0.763   0.827   1.254
  -0.997  -1.123  -0.268  -0.870  -1.313  -0.247   0.218  -0.849  -1.166  -1.567
  -2.940  -3.056  -4.356
  21  30   1    116      0      0      0   7.663E-20   0.000E+00
  -0.002   0.027   0.041   0.084   0.144   0.183   0.205   0.247   0.276   0.372
   0.407   0.418   0.532   0.536   0.895   1.354
  -0.588  -0.662  -0.113  -0.704  -1.021  -0.250   0.342  -0.588  -0.926  -0.694
  -0.303  -1.011  -1.211  -0.313  -1.032  -2.416
  22  30   1      2      0      0      0   8.109E-19   0.000E+00
   3.000   2.703   1.000   0.000
  23  30   1    106      0      0      0   5.155E-20   0.000E+00
   0.003   0.238   0.332   0.359   0.972   1.560
  -0.768  -1.011  -0.451  -1.085  -2.067  -3.831
  24  30   1    107      0      0      0   2.118E-19   0.000E+00
   0.003   0.141   0.345   0.359   0.439   0.964   1.542
  -0.155  -0.352  -0.578  -0.099  -0.845  -1.887  -3.662
  25  30   1    107      0      0      0   7.645E-23   0.000E+00
   0.230   0.265   0.337   0.354   0.584   1.069   1.485
  -1.157  -0.787  -0.655  -0.981  -1.386  -2.442  -3.710
  26  30   1    112      0      0      0   4.500E-20   0.000E+00
   0.003   0.145   0.283   0.296   0.318   0.381   0.434   0.452   0.496   0.585
   1.133   1.568
  -0.831  -1.211  -1.761  -0.761  -1.169  -1.423  -1.099  -0.578  -1.451  -1.775
  -3.014  -4.352
  27  30   1    112      0      0      0   1.536E-19   0.000E+00
   0.002   0.165   0.283   0.315   0.343   0.411   0.454   0.464   0.496   0.582
   0.927   1.472
  -0.296  -0.771  -1.352  -0.472  -1.352  -1.616  -1.035   0.144  -1.106  -1.792
  -2.937  -4.504
  28  30   1    112      0      0      0   7.126E-20   0.000E+00
   0.003   0.101   0.203   0.363   0.390   0.483   0.550   0.625   0.657   0.741
   1.279   1.835
  -0.634  -0.986  -1.169  -1.521  -1.352  -1.352  -1.606  -0.732  -1.676  -2.014
  -3.056  -4.690
  29  30   1    110      0      0      0   1.086E-19   0.000E+00
  -0.002   0.456   0.612   0.737   0.794   0.808   0.843   0.910   1.386   1.960
  -0.437  -1.606  -1.944  -2.169  -1.662  -0.944  -2.155  -2.535  -3.592  -5.282
*** Line transitions
   1   2   0   0   4      0      0   0.000E+00   5.000E-02
   1   3   0   0   4      0      0   0.000E+00   5.000E-02
   1   4   0   0   4      0      0   0.000E+00   5.000E-02
   1   5  -1   0   1      0      0   1.066E-01   7.000E-01
  F  1  7  0.  0.
   1   6  -1   0   1      0      0   1.378E-01   7.000E-01
  F  1  7  0.  0.
   1   7   0   0   4      0      0   0.000E+00   5.000E-02
   1   8  -1   0   1      0      0   1.878E-01   2.000E-01
  F  1  7  0.  0.
   1   9   0   0   4      0      0   0.000E+00   5.000E-02
   1  10  -1   0   1      0      0   8.322E-02   2.000E-01
  F  1  7  0.  0.
   1  11   0   0   4      0      0   0.000E+00   5.000E-02
   1  12   0   0   4      0      0   0.000E+00   5.000E-02
   1  13   0   0   4      0      0   0.000E+00   5.000E-02
   1  14   0   0   4      0      0   0.000E+00   5.000E-02
   1  15   0   0   4      0      0   0.000E+00   5.000E-02
   1  16   0   0   4      0      0   0.000E+00   5.000E-02
   1  17   0   0   4      0      0   0.000E+00   5.000E-02
   1  18   0   0   4      0      0   0.000E+00   5.000E-02
   1  19   0   0   4      0      0   0.000E+00   5.000E-02
   1  20  -1   0   1      0      0   6.311E-01   2.000E-01
  F  1  7  0.  0.
   1  21   0   0   4      0      0   0.000E+00   5.000E-02
   1  22   0   0   4      0      0   0.000E+00   5.000E-02
   1  23  -1   0   1      0      0   2.484E-02   2.000E-01
  F  1  7  0.  0.
   1  24   0   0   4      0      0   0.000E+00   5.000E-02
   1  25   0   0   4      0      0   0.000E+00   5.000E-02
   1  26  -1   0   1      0      0   3.059E-01   2.000E-01
  F  1  7  0.  0.
   1  27   0   0   4      0      0   0.000E+00   5.000E-02
   1  28  -1   0   1      0      0   9.677E-02   2.000E-01
  F  1  7  0.  0.
   1  29  -1   0   1      0      0   5.323E-02   2.000E-01
  F  1  7  0.  0.
   2   3   0   0   4      0      0   0.000E+00   5.000E-02
   2   4   0   0   4      0      0   0.000E+00   5.000E-02
   2   5   0   0   4      0      0   0.000E+00   5.000E-02
   2   6   0   0   4      0      0   0.000E+00   5.000E-02
   2   7  -1   0   1      0      0   2.940E-01   7.000E-01
  F  1  7  0.  0.
   2   8   0   0   4      0      0   0.000E+00   5.000E-02
   2   9  -1   0   1      0      0   2.400E-01   2.000E-01
  F  1  7  0.  0.
   2  10   0   0   4      0      0   0.000E+00   5.000E-02
   2  11  -1   0   1      0      0   4.100E-02   2.000E-01
  F  1  7  0.  0.
   2  12   0   0   4      0      0   0.000E+00   5.000E-02
   2  13   0   0   4      0      0   0.000E+00   5.000E-02
   2  14   0   0   4      0      0   0.000E+00   5.000E-02
   2  15   0   0   4      0      0   0.000E+00   5.000E-02
   2  16   0   0   4      0      0   0.000E+00   5.000E-02
   2  17   0   0   4      0      0   0.000E+00   5.000E-02
   2  18   0   0   4      0      0   0.000E+00   5.000E-02
   2  19   0   0   4      0      0   0.000E+00   5.000E-02
   2  20   0   0   4      0      0   0.000E+00   5.000E-02
   2  21  -1   0   1      0      0   5.788E-01   2.000E-01
  F  1  7  0.  0.
   2  22   0   0   4      0      0   0.000E+00   5.000E-02
   2  23   0   0   4      0      0   0.000E+00   5.000E-02
   2  24  -1   0   1      0      0   1.238E-02   2.000E-01
  F  1  7  0.  0.
   2  25   0   0   4      0      0   0.000E+00   5.000E-02
   2  26   0   0   4      0      0   0.000E+00   5.000E-02
   2  27  -1   0   1      0      0   2.028E-01   2.000E-01
  F  1  7  0.  0.
   2  28  -1   0   1      0      0   1.030E-01   2.000E-01
  F  1  7  0.  0.
   2  29  -1   0   1      0      0   6.117E-02   2.000E-01
  F  1  7  0.  0.
   3   4   0   0   4      0      0   0.000E+00   5.000E-02
   3   5   0   0   4      0      0   0.000E+00   5.000E-02
   3   6   0   0   4      0      0   0.000E+00   5.000E-02
   3   7   0   0   4      0      0   0.000E+00   5.000E-02
   3   8   0   0   4      0      0   0.000E+00   5.000E-02
   3   9  -1   0   1      0      0   2.370E-01   7.000E-01
  F  1  7  0.  0.
   3  10   0   0   4      0      0   0.000E+00   5.000E-02
   3  11  -1   0   1      0      0   1.500E-01   2.000E-01
  F  1  7  0.  0.
   3  12   0   0   4      0      0   0.000E+00   5.000E-02
   3  13   0   0   4      0      0   0.000E+00   5.000E-02
   3  14   0   0   4      0      0   0.000E+00   5.000E-02
   3  15   0   0   4      0      0   0.000E+00   5.000E-02
   3  16   0   0   4      0      0   0.000E+00   5.000E-02
   3  17   0   0   4      0      0   0.000E+00   5.000E-02
   3  18   0   0   4      0      0   0.000E+00   5.000E-02
   3  19   0   0   4      0      0   0.000E+00   5.000E-02
   3  20   0   0   4      0      0   0.000E+00   5.000E-02
   3  21  -1   0   1      0      0   6.160E-01   2.000E-01
  F  1  7  0.  0.
   3  22   0   0   4      0      0   0.000E+00   5.000E-02
   3  23   0   0   4      0      0   0.000E+00   5.000E-02
   3  24  -1   0   1      0      0   3.400E-02   2.000E-01
  F  1  7  0.  0.
   3  25   0   0   4      0      0   0.000E+00   5.000E-02
   3  26   0   0   4      0      0   0.000E+00   5.000E-02
   3  27  -1   0   1      0      0   2.180E-01   2.000E-01
  F  1  7  0.  0.
   3  28  -1   0   1      0      0   1.152E-01   2.000E-01
  F  1  7  0.  0.
   3  29  -1   0   1      0      0   6.304E-02   2.000E-01
  F  1  7  0.  0.
   4   5   0   0   4      0      0   0.000E+00   5.000E-02
   4   6   0   0   4      0      0   0.000E+00   5.000E-02
   4   7   0   0   4      0      0   0.000E+00   5.000E-02
   4   8   0   0   4      0      0   0.000E+00   5.000E-02
   4   9   0   0   4      0      0   0.000E+00   5.000E-02
   4  10   0   0   4      0      0   0.000E+00   5.000E-02
   4  11   0   0   4      0      0   0.000E+00   5.000E-02
   4  12   0   0   4      0      0   0.000E+00   5.000E-02
   4  13   0   0   4      0      0   0.000E+00   5.000E-02
   4  14   0   0   4      0      0   0.000E+00   5.000E-02
   4  15   0   0   4      0      0   0.000E+00   5.000E-02
   4  16   0   0   4      0      0   0.000E+00   5.000E-02
   4  17   0   0   4      0      0   0.000E+00   5.000E-02
   4  18   0   0   4      0      0   0.000E+00   5.000E-02
   4  19   0   0   4      0      0   0.000E+00   5.000E-02
   4  20   0   0   4      0      0   0.000E+00   5.000E-02
   4  21   0   0   4      0      0   0.000E+00   5.000E-02
   4  22  -1   0   1      0      0   1.914E-01   2.000E-01
  F  1  7  0.  0.
   4  23   0   0   4      0      0   0.000E+00   5.000E-02
   4  24   0   0   4      0      0   0.000E+00   5.000E-02
   4  25   0   0   4      0      0   0.000E+00   5.000E-02
   4  26   0   0   4      0      0   0.000E+00   5.000E-02
   4  27   0   0   4      0      0   0.000E+00   5.000E-02
   4  28  -1   0   1      0      0   8.500E-01   2.000E-01
  F  1  7  0.  0.
   4  29   0   0   4      0      0   0.000E+00   5.000E-02
   5   6   0   0   4      0      0   0.000E+00   5.000E-02
   5   7   0   0   4      0      0   0.000E+00   5.000E-02
   5   8   0   0   4      0      0   0.000E+00   5.000E-02
   5   9   0   0   4      0      0   0.000E+00   5.000E-02
   5  10   0   0   4      0      0   0.000E+00   5.000E-02
   5  11   0   0   4      0      0   0.000E+00   5.000E-02
   5  12  -1   0   1      0      0   1.660E-01   2.000E-01
  F  1  7  0.  0.
   5  13   0   0   4      0      0   0.000E+00   5.000E-02
   5  14  -1   0   1      0      0   1.740E-03   2.000E-01
  F  1  7  0.  0.
   5  15   0   0   4      0      0   0.000E+00   5.000E-02
   5  16   0   0   4      0      0   0.000E+00   5.000E-02
   5  17  -1   0   1      0      0   3.693E-03   2.000E-01
  F  1  7  0.  0.
   5  18   0   0   4      0      0   0.000E+00   5.000E-02
   5  19   0   0   4      0      0   0.000E+00   5.000E-02
   5  20   0   0   4      0      0   0.000E+00   5.000E-02
   5  21   0   0   4      0      0   0.000E+00   5.000E-02
   5  22   0   0   4      0      0   0.000E+00   5.000E-02
   5  23  -1   0   1      0      0   4.032E-02   2.000E-01
  F  1  7  0.  0.
   5  24   0   0   4      0      0   0.000E+00   5.000E-02
   5  25   0   0   4      0      0   0.000E+00   5.000E-02
   5  26  -1   0   1      0      0   3.132E-03   2.000E-01
  F  1  7  0.  0.
   5  27   0   0   4      0      0   0.000E+00   5.000E-02
   5  28  -1   0   1      0      0   3.865E-01   2.000E-01
  F  1  7  0.  0.
   5  29  -1   0   1      0      0   2.467E-03   2.000E-01
  F  1  7  0.  0.
   6   7   0   0   4      0      0   0.000E+00   5.000E-02
   6   8   0   0   4      0      0   0.000E+00   5.000E-02
   6   9   0   0   4      0      0   0.000E+00   5.000E-02
   6  10   0   0   4      0      0   0.000E+00   5.000E-02
   6  11   0   0   4      0      0   0.000E+00   5.000E-02
   6  12  -1   0   1      0      0   5.522E-02   2.000E-01
  F  1  7  0.  0.
   6  13   0   0   4      0      0   0.000E+00   5.000E-02
   6  14  -1   0   1      0      0   7.000E-03   2.000E-01
  F  1  7  0.  0.
   6  15  -1   0   1      0      0   6.711E-03   2.000E-01
  F  1  7  0.  0.
   6  16   0   0   4      0      0   0.000E+00   5.000E-02
   6  17  -1   0   1      0      0   9.756E-04   2.000E-01
  F  1  7  0.  0.
   6  18   0   0   4      0      0   0.000E+00   5.000E-02
   6  19   0   0   4      0      0   0.000E+00   5.000E-02
   6  20   0   0   4      0      0   0.000E+00   5.000E-02
   6  21   0   0   4      0      0   0.000E+00   5.000E-02
   6  22   0   0   4      0      0   0.000E+00   5.000E-02
   6  23  -1   0   1      0      0   6.837E-02   2.000E-01
  F  1  7  0.  0.
   6  24   0   0   4      0      0   0.000E+00   5.000E-02
   6  25   0   0   4      0      0   0.000E+00   5.000E-02
   6  26  -1   0   1      0      0   2.022E-03   2.000E-01
  F  1  7  0.  0.
   6  27   0   0   4      0      0   0.000E+00   5.000E-02
   6  28  -1   0   1      0      0   4.032E-01   2.000E-01
  F  1  7  0.  0.
   6  29  -1   0   1      0      0   2.303E-03   2.000E-01
  F  1  7  0.  0.
   7   8   0   0   4      0      0   0.000E+00   5.000E-02
   7   9   0   0   4      0      0   0.000E+00   5.000E-02
   7  10   0   0   4      0      0   0.000E+00   5.000E-02
   7  11   0   0   4      0      0   0.000E+00   5.000E-02
   7  12   0   0   4      0      0   0.000E+00   5.000E-02
   7  13  -1   0   1      0      0   5.560E-03   2.000E-01
  F  1  7  0.  0.
   7  14   0   0   4      0      0   0.000E+00   5.000E-02
   7  15   0   0   4      0      0   0.000E+00   5.000E-02
   7  16  -1   0   1      0      0   2.620E-01   2.000E-01
  F  1  7  0.  0.
   7  17   0   0   4      0      0   0.000E+00   5.000E-02
   7  18  -1   0   1      0      0   8.360E-04   2.000E-01
  F  1  7  0.  0.
   7  19   0   0   4      0      0   0.000E+00   5.000E-02
   7  20   0   0   4      0      0   0.000E+00   5.000E-02
   7  21   0   0   4      0      0   0.000E+00   5.000E-02
   7  22   0   0   4      0      0   0.000E+00   5.000E-02
   7  23   0   0   4      0      0   0.000E+00   5.000E-02
   7  24  -1   0   1      0      0   3.310E-03   2.000E-01
  F  1  7  0.  0.
   7  25   0   0   4      0      0   0.000E+00   5.000E-02
   7  26   0   0   4      0      0   0.000E+00   5.000E-02
   7  27  -1   0   1      0      0   4.174E-03   2.000E-01
  F  1  7  0.  0.
   7  28  -1   0   1      0      0   5.913E-02   2.000E-01
  F  1  7  0.  0.
   7  29  -1   0   1      0      0   3.216E-03   2.000E-01
  F  1  7  0.  0.
   8   9   0   0   4      0      0   0.000E+00   5.000E-02
   8  10   0   0   4      0      0   0.000E+00   5.000E-02
   8  11   0   0   4      0      0   0.000E+00   5.000E-02
   8  12  -1   0   1      0      0   2.530E-01   7.000E-01
  F  1  7  0.  0.
   8  13   0   0   4      0      0   0.000E+00   5.000E-02
   8  14   0   0   4      0      0   0.000E+00   5.000E-02
   8  15  -1   0   1      0      0   8.468E-01   2.000E-01
  F  1  7  0.  0.
   8  16   0   0   4      0      0   0.000E+00   5.000E-02
   8  17  -1   0   1      0      0   5.067E-04   2.000E-01
  F  1  7  0.  0.
   8  18   0   0   4      0      0   0.000E+00   5.000E-02
   8  19   0   0   4      0      0   0.000E+00   5.000E-02
   8  20   0   0   4      0      0   0.000E+00   5.000E-02
   8  21   0   0   4      0      0   0.000E+00   5.000E-02
   8  22   0   0   4      0      0   0.000E+00   5.000E-02
   8  23  -1   0   1      0      0   1.524E-01   2.000E-01
  F  1  7  0.  0.
   8  24   0   0   4      0      0   0.000E+00   5.000E-02
   8  25   0   0   4      0      0   0.000E+00   5.000E-02
   8  26   0   0   4      0      0   0.000E+00   5.000E-02
   8  27   0   0   4      0      0   0.000E+00   5.000E-02
   8  28  -1   0   1      0      0   1.771E-01   2.000E-01
  F  1  7  0.  0.
   8  29  -1   0   1      0      0   2.591E-02   2.000E-01
  F  1  7  0.  0.
   9  10   0   0   4      0      0   0.000E+00   5.000E-02
   9  11   0   0   4      0      0   0.000E+00   5.000E-02
   9  12   0   0   4      0      0   0.000E+00   5.000E-02
   9  13  -1   0   1      0      0   7.967E-03   7.000E-01
  F  1  7  0.  0.
   9  14   0   0   4      0      0   0.000E+00   5.000E-02
   9  15   0   0   4      0      0   0.000E+00   5.000E-02
   9  16  -1   0   1      0      0   5.967E-02   2.000E-01
  F  1  7  0.  0.
   9  17   0   0   4      0      0   0.000E+00   5.000E-02
   9  18  -1   0   1      0      0   2.423E-02   2.000E-01
  F  1  7  0.  0.
   9  19  -1   0   1      0      0   1.313E-02   2.000E-01
  F  1  7  0.  0.
   9  20   0   0   4      0      0   0.000E+00   5.000E-02
   9  21  -1   0   1      0      0   1.707E-01   2.000E-01
  F  1  7  0.  0.
   9  22   0   0   4      0      0   0.000E+00   5.000E-02
   9  23   0   0   4      0      0   0.000E+00   5.000E-02
   9  24  -1   0   1      0      0   2.281E-03   2.000E-01
  F  1  7  0.  0.
   9  25   0   0   4      0      0   0.000E+00   5.000E-02
   9  26   0   0   4      0      0   0.000E+00   5.000E-02
   9  27  -1   0   1      0      0   1.077E-03   2.000E-01
  F  1  7  0.  0.
   9  28  -1   0   1      0      0   2.257E-02   2.000E-01
  F  1  7  0.  0.
   9  29  -1   0   1      0      0   3.177E-03   2.000E-01
  F  1  7  0.  0.
  10  11   0   0   4      0      0   0.000E+00   5.000E-02
  10  12  -1   0   1      0      0   6.289E-04   7.000E-01
  F  1  7  0.  0.
  10  13   0   0   4      0      0   0.000E+00   5.000E-02
  10  14  -1   0   1      0      0   3.456E-01   7.000E-01
  F  1  7  0.  0.
  10  15  -1   0   1      0      0   7.156E-02   7.000E-01
  F  1  7  0.  0.
  10  16   0   0   4      0      0   0.000E+00   5.000E-02
  10  17  -1   0   1      0      0   2.756E-01   7.000E-01
  F  1  7  0.  0.
  10  18   0   0   4      0      0   0.000E+00   5.000E-02
  10  19   0   0   4      0      0   0.000E+00   5.000E-02
  10  20   0   0   4      0      0   0.000E+00   5.000E-02
  10  21   0   0   4      0      0   0.000E+00   5.000E-02
  10  22   0   0   4      0      0   0.000E+00   5.000E-02
  10  23  -1   0   1      0      0   9.720E-02   2.000E-01
  F  1  7  0.  0.
  10  24   0   0   4      0      0   0.000E+00   5.000E-02
  10  25   0   0   4      0      0   0.000E+00   5.000E-02
  10  26  -1   0   1      0      0   9.900E-04   2.000E-01
  F  1  7  0.  0.
  10  27   0   0   4      0      0   0.000E+00   5.000E-02
  10  28  -1   0   1      0      0   1.623E-01   2.000E-01
  F  1  7  0.  0.
  10  29  -1   0   1      0      0   1.026E-02   2.000E-01
  F  1  7  0.  0.
  11  12   0   0   4      0      0   0.000E+00   5.000E-02
  11  13  -1   0   1      0      0   1.450E-01   7.000E-01
  F  1  7  0.  0.
  11  14   0   0   4      0      0   0.000E+00   5.000E-02
  11  15   0   0   4      0      0   0.000E+00   5.000E-02
  11  16  -1   0   1      0      0   3.467E-04   7.000E-01
  F  1  7  0.  0.
  11  17   0   0   4      0      0   0.000E+00   5.000E-02
  11  18  -1   0   1      0      0   4.900E-01   7.000E-01
  F  1  7  0.  0.
  11  19  -1   0   1      0      0   1.117E-01   7.000E-01
  F  1  7  0.  0.
  11  20   0   0   4      0      0   0.000E+00   5.000E-02
  11  21  -1   0   1      0      0   1.303E-03   2.000E-01
  F  1  7  0.  0.
  11  22   0   0   4      0      0   0.000E+00   5.000E-02
  11  23   0   0   4      0      0   0.000E+00   5.000E-02
  11  24  -1   0   1      0      0   7.317E-02   2.000E-01
  F  1  7  0.  0.
  11  25   0   0   4      0      0   0.000E+00   5.000E-02
  11  26   0   0   4      0      0   0.000E+00   5.000E-02
  11  27  -1   0   1      0      0   1.093E-03   2.000E-01
  F  1  7  0.  0.
  11  28  -1   0   1      0      0   9.913E-02   2.000E-01
  F  1  7  0.  0.
  11  29  -1   0   1      0      0   2.954E-02   2.000E-01
  F  1  7  0.  0.
  12  13   0   0   4      0      0   0.000E+00   5.000E-02
  12  14   0   0   4      0      0   0.000E+00   5.000E-02
  12  15   0   0   4      0      0   0.000E+00   5.000E-02
  12  16   0   0   4      0      0   0.000E+00   5.000E-02
  12  17   0   0   4      0      0   0.000E+00   5.000E-02
  12  18   0   0   4      0      0   0.000E+00   5.000E-02
  12  19   0   0   4      0      0   0.000E+00   5.000E-02
  12  20  -1   0   1      0      0   2.694E-03   7.000E-01
  F  1  7  0.  0.
  12  21   0   0   4      0      0   0.000E+00   5.000E-02
  12  22   0   0   4      0      0   0.000E+00   5.000E-02
  12  23  -1   0   1      0      0   1.579E-03   2.000E-01
  F  1  7  0.  0.
  12  24   0   0   4      0      0   0.000E+00   5.000E-02
  12  25   0   0   4      0      0   0.000E+00   5.000E-02
  12  26  -1   0   1      0      0   3.262E-02   2.000E-01
  F  1  7  0.  0.
  12  27   0   0   4      0      0   0.000E+00   5.000E-02
  12  28  -1   0   1      0      0   5.251E-04   2.000E-01
  F  1  7  0.  0.
  12  29  -1   0   1      0      0   1.397E-04   2.000E-01
  F  1  7  0.  0.
  13  14   0   0   4      0      0   0.000E+00   5.000E-02
  13  15   0   0   4      0      0   0.000E+00   5.000E-02
  13  16   0   0   4      0      0   0.000E+00   5.000E-02
  13  17   0   0   4      0      0   0.000E+00   5.000E-02
  13  18   0   0   4      0      0   0.000E+00   5.000E-02
  13  19   0   0   4      0      0   0.000E+00   5.000E-02
  13  20   0   0   4      0      0   0.000E+00   5.000E-02
  13  21  -1   0   1      0      0   5.803E-01   7.000E-01
  F  1  7  0.  0.
  13  22   0   0   4      0      0   0.000E+00   5.000E-02
  13  23   0   0   4      0      0   0.000E+00   5.000E-02
  13  24  -1   0   1      0      0   9.933E-02   2.000E-01
  F  1  7  0.  0.
  13  25   0   0   4      0      0   0.000E+00   5.000E-02
  13  26   0   0   4      0      0   0.000E+00   5.000E-02
  13  27  -1   0   1      0      0   8.003E-02   2.000E-01
  F  1  7  0.  0.
  13  28  -1   0   1      0      0   6.483E-02   2.000E-01
  F  1  7  0.  0.
  13  29  -1   0   1      0      0   3.707E-02   2.000E-01
  F  1  7  0.  0.
  14  15   0   0   4      0      0   0.000E+00   5.000E-02
  14  16   0   0   4      0      0   0.000E+00   5.000E-02
  14  17   0   0   4      0      0   0.000E+00   5.000E-02
  14  18   0   0   4      0      0   0.000E+00   5.000E-02
  14  19   0   0   4      0      0   0.000E+00   5.000E-02
  14  20  -1   0   1      0      0   5.441E-01   7.000E-01
  F  1  7  0.  0.
  14  21   0   0   4      0      0   0.000E+00   5.000E-02
  14  22   0   0   4      0      0   0.000E+00   5.000E-02
  14  23  -1   0   1      0      0   1.067E-01   2.000E-01
  F  1  7  0.  0.
  14  24   0   0   4      0      0   0.000E+00   5.000E-02
  14  25   0   0   4      0      0   0.000E+00   5.000E-02
  14  26  -1   0   1      0      0   1.124E-01   2.000E-01
  F  1  7  0.  0.
  14  27   0   0   4      0      0   0.000E+00   5.000E-02
  14  28  -1   0   1      0      0   7.143E-02   2.000E-01
  F  1  7  0.  0.
  14  29  -1   0   1      0      0   3.603E-02   2.000E-01
  F  1  7  0.  0.
  15  16   0   0   4      0      0   0.000E+00   5.000E-02
  15  17   0   0   4      0      0   0.000E+00   5.000E-02
  15  18   0   0   4      0      0   0.000E+00   5.000E-02
  15  19   0   0   4      0      0   0.000E+00   5.000E-02
  15  20  -1   0   1      0      0   6.567E-01   7.000E-01
  F  1  7  0.  0.
  15  21   0   0   4      0      0   0.000E+00   5.000E-02
  15  22   0   0   4      0      0   0.000E+00   5.000E-02
  15  23  -1   0   1      0      0   1.180E+00   2.000E-01
  F  1  7  0.  0.
  15  24   0   0   4      0      0   0.000E+00   5.000E-02
  15  25   0   0   4      0      0   0.000E+00   5.000E-02
  15  26  -1   0   1      0      0   7.900E-02   2.000E-01
  F  1  7  0.  0.
  15  27   0   0   4      0      0   0.000E+00   5.000E-02
  15  28  -1   0   1      0      0   5.720E-02   2.000E-01
  F  1  7  0.  0.
  15  29  -1   0   1      0      0   3.123E-02   2.000E-01
  F  1  7  0.  0.
  16  17   0   0   4      0      0   0.000E+00   5.000E-02
  16  18   0   0   4      0      0   0.000E+00   5.000E-02
  16  19   0   0   4      0      0   0.000E+00   5.000E-02
  16  20   0   0   4      0      0   0.000E+00   5.000E-02
  16  21  -1   0   1      0      0   1.351E-03   7.000E-01
  F  1  7  0.  0.
  16  22   0   0   4      0      0   0.000E+00   5.000E-02
  16  23   0   0   4      0      0   0.000E+00   5.000E-02
  16  24  -1   0   1      0      0   3.440E-04   2.000E-01
  F  1  7  0.  0.
  16  25   0   0   4      0      0   0.000E+00   5.000E-02
  16  26   0   0   4      0      0   0.000E+00   5.000E-02
  16  27  -1   0   1      0      0   3.539E-04   2.000E-01
  F  1  7  0.  0.
  16  28  -1   0   1      0      0   2.832E-04   2.000E-01
  F  1  7  0.  0.
  16  29  -1   0   1      0      0   2.293E-04   2.000E-01
  F  1  7  0.  0.
  17  18   0   0   4      0      0   0.000E+00   5.000E-02
  17  19   0   0   4      0      0   0.000E+00   5.000E-02
  17  20  -1   0   1      0      0   4.618E-01   7.000E-01
  F  1  7  0.  0.
  17  21   0   0   4      0      0   0.000E+00   5.000E-02
  17  22   0   0   4      0      0   0.000E+00   5.000E-02
  17  23  -1   0   1      0      0   1.610E-01   2.000E-01
  F  1  7  0.  0.
  17  24   0   0   4      0      0   0.000E+00   5.000E-02
  17  25   0   0   4      0      0   0.000E+00   5.000E-02
  17  26  -1   0   1      0      0   2.104E-01   2.000E-01
  F  1  7  0.  0.
  17  27   0   0   4      0      0   0.000E+00   5.000E-02
  17  28  -1   0   1      0      0   7.822E-02   2.000E-01
  F  1  7  0.  0.
  17  29  -1   0   1      0      0   3.607E-02   2.000E-01
  F  1  7  0.  0.
  18  19   0   0   4      0      0   0.000E+00   5.000E-02
  18  20   0   0   4      0      0   0.000E+00   5.000E-02
  18  21  -1   0   1      0      0   5.009E-01   7.000E-01
  F  1  7  0.  0.
  18  22   0   0   4      0      0   0.000E+00   5.000E-02
  18  23   0   0   4      0      0   0.000E+00   5.000E-02
  18  24  -1   0   1      0      0   1.526E-01   2.000E-01
  F  1  7  0.  0.
  18  25   0   0   4      0      0   0.000E+00   5.000E-02
  18  26   0   0   4      0      0   0.000E+00   5.000E-02
  18  27  -1   0   1      0      0   1.488E-01   2.000E-01
  F  1  7  0.  0.
  18  28  -1   0   1      0      0   8.868E-02   2.000E-01
  F  1  7  0.  0.
  18  29  -1   0   1      0      0   4.589E-02   2.000E-01
  F  1  7  0.  0.
  19  20   0   0   4      0      0   0.000E+00   5.000E-02
  19  21  -1   0   1      0      0   4.720E-01   7.000E-01
  F  1  7  0.  0.
  19  22   0   0   4      0      0   0.000E+00   5.000E-02
  19  23   0   0   4      0      0   0.000E+00   5.000E-02
  19  24  -1   0   1      0      0   1.410E-01   2.000E-01
  F  1  7  0.  0.
  19  25   0   0   4      0      0   0.000E+00   5.000E-02
  19  26   0   0   4      0      0   0.000E+00   5.000E-02
  19  27  -1   0   1      0      0   1.980E-01   2.000E-01
  F  1  7  0.  0.
  19  28  -1   0   1      0      0   9.320E-02   2.000E-01
  F  1  7  0.  0.
  19  29  -1   0   1      0      0   4.232E-02   2.000E-01
  F  1  7  0.  0.
  20  21   0   0   4      0      0   0.000E+00   5.000E-02
  20  22   0   0   4      0      0   0.000E+00   5.000E-02
  20  23  -1   0   1      0      0   9.374E-02   2.000E-01
  F  1  7  0.  0.
  20  24   0   0   4      0      0   0.000E+00   5.000E-02
  20  25   0   0   4      0      0   0.000E+00   5.000E-02
  20  26  -1   0   1      0      0   8.691E-01   2.000E-01
  F  1  7  0.  0.
  20  27   0   0   4      0      0   0.000E+00   5.000E-02
  20  28  -1   0   1      0      0   1.689E-01   2.000E-01
  F  1  7  0.  0.
  20  29  -1   0   1      0      0   5.970E-02   2.000E-01
  F  1  7  0.  0.
  21  22   0   0   4      0      0   0.000E+00   5.000E-02
  21  23   0   0   4      0      0   0.000E+00   5.000E-02
  21  24  -1   0   1      0      0   8.897E-02   2.000E-01
  F  1  7  0.  0.
  21  25   0   0   4      0      0   0.000E+00   5.000E-02
  21  26   0   0   4      0      0   0.000E+00   5.000E-02
  21  27  -1   0   1      0      0   8.751E-01   2.000E-01
  F  1  7  0.  0.
  21  28  -1   0   1      0      0   1.541E-01   2.000E-01
  F  1  7  0.  0.
  21  29  -1   0   1      0      0   5.083E-02   2.000E-01
  F  1  7  0.  0.
  22  23   0   0   4      0      0   0.000E+00   5.000E-02
  22  24   0   0   4      0      0   0.000E+00   5.000E-02
  22  25  -1   0   1      0      0   7.573E-01   2.000E-01
  F  1  7  0.  0.
  22  26   0   0   4      0      0   0.000E+00   5.000E-02
  22  27   0   0   4      0      0   0.000E+00   5.000E-02
  22  28   0   0   4      0      0   0.000E+00   5.000E-02
  22  29   0   0   4      0      0   0.000E+00   5.000E-02
  23  24   0   0   4      0      0   0.000E+00   5.000E-02
  23  25   0   0   4      0      0   0.000E+00   5.000E-02
  23  26  -1   0   1      0      0   5.950E-01   7.000E-01
  F  1  7  0.  0.
  23  27   0   0   4      0      0   0.000E+00   5.000E-02
  23  28  -1   0   1      0      0   2.923E-01   2.000E-01
  F  1  7  0.  0.
  23  29  -1   0   1      0      0   5.642E-02   2.000E-01
  F  1  7  0.  0.
  24  25   0   0   4      0      0   0.000E+00   5.000E-02
  24  26   0   0   4      0      0   0.000E+00   5.000E-02
  24  27  -1   0   1      0      0   6.426E-01   7.000E-01
  F  1  7  0.  0.
  24  28  -1   0   1      0      0   2.379E-01   2.000E-01
  F  1  7  0.  0.
  24  29  -1   0   1      0      0   5.903E-02   2.000E-01
  F  1  7  0.  0.
  25  26   0   0   4      0      0   0.000E+00   5.000E-02
  25  27   0   0   4      0      0   0.000E+00   5.000E-02
  25  28  -1   0   1      0      0   5.343E-01   2.000E-01
  F  1  7  0.  0.
  25  29   0   0   4      0      0   0.000E+00   5.000E-02
  26  27   0   0   4      0      0   0.000E+00   5.000E-02
  26  28  -1   0   1      0      0   1.045E+00   2.000E-01
  F  1  7  0.  0.
  26  29  -1   0   1      0      0   1.579E-01   2.000E-01
  F  1  7  0.  0.
  27  28  -1   0   1      0      0   1.194E+00   2.000E-01
  F  1  7  0.  0.
  27  29  -1   0   1      0      0   1.929E-01   2.000E-01
  F  1  7  0.  0.
  28  29  -1   0   1      0      0   7.988E-01   2.000E-01
  F  1  7  0.  0.
