****** Levels
 1.32833868E+16      9.    2  'OIII 3Pe 1'  0   0.  0
 1.26752302E+16      5.    3  'OIII 1De 1'  0   0.  0
 1.19883683E+16      1.    3  'OIII 1Se 1'  0   0.  -102
 1.14744787E+16      5.    3  'OIII 5So 1'  0   0.  -102
 9.68430622E+15     15.    3  'OIII 3Do 1'  0   0.  -102
 9.01451788E+15      9.    3  'OIII 3Po 1'  0   0.  -102
 7.67553122E+15      5.    3  'OIII 1Do 1'  0   0. -102
 7.37461991E+15      3.    3  'OIII 3So 1'  0   0. -102
 6.97376632E+15      3.    3  'OIII 1Po 1'  0   0. -102
 5.26360053E+15      9.    3  'OIII 3Po 2'  0   0. -102
 5.09648174E+15      3.    3  'OIII 1Po 2'  0   0. -102
 4.77313513E+15      9.    3  'OIII 3Pe 2'  0   0. -102
 4.56058525E+15      3.    4  'OIII 1Pe 1'  0   0. -102
 4.46702556E+15     15.    4  'OIII 3De 1'  0   0. -102
 4.36267423E+15      3.    4  'OIII 3Se 1'  0   0. -102
 4.34073232E+15      5.    4  'OIII 1De 2'  0   0. -102
 4.27826014E+15      9.    4  'OIII 3Pe 3'  0   0. -102
 4.09206177E+15      5.    4  'OIII 1De 3'  0   0. -102
 3.87572963E+15      1.    4  'OIII 1Se 2'  0   0. -102
 3.50025366E+15     45.    4  'OIII+3_o 2'  0   0. -102
 3.41038335E+15     16.    4  'OIII+1__ 1'  0   0. -102
 3.12770068E+15     15.    4  'OIII 5Pe 1'  0   0. -102
 2.51964364E+15     48.    4  'OIII+3__ 4'  0   0. -102
 2.33874794E+15     12.    5  'OIII+1__ 3'  0   0. -102
 2.27055540E+15     45.    5  'OIII+5_o 5'  0   0. -102
 1.91936156E+15    132.    5  'OIII+3__ 6'  0   0. -102
 1.87668046E+15     36.    5  'OIII+1__ 7'  0   0. -102
 1.29007651E+15    440.    6  'OIII+___ 8'  0   0. -102
 8.44466806E+14    432.    7  'OIII+___ 9'  0   0. -102
****** Continuum transitions
   1  30   1    105      0      0      0   1.162E-18   0.000E+00
  -0.001   0.056   0.195   0.449   0.979
   0.588   0.588   0.333  -0.187  -1.789
   2  30   1    107      0      0      0   1.116E-18   0.000E+00
   0.001   0.039   0.056   0.078   0.110   0.466   0.994
   0.570   0.570   0.438   0.500   0.526  -0.178  -1.754
   3  30   1    107      0      0      0   1.632E-18   0.000E+00
  -0.001   0.047   0.086   0.146   0.241   0.478   1.011
   0.738   0.597   0.509   0.474   0.315  -0.134  -1.745
   4  30   1    104      0      0      0   2.775E-18   0.000E+00
   0.069   0.315   0.493   0.966
   0.817   0.289  -0.162  -1.577
   5  30   1    110      0      0      0   2.666E-19   0.000E+00
   0.002   0.027   0.072   0.081   0.104   0.134   0.144   0.248   0.542   1.038
  -0.077  -0.447  -0.183   0.683   0.303   0.461   0.704   0.546  -0.067  -1.588
   6  30   1    109      0      0      0   8.035E-20   0.000E+00
  -0.001   0.017   0.034   0.062   0.086   0.204   0.301   0.567   1.063
  -0.609   0.289  -0.327   0.227   0.509   0.685   0.518  -0.072  -1.569
   7  30   1    114      0      0      0   6.344E-20   0.000E+00
  -0.001   0.017   0.032   0.057   0.091   0.099   0.114   0.159   0.164   0.218
   0.221   0.293   0.602   1.083
  -0.741   0.870   0.016  -0.037   0.412   1.090  -0.151  -0.037   0.588   0.456
   0.738   0.641   0.016  -1.437
   8  30   1    114      0      0      0   8.153E-21   0.000E+00
   0.002   0.012   0.024   0.062   0.089   0.104   0.116   0.149   0.169   0.226
   0.228   0.338   0.635   1.113
  -1.303   0.176  -1.387  -1.324  -1.007   1.042   0.239  -0.542  -0.078  -0.078
   0.746   0.641  -0.014  -1.451
   9  30   1    115      0      0      0   3.865E-19   0.000E+00
  -0.006   0.024   0.032   0.054   0.084   0.119   0.121   0.174   0.179   0.236
   0.241   0.293   0.505   0.657   1.135
  -0.125   1.107  -0.627  -1.199   0.570   0.870  -0.178  -0.063   0.597   0.456
   0.746   0.702   0.306  -0.055  -1.489
  10  30   1    109      0      0      0   2.930E-19   0.000E+00
   0.005   0.027   0.030   0.052   0.126   0.237   0.464   0.664   1.276
   0.148   0.782  -0.021  -0.359  -0.296  -0.412  -0.708  -0.898  -2.736
  11  30   1    109      0      0      0   9.666E-19   0.000E+00
   0.002   0.030   0.041   0.062   0.116   0.151   0.311   0.689   1.269
   0.548   1.181   0.055  -0.403  -0.412  -0.236  -0.342  -0.843  -2.586
  12  30   1    112      0      0      0   1.165E-20   0.000E+00
   0.002   0.052   0.062   0.133   0.141   0.162   0.205   0.265   0.329   0.454
   0.778   1.233
  -1.440  -2.268  -1.387  -2.285  -0.173   0.320   0.039   0.391   0.655   0.796
   0.109  -1.282
  13  30   1    111      0      0      0   4.169E-19   0.000E+00
   0.002   0.059   0.069   0.098   0.109   0.133   0.173   0.340   0.639   0.721
   1.286
   0.148   0.306   0.011  -0.190   0.454   0.211  -0.000  -0.232  -0.782  -0.845
  -2.556
  14  30   1    104      0      0      0   6.484E-19   0.000E+00
  -0.002   0.137   0.753   1.251
   0.338   0.084  -1.046  -2.556
  15  30   1    109      0      0      0   3.031E-19   0.000E+00
   0.002   0.044   0.080   0.101   0.137   0.311   0.589   0.738   1.265
   0.011   0.158   0.106   0.380   0.148  -0.190  -0.697  -0.908  -2.525
  16  30   1    118      0      0      0   3.336E-21   0.000E+00
  -0.002   0.041   0.101   0.137   0.162   0.205   0.254   0.258   0.286   0.326
   0.358   0.379   0.436   0.439   0.475   0.617   0.785   1.272
  -1.944  -2.187  -2.292  -0.623  -1.711  -1.194  -1.077   0.148   0.549   0.253
   0.803   0.232   0.243   0.739   0.813   0.560   0.169  -1.289
  17  30   1    106      0      0      0   7.273E-19   0.000E+00
   0.002   0.062   0.219   0.486   0.795   1.265
   0.380   0.232  -0.021  -0.497  -1.257  -2.630
  18  30   1    110      0      0      0   5.642E-19   0.000E+00
  -0.001   0.106   0.121   0.139   0.169   0.266   0.493   0.757   0.829   1.118
   0.275   0.232   0.697   0.190   0.074  -0.116  -0.581  -1.299  -1.880  -2.725
  19  30   1    112      0      0      0   9.211E-19   0.000E+00
   0.002   0.044   0.069   0.080   0.119   0.141   0.169   0.222   0.383   0.721
   0.831   1.230
   0.486   0.454   0.687  -0.285   0.032   0.729   0.349   0.042  -0.296  -1.141
  -1.606  -2.757
  20  30   1    113      0      0      0   3.073E-20   0.000E+00
   0.002   0.034   0.041   0.069   0.141   0.176   0.194   0.215   0.251   0.329
   0.763   0.827   1.254
  -0.997  -1.123  -0.268  -0.870  -1.313  -0.247   0.218  -0.849  -1.166  -1.567
  -2.940  -3.056  -4.356
  21  30   1    116      0      0      0   7.663E-20   0.000E+00
  -0.002   0.027   0.041   0.084   0.144   0.183   0.205   0.247   0.276   0.372
   0.407   0.418   0.532   0.536   0.895   1.354
  -0.588  -0.662  -0.113  -0.704  -1.021  -0.250   0.342  -0.588  -0.926  -0.694
  -0.303  -1.011  -1.211  -0.313  -1.032  -2.416
  22  30   1      2      0      0      0   8.109E-19   0.000E+00
   3.000   2.703   1.000   0.000
  23  30   1    106      0      0      0   5.155E-20   0.000E+00
   0.003   0.238   0.332   0.359   0.972   1.560
  -0.768  -1.011  -0.451  -1.085  -2.067  -3.831
  24  30   1    107      0      0      0   2.118E-19   0.000E+00
   0.003   0.141   0.345   0.359   0.439   0.964   1.542
  -0.155  -0.352  -0.578  -0.099  -0.845  -1.887  -3.662
  25  30   1    107      0      0      0   7.645E-23   0.000E+00
   0.230   0.265   0.337   0.354   0.584   1.069   1.485
  -1.157  -0.787  -0.655  -0.981  -1.386  -2.442  -3.710
  26  30   1    112      0      0      0   4.500E-20   0.000E+00
   0.003   0.145   0.283   0.296   0.318   0.381   0.434   0.452   0.496   0.585
   1.133   1.568
  -0.831  -1.211  -1.761  -0.761  -1.169  -1.423  -1.099  -0.578  -1.451  -1.775
  -3.014  -4.352
  27  30   1    112      0      0      0   1.536E-19   0.000E+00
   0.002   0.165   0.283   0.315   0.343   0.411   0.454   0.464   0.496   0.582
   0.927   1.472
  -0.296  -0.771  -1.352  -0.472  -1.352  -1.616  -1.035   0.144  -1.106  -1.792
  -2.937  -4.504
  28  30   1    112      0      0      0   7.126E-20   0.000E+00
   0.003   0.101   0.203   0.363   0.390   0.483   0.550   0.625   0.657   0.741
   1.279   1.835
  -0.634  -0.986  -1.169  -1.521  -1.352  -1.352  -1.606  -0.732  -1.676  -2.014
  -3.056  -4.690
  29  30   1    110      0      0      0   1.086E-19   0.000E+00
  -0.002   0.456   0.612   0.737   0.794   0.808   0.843   0.910   1.386   1.960
  -0.437  -1.606  -1.944  -2.169  -1.662  -0.944  -2.155  -2.535  -3.592  -5.282
*** Line transitions
   1   2   0   0   4      0      0   0.000E+00   5.000E-02
   1   3   0   0   4      0      0   0.000E+00   5.000E-02
   1   4   0   0   4      0      0   0.000E+00   5.000E-02
   1   5  -1   0   1      0      0   1.066E-01   7.000E-01
  F  1  7  0.  0.
   1   6  -1   0   1      0      0   1.378E-01   7.000E-01
  F  1  7  0.  0.
   1   7   0   0   4      0      0   0.000E+00   5.000E-02
   1   8  -1   0   1      0      0   1.878E-01   2.000E-01
  F  1  7  0.  0.
   1   9   0   0   4      0      0   0.000E+00   5.000E-02
   1  10  -1   0   1      0      0   8.322E-02   2.000E-01
  F  1  7  0.  0.
   1  11   0   0   4      0      0   0.000E+00   5.000E-02
   1  12   0   0   4      0      0   0.000E+00   5.000E-02
   1  13   0   0   4      0      0   0.000E+00   5.000E-02
   1  14   0   0   4      0      0   0.000E+00   5.000E-02
   1  15   0   0   4      0      0   0.000E+00   5.000E-02
   1  16   0   0   4      0      0   0.000E+00   5.000E-02
   1  17   0   0   4      0      0   0.000E+00   5.000E-02
   1  18   0   0   4      0      0   0.000E+00   5.000E-02
   1  19   0   0   4      0      0   0.000E+00   5.000E-02
   1  20  -1   0   1      0      0   6.311E-01   2.000E-01
  F  1  7  0.  0.
   1  21   0   0   4      0      0   0.000E+00   5.000E-02
   1  22   0   0   4      0      0   0.000E+00   5.000E-02
   1  23  -1   0   1      0      0   2.484E-02   2.000E-01
  F  1  7  0.  0.
   1  24   0   0   4      0      0   0.000E+00   5.000E-02
   1  25   0   0   4      0      0   0.000E+00   5.000E-02
   1  26  -1   0   1      0      0   3.059E-01   2.000E-01
  F  1  7  0.  0.
   1  27   0   0   4      0      0   0.000E+00   5.000E-02
   1  28  -1   0   1      0      0   9.677E-02   2.000E-01
  F  1  7  0.  0.
   1  29  -1   0   1      0      0   5.323E-02   2.000E-01
  F  1  7  0.  0.
   2   3   0   0   4      0      0   0.000E+00   5.000E-02
   2   4   0   0   4      0      0   0.000E+00   5.000E-02
   2   5   0   0   4      0      0   0.000E+00   5.000E-02
   2   6   0   0   4      0      0   0.000E+00   5.000E-02
   2   7  -1   0   1      0      0   2.940E-01   7.000E-01
  F  1  7  0.  0.
   2   8   0   0   4      0      0   0.000E+00   5.000E-02
   2   9  -1   0   1      0      0   2.400E-01   2.000E-01
  F  1  7  0.  0.
   2  10   0   0   4      0      0   0.000E+00   5.000E-02
   2  11  -1   0   1      0      0   4.100E-02   2.000E-01
  F  1  7  0.  0.
   2  12   0   0   4      0      0   0.000E+00   5.000E-02
   2  13   0   0   4      0      0   0.000E+00   5.000E-02
   2  14   0   0   4      0      0   0.000E+00   5.000E-02
   2  15   0   0   4      0      0   0.000E+00   5.000E-02
   2  16   0   0   4      0      0   0.000E+00   5.000E-02
   2  17   0   0   4      0      0   0.000E+00   5.000E-02
   2  18   0   0   4      0      0   0.000E+00   5.000E-02
   2  19   0   0   4      0      0   0.000E+00   5.000E-02
   2  20   0   0   4      0      0   0.000E+00   5.000E-02
   2  21  -1   0   1      0      0   5.788E-01   2.000E-01
  F  1  7  0.  0.
   2  22   0   0   4      0      0   0.000E+00   5.000E-02
   2  23   0   0   4      0      0   0.000E+00   5.000E-02
   2  24  -1   0   1      0      0   1.238E-02   2.000E-01
  F  1  7  0.  0.
   2  25   0   0   4      0      0   0.000E+00   5.000E-02
   2  26   0   0   4      0      0   0.000E+00   5.000E-02
   2  27  -1   0   1      0      0   2.028E-01   2.000E-01
  F  1  7  0.  0.
   2  28  -1   0   1      0      0   1.030E-01   2.000E-01
  F  1  7  0.  0.
   2  29  -1   0   1      0      0   6.117E-02   2.000E-01
  F  1  7  0.  0.
   3   4   0   0   4      0      0   0.000E+00   5.000E-02
   3   5   0   0   4      0      0   0.000E+00   5.000E-02
   3   6   0   0   4      0      0   0.000E+00   5.000E-02
   3   7   0   0   4      0      0   0.000E+00   5.000E-02
   3   8   0   0   4      0      0   0.000E+00   5.000E-02
   3   9  -1   0   1      0      0   2.370E-01   7.000E-01
  F  1  7  0.  0.
   3  10   0   0   4      0      0   0.000E+00   5.000E-02
   3  11  -1   0   1      0      0   1.500E-01   2.000E-01
  F  1  7  0.  0.
   3  12   0   0   4      0      0   0.000E+00   5.000E-02
   3  13   0   0   4      0      0   0.000E+00   5.000E-02
   3  14   0   0   4      0      0   0.000E+00   5.000E-02
   3  15   0   0   4      0      0   0.000E+00   5.000E-02
   3  16   0   0   4      0      0   0.000E+00   5.000E-02
   3  17   0   0   4      0      0   0.000E+00   5.000E-02
   3  18   0   0   4      0      0   0.000E+00   5.000E-02
   3  19   0   0   4      0      0   0.000E+00   5.000E-02
   3  20   0   0   4      0      0   0.000E+00   5.000E-02
   3  21  -1   0   1      0      0   6.160E-01   2.000E-01
  F  1  7  0.  0.
   3  22   0   0   4      0      0   0.000E+00   5.000E-02
   3  23   0   0   4      0      0   0.000E+00   5.000E-02
   3  24  -1   0   1      0      0   3.400E-02   2.000E-01
  F  1  7  0.  0.
   3  25   0   0   4      0      0   0.000E+00   5.000E-02
   3  26   0   0   4      0      0   0.000E+00   5.000E-02
   3  27  -1   0   1      0      0   2.180E-01   2.000E-01
  F  1  7  0.  0.
   3  28  -1   0   1      0      0   1.152E-01   2.000E-01
  F  1  7  0.  0.
   3  29  -1   0   1      0      0   6.304E-02   2.000E-01
  F  1  7  0.  0.
   4   5   0   0   4      0      0   0.000E+00   5.000E-02
   4   6   0   0   4      0      0   0.000E+00   5.000E-02
   4   7   0   0   4      0      0   0.000E+00   5.000E-02
   4   8   0   0   4      0      0   0.000E+00   5.000E-02
   4   9   0   0   4      0      0   0.000E+00   5.000E-02
   4  10   0   0   4      0      0   0.000E+00   5.000E-02
   4  11   0   0   4      0      0   0.000E+00   5.000E-02
   4  12   0   0   4      0      0   0.000E+00   5.000E-02
   4  13   0   0   4      0      0   0.000E+00   5.000E-02
   4  14   0   0   4      0      0   0.000E+00   5.000E-02
   4  15   0   0   4      0      0   0.000E+00   5.000E-02
   4  16   0   0   4      0      0   0.000E+00   5.000E-02
   4  17   0   0   4      0      0   0.000E+00   5.000E-02
   4  18   0   0   4      0      0   0.000E+00   5.000E-02
   4  19   0   0   4      0      0   0.000E+00   5.000E-02
   4  20   0   0   4      0      0   0.000E+00   5.000E-02
   4  21   0   0   4      0      0   0.000E+00   5.000E-02
   4  22  -1   0   1      0      0   1.914E-01   2.000E-01
  F  1  7  0.  0.
   4  23   0   0   4      0      0   0.000E+00   5.000E-02
   4  24   0   0   4      0      0   0.000E+00   5.000E-02
   4  25   0   0   4      0      0   0.000E+00   5.000E-02
   4  26   0   0   4      0      0   0.000E+00   5.000E-02
   4  27   0   0   4      0      0   0.000E+00   5.000E-02
   4  28  -1   0   1      0      0   8.500E-01   2.000E-01
  F  1  7  0.  0.
   4  29   0   0   4      0      0   0.000E+00   5.000E-02
   5   6   0   0   4      0      0   0.000E+00   5.000E-02
   5   7   0   0   4      0      0   0.000E+00   5.000E-02
   5   8   0   0   4      0      0   0.000E+00   5.000E-02
   5   9   0   0   4      0      0   0.000E+00   5.000E-02
   5  10   0   0   4      0      0   0.000E+00   5.000E-02
   5  11   0   0   4      0      0   0.000E+00   5.000E-02
   5  12  -1   0   1      0      0   1.660E-01   2.000E-01
  F  1  7  0.  0.
   5  13   0   0   4      0      0   0.000E+00   5.000E-02
   5  14  -1   0   1      0      0   1.740E-03   2.000E-01
  F  1  7  0.  0.
   5  15   0   0   4      0      0   0.000E+00   5.000E-02
   5  16   0   0   4      0      0   0.000E+00   5.000E-02
   5  17  -1   0   1      0      0   3.693E-03   2.000E-01
  F  1  7  0.  0.
   5  18   0   0   4      0      0   0.000E+00   5.000E-02
   5  19   0   0   4      0      0   0.000E+00   5.000E-02
   5  20   0   0   4      0      0   0.000E+00   5.000E-02
   5  21   0   0   4      0      0   0.000E+00   5.000E-02
   5  22   0   0   4      0      0   0.000E+00   5.000E-02
   5  23  -1   0   1      0      0   4.032E-02   2.000E-01
  F  1  7  0.  0.
   5  24   0   0   4      0      0   0.000E+00   5.000E-02
   5  25   0   0   4      0      0   0.000E+00   5.000E-02
   5  26  -1   0   1      0      0   3.132E-03   2.000E-01
  F  1  7  0.  0.
   5  27   0   0   4      0      0   0.000E+00   5.000E-02
   5  28  -1   0   1      0      0   3.865E-01   2.000E-01
  F  1  7  0.  0.
   5  29  -1   0   1      0      0   2.467E-03   2.000E-01
  F  1  7  0.  0.
   6   7   0   0   4      0      0   0.000E+00   5.000E-02
   6   8   0   0   4      0      0   0.000E+00   5.000E-02
   6   9   0   0   4      0      0   0.000E+00   5.000E-02
   6  10   0   0   4      0      0   0.000E+00   5.000E-02
   6  11   0   0   4      0      0   0.000E+00   5.000E-02
   6  12  -1   0   1      0      0   5.522E-02   2.000E-01
  F  1  7  0.  0.
   6  13   0   0   4      0      0   0.000E+00   5.000E-02
   6  14  -1   0   1      0      0   7.000E-03   2.000E-01
  F  1  7  0.  0.
   6  15  -1   0   1      0      0   6.711E-03   2.000E-01
  F  1  7  0.  0.
   6  16   0   0   4      0      0   0.000E+00   5.000E-02
   6  17  -1   0   1      0      0   9.756E-04   2.000E-01
  F  1  7  0.  0.
   6  18   0   0   4      0      0   0.000E+00   5.000E-02
   6  19   0   0   4      0      0   0.000E+00   5.000E-02
   6  20   0   0   4      0      0   0.000E+00   5.000E-02
   6  21   0   0   4      0      0   0.000E+00   5.000E-02
   6  22   0   0   4      0      0   0.000E+00   5.000E-02
   6  23  -1   0   1      0      0   6.837E-02   2.000E-01
  F  1  7  0.  0.
   6  24   0   0   4      0      0   0.000E+00   5.000E-02
   6  25   0   0   4      0      0   0.000E+00   5.000E-02
   6  26  -1   0   1      0      0   2.022E-03   2.000E-01
  F  1  7  0.  0.
   6  27   0   0   4      0      0   0.000E+00   5.000E-02
   6  28  -1   0   1      0      0   4.032E-01   2.000E-01
  F  1  7  0.  0.
   6  29  -1   0   1      0      0   2.303E-03   2.000E-01
  F  1  7  0.  0.
   7   8   0   0   4      0      0   0.000E+00   5.000E-02
   7   9   0   0   4      0      0   0.000E+00   5.000E-02
   7  10   0   0   4      0      0   0.000E+00   5.000E-02
   7  11   0   0   4      0      0   0.000E+00   5.000E-02
   7  12   0   0   4      0      0   0.000E+00   5.000E-02
   7  13  -1   0   1      0      0   5.560E-03   2.000E-01
  F  1  7  0.  0.
   7  14   0   0   4      0      0   0.000E+00   5.000E-02
   7  15   0   0   4      0      0   0.000E+00   5.000E-02
   7  16  -1   0   1      0      0   2.620E-01   2.000E-01
  F  1  7  0.  0.
   7  17   0   0   4      0      0   0.000E+00   5.000E-02
   7  18  -1   0   1      0      0   8.360E-04   2.000E-01
  F  1  7  0.  0.
   7  19   0   0   4      0      0   0.000E+00   5.000E-02
   7  20   0   0   4      0      0   0.000E+00   5.000E-02
   7  21   0   0   4      0      0   0.000E+00   5.000E-02
   7  22   0   0   4      0      0   0.000E+00   5.000E-02
   7  23   0   0   4      0      0   0.000E+00   5.000E-02
   7  24  -1   0   1      0      0   3.310E-03   2.000E-01
  F  1  7  0.  0.
   7  25   0   0   4      0      0   0.000E+00   5.000E-02
   7  26   0   0   4      0      0   0.000E+00   5.000E-02
   7  27  -1   0   1      0      0   4.174E-03   2.000E-01
  F  1  7  0.  0.
   7  28  -1   0   1      0      0   5.913E-02   2.000E-01
  F  1  7  0.  0.
   7  29  -1   0   1      0      0   3.216E-03   2.000E-01
  F  1  7  0.  0.
   8   9   0   0   4      0      0   0.000E+00   5.000E-02
   8  10   0   0   4      0      0   0.000E+00   5.000E-02
   8  11   0   0   4      0      0   0.000E+00   5.000E-02
   8  12  -1   0   1      0      0   2.530E-01   7.000E-01
  F  1  7  0.  0.
   8  13   0   0   4      0      0   0.000E+00   5.000E-02
   8  14   0   0   4      0      0   0.000E+00   5.000E-02
   8  15  -1   0   1      0      0   8.468E-01   2.000E-01
  F  1  7  0.  0.
   8  16   0   0   4      0      0   0.000E+00   5.000E-02
   8  17  -1   0   1      0      0   5.067E-04   2.000E-01
  F  1  7  0.  0.
   8  18   0   0   4      0      0   0.000E+00   5.000E-02
   8  19   0   0   4      0      0   0.000E+00   5.000E-02
   8  20   0   0   4      0      0   0.000E+00   5.000E-02
   8  21   0   0   4      0      0   0.000E+00   5.000E-02
   8  22   0   0   4      0      0   0.000E+00   5.000E-02
   8  23  -1   0   1      0      0   1.524E-01   2.000E-01
  F  1  7  0.  0.
   8  24   0   0   4      0      0   0.000E+00   5.000E-02
   8  25   0   0   4      0      0   0.000E+00   5.000E-02
   8  26   0   0   4      0      0   0.000E+00   5.000E-02
   8  27   0   0   4      0      0   0.000E+00   5.000E-02
   8  28  -1   0   1      0      0   1.771E-01   2.000E-01
  F  1  7  0.  0.
   8  29  -1   0   1      0      0   2.591E-02   2.000E-01
  F  1  7  0.  0.
   9  10   0   0   4      0      0   0.000E+00   5.000E-02
   9  11   0   0   4      0      0   0.000E+00   5.000E-02
   9  12   0   0   4      0      0   0.000E+00   5.000E-02
   9  13  -1   0   1      0      0   7.967E-03   7.000E-01
  F  1  7  0.  0.
   9  14   0   0   4      0      0   0.000E+00   5.000E-02
   9  15   0   0   4      0      0   0.000E+00   5.000E-02
   9  16  -1   0   1      0      0   5.967E-02   2.000E-01
  F  1  7  0.  0.
   9  17   0   0   4      0      0   0.000E+00   5.000E-02
   9  18  -1   0   1      0      0   2.423E-02   2.000E-01
  F  1  7  0.  0.
   9  19  -1   0   1      0      0   1.313E-02   2.000E-01
  F  1  7  0.  0.
   9  20   0   0   4      0      0   0.000E+00   5.000E-02
   9  21  -1   0   1      0      0   1.707E-01   2.000E-01
  F  1  7  0.  0.
   9  22   0   0   4      0      0   0.000E+00   5.000E-02
   9  23   0   0   4      0      0   0.000E+00   5.000E-02
   9  24  -1   0   1      0      0   2.281E-03   2.000E-01
  F  1  7  0.  0.
   9  25   0   0   4      0      0   0.000E+00   5.000E-02
   9  26   0   0   4      0      0   0.000E+00   5.000E-02
   9  27  -1   0   1      0      0   1.077E-03   2.000E-01
  F  1  7  0.  0.
   9  28  -1   0   1      0      0   2.257E-02   2.000E-01
  F  1  7  0.  0.
   9  29  -1   0   1      0      0   3.177E-03   2.000E-01
  F  1  7  0.  0.
  10  11   0   0   4      0      0   0.000E+00   5.000E-02
  10  12  -1   0   1      0      0   6.289E-04   7.000E-01
  F  1  7  0.  0.
  10  13   0   0   4      0      0   0.000E+00   5.000E-02
  10  14  -1   0   1      0      0   3.456E-01   7.000E-01
  F  1  7  0.  0.
  10  15  -1   0   1      0      0   7.156E-02   7.000E-01
  F  1  7  0.  0.
  10  16   0   0   4      0      0   0.000E+00   5.000E-02
  10  17  -1   0   1      0      0   2.756E-01   7.000E-01
  F  1  7  0.  0.
  10  18   0   0   4      0      0   0.000E+00   5.000E-02
  10  19   0   0   4      0      0   0.000E+00   5.000E-02
  10  20   0   0   4      0      0   0.000E+00   5.000E-02
  10  21   0   0   4      0      0   0.000E+00   5.000E-02
  10  22   0   0   4      0      0   0.000E+00   5.000E-02
  10  23  -1   0   1      0      0   9.720E-02   2.000E-01
  F  1  7  0.  0.
  10  24   0   0   4      0      0   0.000E+00   5.000E-02
  10  25   0   0   4      0      0   0.000E+00   5.000E-02
  10  26  -1   0   1      0      0   9.900E-04   2.000E-01
  F  1  7  0.  0.
  10  27   0   0   4      0      0   0.000E+00   5.000E-02
  10  28  -1   0   1      0      0   1.623E-01   2.000E-01
  F  1  7  0.  0.
  10  29  -1   0   1      0      0   1.026E-02   2.000E-01
  F  1  7  0.  0.
  11  12   0   0   4      0      0   0.000E+00   5.000E-02
  11  13  -1   0   1      0      0   1.450E-01   7.000E-01
  F  1  7  0.  0.
  11  14   0   0   4      0      0   0.000E+00   5.000E-02
  11  15   0   0   4      0      0   0.000E+00   5.000E-02
  11  16  -1   0   1      0      0   3.467E-04   7.000E-01
  F  1  7  0.  0.
  11  17   0   0   4      0      0   0.000E+00   5.000E-02
  11  18  -1   0   1      0      0   4.900E-01   7.000E-01
  F  1  7  0.  0.
  11  19  -1   0   1      0      0   1.117E-01   7.000E-01
  F  1  7  0.  0.
  11  20   0   0   4      0      0   0.000E+00   5.000E-02
  11  21  -1   0   1      0      0   1.303E-03   2.000E-01
  F  1  7  0.  0.
  11  22   0   0   4      0      0   0.000E+00   5.000E-02
  11  23   0   0   4      0      0   0.000E+00   5.000E-02
  11  24  -1   0   1      0      0   7.317E-02   2.000E-01
  F  1  7  0.  0.
  11  25   0   0   4      0      0   0.000E+00   5.000E-02
  11  26   0   0   4      0      0   0.000E+00   5.000E-02
  11  27  -1   0   1      0      0   1.093E-03   2.000E-01
  F  1  7  0.  0.
  11  28  -1   0   1      0      0   9.913E-02   2.000E-01
  F  1  7  0.  0.
  11  29  -1   0   1      0      0   2.954E-02   2.000E-01
  F  1  7  0.  0.
  12  13   0   0   4      0      0   0.000E+00   5.000E-02
  12  14   0   0   4      0      0   0.000E+00   5.000E-02
  12  15   0   0   4      0      0   0.000E+00   5.000E-02
  12  16   0   0   4      0      0   0.000E+00   5.000E-02
  12  17   0   0   4      0      0   0.000E+00   5.000E-02
  12  18   0   0   4      0      0   0.000E+00   5.000E-02
  12  19   0   0   4      0      0   0.000E+00   5.000E-02
  12  20  -1   0   1      0      0   2.694E-03   7.000E-01
  F  1  7  0.  0.
  12  21   0   0   4      0      0   0.000E+00   5.000E-02
  12  22   0   0   4      0      0   0.000E+00   5.000E-02
  12  23  -1   0   1      0      0   1.579E-03   2.000E-01
  F  1  7  0.  0.
  12  24   0   0   4      0      0   0.000E+00   5.000E-02
  12  25   0   0   4      0      0   0.000E+00   5.000E-02
  12  26  -1   0   1      0      0   3.262E-02   2.000E-01
  F  1  7  0.  0.
  12  27   0   0   4      0      0   0.000E+00   5.000E-02
  12  28  -1   0   1      0      0   5.251E-04   2.000E-01
  F  1  7  0.  0.
  12  29  -1   0   1      0      0   1.397E-04   2.000E-01
  F  1  7  0.  0.
  13  14   0   0   4      0      0   0.000E+00   5.000E-02
  13  15   0   0   4      0      0   0.000E+00   5.000E-02
  13  16   0   0   4      0      0   0.000E+00   5.000E-02
  13  17   0   0   4      0      0   0.000E+00   5.000E-02
  13  18   0   0   4      0      0   0.000E+00   5.000E-02
  13  19   0   0   4      0      0   0.000E+00   5.000E-02
  13  20   0   0   4      0      0   0.000E+00   5.000E-02
  13  21  -1   0   1      0      0   5.803E-01   7.000E-01
  F  1  7  0.  0.
  13  22   0   0   4      0      0   0.000E+00   5.000E-02
  13  23   0   0   4      0      0   0.000E+00   5.000E-02
  13  24  -1   0   1      0      0   9.933E-02   2.000E-01
  F  1  7  0.  0.
  13  25   0   0   4      0      0   0.000E+00   5.000E-02
  13  26   0   0   4      0      0   0.000E+00   5.000E-02
  13  27  -1   0   1      0      0   8.003E-02   2.000E-01
  F  1  7  0.  0.
  13  28  -1   0   1      0      0   6.483E-02   2.000E-01
  F  1  7  0.  0.
  13  29  -1   0   1      0      0   3.707E-02   2.000E-01
  F  1  7  0.  0.
  14  15   0   0   4      0      0   0.000E+00   5.000E-02
  14  16   0   0   4      0      0   0.000E+00   5.000E-02
  14  17   0   0   4      0      0   0.000E+00   5.000E-02
  14  18   0   0   4      0      0   0.000E+00   5.000E-02
  14  19   0   0   4      0      0   0.000E+00   5.000E-02
  14  20  -1   0   1      0      0   5.441E-01   7.000E-01
  F  1  7  0.  0.
  14  21   0   0   4      0      0   0.000E+00   5.000E-02
  14  22   0   0   4      0      0   0.000E+00   5.000E-02
  14  23  -1   0   1      0      0   1.067E-01   2.000E-01
  F  1  7  0.  0.
  14  24   0   0   4      0      0   0.000E+00   5.000E-02
  14  25   0   0   4      0      0   0.000E+00   5.000E-02
  14  26  -1   0   1      0      0   1.124E-01   2.000E-01
  F  1  7  0.  0.
  14  27   0   0   4      0      0   0.000E+00   5.000E-02
  14  28  -1   0   1      0      0   7.143E-02   2.000E-01
  F  1  7  0.  0.
  14  29  -1   0   1      0      0   3.603E-02   2.000E-01
  F  1  7  0.  0.
  15  16   0   0   4      0      0   0.000E+00   5.000E-02
  15  17   0   0   4      0      0   0.000E+00   5.000E-02
  15  18   0   0   4      0      0   0.000E+00   5.000E-02
  15  19   0   0   4      0      0   0.000E+00   5.000E-02
  15  20  -1   0   1      0      0   6.567E-01   7.000E-01
  F  1  7  0.  0.
  15  21   0   0   4      0      0   0.000E+00   5.000E-02
  15  22   0   0   4      0      0   0.000E+00   5.000E-02
  15  23  -1   0   1      0      0   1.180E+00   2.000E-01
  F  1  7  0.  0.
  15  24   0   0   4      0      0   0.000E+00   5.000E-02
  15  25   0   0   4      0      0   0.000E+00   5.000E-02
  15  26  -1   0   1      0      0   7.900E-02   2.000E-01
  F  1  7  0.  0.
  15  27   0   0   4      0      0   0.000E+00   5.000E-02
  15  28  -1   0   1      0      0   5.720E-02   2.000E-01
  F  1  7  0.  0.
  15  29  -1   0   1      0      0   3.123E-02   2.000E-01
  F  1  7  0.  0.
  16  17   0   0   4      0      0   0.000E+00   5.000E-02
  16  18   0   0   4      0      0   0.000E+00   5.000E-02
  16  19   0   0   4      0      0   0.000E+00   5.000E-02
  16  20   0   0   4      0      0   0.000E+00   5.000E-02
  16  21  -1   0   1      0      0   1.351E-03   7.000E-01
  F  1  7  0.  0.
  16  22   0   0   4      0      0   0.000E+00   5.000E-02
  16  23   0   0   4      0      0   0.000E+00   5.000E-02
  16  24  -1   0   1      0      0   3.440E-04   2.000E-01
  F  1  7  0.  0.
  16  25   0   0   4      0      0   0.000E+00   5.000E-02
  16  26   0   0   4      0      0   0.000E+00   5.000E-02
  16  27  -1   0   1      0      0   3.539E-04   2.000E-01
  F  1  7  0.  0.
  16  28  -1   0   1      0      0   2.832E-04   2.000E-01
  F  1  7  0.  0.
  16  29  -1   0   1      0      0   2.293E-04   2.000E-01
  F  1  7  0.  0.
  17  18   0   0   4      0      0   0.000E+00   5.000E-02
  17  19   0   0   4      0      0   0.000E+00   5.000E-02
  17  20  -1   0   1      0      0   4.618E-01   7.000E-01
  F  1  7  0.  0.
  17  21   0   0   4      0      0   0.000E+00   5.000E-02
  17  22   0   0   4      0      0   0.000E+00   5.000E-02
  17  23  -1   0   1      0      0   1.610E-01   2.000E-01
  F  1  7  0.  0.
  17  24   0   0   4      0      0   0.000E+00   5.000E-02
  17  25   0   0   4      0      0   0.000E+00   5.000E-02
  17  26  -1   0   1      0      0   2.104E-01   2.000E-01
  F  1  7  0.  0.
  17  27   0   0   4      0      0   0.000E+00   5.000E-02
  17  28  -1   0   1      0      0   7.822E-02   2.000E-01
  F  1  7  0.  0.
  17  29  -1   0   1      0      0   3.607E-02   2.000E-01
  F  1  7  0.  0.
  18  19   0   0   4      0      0   0.000E+00   5.000E-02
  18  20   0   0   4      0      0   0.000E+00   5.000E-02
  18  21  -1   0   1      0      0   5.009E-01   7.000E-01
  F  1  7  0.  0.
  18  22   0   0   4      0      0   0.000E+00   5.000E-02
  18  23   0   0   4      0      0   0.000E+00   5.000E-02
  18  24  -1   0   1      0      0   1.526E-01   2.000E-01
  F  1  7  0.  0.
  18  25   0   0   4      0      0   0.000E+00   5.000E-02
  18  26   0   0   4      0      0   0.000E+00   5.000E-02
  18  27  -1   0   1      0      0   1.488E-01   2.000E-01
  F  1  7  0.  0.
  18  28  -1   0   1      0      0   8.868E-02   2.000E-01
  F  1  7  0.  0.
  18  29  -1   0   1      0      0   4.589E-02   2.000E-01
  F  1  7  0.  0.
  19  20   0   0   4      0      0   0.000E+00   5.000E-02
  19  21  -1   0   1      0      0   4.720E-01   7.000E-01
  F  1  7  0.  0.
  19  22   0   0   4      0      0   0.000E+00   5.000E-02
  19  23   0   0   4      0      0   0.000E+00   5.000E-02
  19  24  -1   0   1      0      0   1.410E-01   2.000E-01
  F  1  7  0.  0.
  19  25   0   0   4      0      0   0.000E+00   5.000E-02
  19  26   0   0   4      0      0   0.000E+00   5.000E-02
  19  27  -1   0   1      0      0   1.980E-01   2.000E-01
  F  1  7  0.  0.
  19  28  -1   0   1      0      0   9.320E-02   2.000E-01
  F  1  7  0.  0.
  19  29  -1   0   1      0      0   4.232E-02   2.000E-01
  F  1  7  0.  0.
  20  21   0   0   4      0      0   0.000E+00   5.000E-02
  20  22   0   0   4      0      0   0.000E+00   5.000E-02
  20  23  -1   0   1      0      0   9.374E-02   2.000E-01
  F  1  7  0.  0.
  20  24   0   0   4      0      0   0.000E+00   5.000E-02
  20  25   0   0   4      0      0   0.000E+00   5.000E-02
  20  26  -1   0   1      0      0   8.691E-01   2.000E-01
  F  1  7  0.  0.
  20  27   0   0   4      0      0   0.000E+00   5.000E-02
  20  28  -1   0   1      0      0   1.689E-01   2.000E-01
  F  1  7  0.  0.
  20  29  -1   0   1      0      0   5.970E-02   2.000E-01
  F  1  7  0.  0.
  21  22   0   0   4      0      0   0.000E+00   5.000E-02
  21  23   0   0   4      0      0   0.000E+00   5.000E-02
  21  24  -1   0   1      0      0   8.897E-02   2.000E-01
  F  1  7  0.  0.
  21  25   0   0   4      0      0   0.000E+00   5.000E-02
  21  26   0   0   4      0      0   0.000E+00   5.000E-02
  21  27  -1   0   1      0      0   8.751E-01   2.000E-01
  F  1  7  0.  0.
  21  28  -1   0   1      0      0   1.541E-01   2.000E-01
  F  1  7  0.  0.
  21  29  -1   0   1      0      0   5.083E-02   2.000E-01
  F  1  7  0.  0.
  22  23   0   0   4      0      0   0.000E+00   5.000E-02
  22  24   0   0   4      0      0   0.000E+00   5.000E-02
  22  25  -1   0   1      0      0   7.573E-01   2.000E-01
  F  1  7  0.  0.
  22  26   0   0   4      0      0   0.000E+00   5.000E-02
  22  27   0   0   4      0      0   0.000E+00   5.000E-02
  22  28   0   0   4      0      0   0.000E+00   5.000E-02
  22  29   0   0   4      0      0   0.000E+00   5.000E-02
  23  24   0   0   4      0      0   0.000E+00   5.000E-02
  23  25   0   0   4      0      0   0.000E+00   5.000E-02
  23  26  -1   0   1      0      0   5.950E-01   7.000E-01
  F  1  7  0.  0.
  23  27   0   0   4      0      0   0.000E+00   5.000E-02
  23  28  -1   0   1      0      0   2.923E-01   2.000E-01
  F  1  7  0.  0.
  23  29  -1   0   1      0      0   5.642E-02   2.000E-01
  F  1  7  0.  0.
  24  25   0   0   4      0      0   0.000E+00   5.000E-02
  24  26   0   0   4      0      0   0.000E+00   5.000E-02
  24  27  -1   0   1      0      0   6.426E-01   7.000E-01
  F  1  7  0.  0.
  24  28  -1   0   1      0      0   2.379E-01   2.000E-01
  F  1  7  0.  0.
  24  29  -1   0   1      0      0   5.903E-02   2.000E-01
  F  1  7  0.  0.
  25  26   0   0   4      0      0   0.000E+00   5.000E-02
  25  27   0   0   4      0      0   0.000E+00   5.000E-02
  25  28  -1   0   1      0      0   5.343E-01   2.000E-01
  F  1  7  0.  0.
  25  29   0   0   4      0      0   0.000E+00   5.000E-02
  26  27   0   0   4      0      0   0.000E+00   5.000E-02
  26  28  -1   0   1      0      0   1.045E+00   2.000E-01
  F  1  7  0.  0.
  26  29  -1   0   1      0      0   1.579E-01   2.000E-01
  F  1  7  0.  0.
  27  28  -1   0   1      0      0   1.194E+00   2.000E-01
  F  1  7  0.  0.
  27  29  -1   0   1      0      0   1.929E-01   2.000E-01
  F  1  7  0.  0.
  28  29  -1   0   1      0      0   7.988E-01   2.000E-01
  F  1  7  0.  0.
