****** Levels
 1.87185041E+16      2.    2  'O IV 2Po 1'  0   0.   0  
 1.87069351E+16      4.    2  'O IV 2Po 1'  0   0.   0  
 1.65707606E+16     12.    2  'O IV 4Pe 1'  0   0.   0  
 1.49128781E+16     10.    2  'O IV 2De 1'  0   0.   0  
 1.37909227E+16      2.    2  'O IV 2Se 1'  0   0.   -102
 1.33029624E+16      6.    2  'O IV 2Pe 1'  0   0.   -102
 1.17771835E+16      4.    2  'O IV 4So 1'  0   0.   -102  
 1.10687588E+16     10.    2  'O IV 2Do 1'  0   0.   -102  
 1.00538713E+16      6.    2  'O IV 2Po 2'  0   0.   -102  
 7.99749557E+15      2.    3  'O IV 2Se 2'  0   0.   -102  
 7.02003112E+15      6.    3  'O IV 2Po 3'  0   0.   -102  
 6.14088961E+15     10.    3  'O IV 2De 2'  0   0.   -102  
 5.55506509E+15     12.    3  'O IV 4Po 1'  0   0.   -102  
 5.13841347E+15      6.    3  'O IV 2Po 4'  0   0.   -102 
 4.70902067E+15      6.    3  'O IV 2Pe 2'  0   0.   -102  
 4.67064723E+15     20.    3  'O IV 4De 1'  0   0.   -102  
 4.49390266E+15      4.    3  'O IV 4Se 1'  0   0.   -102  
 4.35859616E+15     12.    3  'O IV 4Pe 2'  0   0.   -102 
 4.24384967E+15     10.    4  'O IV 2De 3'  0   0.   -102  
 4.15384246E+15      2.    4  'O IV 2Se 3'  0   0.   -102  
 3.94191911E+15      2.    4  'O IV 2Se 4'  0   0.   -102  
 3.86783387E+15     28.    4  'O IV 4Fo 1'  0   0.   -102  
 3.73325054E+15     20.    4  'O IV 4Do 1'  0   0.   -102  
 3.72808664E+15      6.    4  'O IV 2Po 5'  0   0.   -102  
 3.68255650E+15     10.    4  'O IV 2Do 2'  0   0.   -102  
 3.60396504E+15     12.    4  'O IV 4Po 2'  0   0.   -102  
 3.41187773E+15     10.    4  'O IV 2De 4'  0   0.   -102  
 3.40269938E+15     14.    4  'O IV 2Fo 1'  0   0.   -102  
 3.33328600E+15     14.    4  'O IV 2Fo 2'  0   0.   -102  
 3.30098060E+15      6.    4  'O IV 2Po 6'  0   0.   -102  
 3.16857266E+15      6.    4  'O IV 2Po 7'  0   0.   -102  
 2.21757080E+15     68.    5  'O IV+2__ 1'  0   0.   -102  
 1.50906186E+15    108.    6  'O IV+2__ 2'  0   0.   -102  
 1.41940509E+15     60.    6  'O IV+4__ 3'  0   0.   -102  
 1.10896243E+15    116.    7  'O IV+2__ 4'  0   0.   -102  
 9.23415284E+14    144.    8  'O IV+4__ 5'  0   0.   -102  
 8.46940036E+14    130.    8  'O IV+2__ 6'  0   0.   -102  
 6.70776382E+14     60.    9  'O IV+2__ 7'  0   0.   -102  
 5.67831385E+14     68.   10  'O IV+___ 8'  0   0.   -102  
****** Continuum transitions
   1  40   1    106      0      0      0   2.924E-19   0.000E+00
   0.002   0.039   0.049   0.156   0.791   1.063
  -0.011  -0.000   0.201   0.053  -1.342  -2.144
   2  40   1    106      0      0      0   2.924E-19   0.000E+00
   0.002   0.039   0.049   0.156   0.791   1.063
  -0.011  -0.000   0.201   0.053  -1.342  -2.144
   3  40   1    105      0      0      0   1.288E-18   0.000E+00
   0.049   0.073   0.132   0.559   1.012
   0.412   0.306   0.243  -0.813  -2.018   
   4  40   1    106      0      0      0   3.204E-20   0.000E+00
  -0.003   0.049   0.052   0.154   0.612   1.051
  -0.982  -0.803   0.275   0.264  -0.813  -2.018
   5  40   1    107      0      0      0   1.813E-20   0.000E+00
  -0.003   0.052   0.057   0.129   0.199   0.567   1.060
  -1.225  -1.113   0.268   0.380   0.225  -0.634  -1.972
   6  40   1    108      0      0      0   1.657E-20   0.000E+00
  -0.003   0.057   0.059   0.114   0.121   0.176   0.587   1.065
  -1.176  -2.697  -0.247  -0.268   0.345   0.366  -0.627  -1.937
   7  40   1    112      0      0      0   2.739E-26   0.000E+00
   0.071   0.087   0.096   0.117   0.132   0.142   0.176   0.176   0.359   0.582
   0.772   0.980
  -2.345  -1.289   0.285  -2.176  -0.877  -1.796  -1.585   0.549   0.095  -0.539
  -1.130  -1.827
   8  40   1    108      0      0      0   4.338E-22   0.000E+00
  -0.001   0.062   0.069   0.104   0.111   0.196   0.201   1.006
  -2.828  -3.887  -1.644   0.672  -0.782   0.007   0.549  -1.817
   9  40   1    111      0      0      0   9.520E-22   0.000E+00
   0.002   0.042   0.064   0.074   0.096   0.124   0.189   0.221   0.258   0.644
   1.043
  -2.409  -0.384  -2.303  -1.387   0.039  -0.560  -0.120   0.479   0.479  -0.525
  -1.828
  10  40   1    107      0      0      0   1.754E-19   0.000E+00
  -0.002   0.094   0.183   0.375   0.642   1.144   1.301
  -0.232  -0.275  -0.416  -0.690  -1.183  -2.218  -2.697
  11  40   1    105      0      0      0   4.460E-19   0.000E+00
   0.002   0.184   0.388   0.784   1.193
   0.169  -0.162  -0.599  -1.606  -2.859
  12  40   1    105      0      0      0   7.060E-19   0.000E+00
   0.002   0.066   0.141   0.301   1.247
   0.363   0.035  -0.166  -0.725  -3.651
  13  40   1    103      0      0      0   3.764E-19   0.000E+00
   0.135   0.519   1.144
  -0.086  -0.614  -2.484
  14  40   1    109      0      0      0   8.456E-21   0.000E+00
   0.002   0.017   0.027   0.077   0.084   0.134   0.139   0.535   1.168
  -1.465  -0.747  -1.986  -1.394  -2.042  -1.916  -0.113  -0.648  -2.535
  15  40   1    107      0      0      0   1.847E-20   0.000E+00
  -0.002   0.034   0.148   0.155   0.354   0.756   1.358
  -1.169  -1.997  -2.331   0.204  -0.130  -0.975  -2.771
  16  40   1    105      0      0      0   1.051E-18   0.000E+00
   0.154   0.359   0.640   0.972   1.360
   0.246  -0.148  -0.789  -1.669  -2.880
  17  40   1    107      0      0      0   9.708E-19   0.000E+00
   0.154   0.277   0.361   0.605   0.849   1.114   1.378
   0.261   0.063  -0.141  -0.655  -1.261  -1.979  -2.859
  18  40   1    105      0      0      0   1.284E-18   0.000E+00
   0.164   0.371   0.673   1.056   1.385
   0.268  -0.190  -0.930  -1.951  -2.965
  19  40   1    106      0      0      0   1.988E-20   0.000E+00
  -0.005   0.158   0.165   0.375   0.792   1.393
  -1.169  -1.465   0.197  -0.155  -1.141  -2.887
  20  40   1    109      0      0      0   3.077E-19   0.000E+00
  -0.009   0.041   0.080   0.087   0.119   0.190   0.315   0.888   1.450
  -0.014   0.127   0.884  -0.982  -0.349  -0.261  -0.472  -1.563  -2.831
  21  40   1    108      0      0      0   2.877E-19   0.000E+00
  -0.009   0.030   0.084   0.101   0.169   0.173   0.788   1.429
   0.155  -0.606  -0.775  -1.324  -1.430   0.324  -1.092  -2.866
  22  40   1    104      0      0      0   2.458E-18   0.000E+00
   0.182   0.401   0.965   1.435
   0.357  -0.312  -2.204  -3.894
  23  40   1    103      0      0      0   2.723E-18   0.000E+00
   0.184   0.406   1.455
   0.334  -0.416  -4.218
  24  40   1    106      0      0      0   7.389E-19   0.000E+00
   0.005   0.116   0.119   0.333   0.902   1.454
   0.387   0.301   0.042  -0.352  -1.683  -3.298
  25  40   1    110      0      0      0   1.431E-22   0.000E+00
   0.002   0.027   0.041   0.077   0.105   0.183   0.187   0.443   1.030   1.450
  -3.247  -2.190  -4.127  -2.120  -2.859  -2.877   0.363  -0.377  -2.067  -3.405
  26  40   1    105      0      0      0   2.871E-18   0.000E+00
   0.184   0.424   0.918   1.238   1.463
   0.398  -0.363  -2.021  -3.278  -4.313
  27  40   1    108      0      0      0   7.601E-19   0.000E+00
   0.002   0.073   0.123   0.148   0.165   0.215   0.457   1.489
   0.394   0.014  -0.437   1.169   0.451   0.056  -0.775  -3.930
  28  40   1    108      0      0      0   2.571E-20   0.000E+00
   0.002   0.094   0.141   0.190   0.190   0.457   1.197   1.493
  -1.070  -1.254  -2.239  -1.141   0.197  -0.789  -3.310  -3.916
  29  40   1    111      0      0      0   2.985E-19   0.000E+00
   0.002   0.059   0.077   0.077   0.105   0.141   0.169   0.183   0.279   0.479
   1.489
  -0.014  -0.401  -1.211   0.426  -0.278  -0.947   0.708  -0.120  -0.718  -1.423
  -5.067
  30  40   1    109      0      0      0   4.564E-21   0.000E+00
   0.003   0.029   0.038   0.074   0.092   0.194   0.203   0.536   1.506
  -1.718  -0.718  -2.183  -1.141  -1.803  -1.437   0.296  -0.817  -3.535
  31  40   1    110      0      0      0   7.247E-21   0.000E+00
   0.005   0.023   0.055   0.094   0.105   0.219   0.368   0.375   0.738   1.397
  -1.468  -0.972  -1.120  -0.306  -0.940  -0.898  -1.236  -0.074  -0.602  -2.588
  32  40   1    112      0      0      0   6.123E-20   0.000E+00
  -0.002   0.176   0.203   0.243   0.301   0.341   0.363   0.452   0.483   0.630
   1.079   1.715
  -0.687  -1.032  -0.539  -1.266  -1.352  -0.354  -1.180  -1.549  -1.093  -1.352
  -2.437  -4.187
  33  40   1    108      0      0      0   4.693E-20   0.000E+00
   0.007   0.252   0.385   0.434   0.474   0.590   0.910   1.844
  -0.817  -1.204  -1.328  -0.729  -1.328  -1.398  -2.014  -4.567
  34  40   1    108      0      0      0   6.483E-27   0.000E+00
   0.342   0.363   0.470   0.577   0.697   0.722   1.278   1.875
  -1.243  -0.842  -0.989  -1.211  -1.423  -1.338  -2.447  -3.799
  35  40   1    108      0      0      0   7.129E-20   0.000E+00
  -0.002   0.447   0.554   0.581   0.683   0.790   0.932   1.964
  -0.620  -1.704  -0.972  -1.437  -1.634  -1.606  -2.028  -4.648
  36  40   1    110      0      0      0   9.344E-38   0.000E+00
   0.480   0.503   0.618   0.627   0.649   0.721   0.872   1.112   1.788   2.046
  -1.775  -1.000  -1.507  -0.211  -1.056  -1.507  -1.972  -2.662  -4.916  -5.493
  37  40   1    108      0      0      0   6.541E-20   0.000E+00
   0.002   0.493   0.520   0.728   0.888   0.909   1.523   2.078
  -0.666  -1.792  -1.035  -1.247  -1.810  -1.563  -2.901  -4.328
  38  40   1    108      0      0      0   1.636E-19   0.000E+00
   0.002   0.301   0.573   1.016   1.032   1.149   1.230   2.180
  -0.268  -1.000  -1.592  -2.408  -2.113  -2.000  -2.127  -4.887
  39  40   1    112      0      0      0   9.455E-20   0.000E+00
  -0.004   0.621   0.744   0.792   0.824   0.877   0.925   0.957   1.053   1.064
   1.673   2.270
  -0.493  -1.972  -1.690  -0.789  -2.282  -2.338  -1.394  -2.394  -2.535  -1.578
  -2.986  -4.592
*** Line transitions
   1   2   0   0   4      0      0   0.000E+00   5.000E-02
   1   3   0   0   4      0      0   0.000E+00   5.000E-02
   1   4  -1   1   1      0      0   1.110E-01   7.000E-01
  T  3   17  80.  0.
  5.9E+8  0.  0.  0.       0.
   1   5  -1   1   1      0      0   6.783E-02   7.000E-01
  T  3   17 160.  0.
  5.4E+9  0.  0.  0.       0.
   1   6  -1   1   1      0      0   3.383E-01   7.000E-01
  T  3   17 320.  0.
  8.3E+9  0.  0.  0.       0.
   1   7   0   0   4      0      0   0.000E+00   5.000E-02
   1   8   0   0   4      0      0   0.000E+00   5.000E-02
   1   9   0   0   4      0      0   0.000E+00   5.000E-02
   1  10  -1   0   1      0      0   3.133E-02   2.000E-01
  F  1  7  0.  0.
   1  11   0   0   4      0      0   0.000E+00   5.000E-02
   1  12  -1   0   1      0      0   5.033E-01   2.000E-01
  F  1  7  0.  0.
   1  13   0   0   4      0      0   0.000E+00   5.000E-02
   1  14   0   0   4      0      0   0.000E+00   5.000E-02
   1  15  -1   0   1      0      0   7.500E-02   2.000E-01
  F  1  7  0.  0.
   1  16   0   0   4      0      0   0.000E+00   5.000E-02
   1  17   0   0   4      0      0   0.000E+00   5.000E-02
   1  18   0   0   4      0      0   0.000E+00   5.000E-02
   1  19  -1   0   1      0      0   1.260E-01   2.000E-01
  F  1  7  0.  0.
   1  20  -1   0   1      0      0   2.250E-03   2.000E-01
  F  1  7  0.  0.
   1  21  -1   0   1      0      0   2.183E-02   2.000E-01
  F  1  7  0.  0.
   1  22   0   0   4      0      0   0.000E+00   5.000E-02
   1  23   0   0   4      0      0   0.000E+00   5.000E-02
   1  24   0   0   4      0      0   0.000E+00   5.000E-02
   1  25   0   0   4      0      0   0.000E+00   5.000E-02
   1  26   0   0   4      0      0   0.000E+00   5.000E-02
   1  27  -1   0   1      0      0   1.145E-01   2.000E-01
  F  1  7  0.  0.
   1  28   0   0   4      0      0   0.000E+00   5.000E-02
   1  29   0   0   4      0      0   0.000E+00   5.000E-02
   1  30   0   0   4      0      0   0.000E+00   5.000E-02
   1  31   0   0   4      0      0   0.000E+00   5.000E-02
   1  32  -1   0   1      0      0   9.447E-02   2.000E-01
  F  1  7  0.  0.
   1  33  -1   0   1      0      0   4.941E-02   2.000E-01
  F  1  7  0.  0.
   1  34   0   0   4      0      0   0.000E+00   5.000E-02
   1  35  -1   0   1      0      0   5.072E-02   2.000E-01
  F  1  7  0.  0.
   1  36   0   0   4      0      0   0.000E+00   5.000E-02
   1  37  -1   0   1      0      0   1.322E-02   2.000E-01
  F  1  7  0.  0.
   1  38  -1   0   1      0      0   7.527E-03   2.000E-01
  F  1  7  0.  0.
   1  39  -1   0   1      0      0   5.088E-03   2.000E-01
  F  1  7  0.  0.
   2   3   0   0   4      0      0   0.000E+00   5.000E-02
   2   4  -1   1   1      0      0   1.110E-01   7.000E-01
  T  3   17  80.  0.
  5.9E+8  0.  0.  0.       0.
   2   5  -1   1   1      0      0   6.783E-02   7.000E-01
  T  3   17 160.  0.
  5.4E+9  0.  0.  0.       0.
   2   6  -1   1   1      0      0   3.383E-01   7.000E-01
  T  3   17 320.  0.
  8.3E+9  0.  0.  0.       0.
   2   7   0   0   4      0      0   0.000E+00   5.000E-02
   2   8   0   0   4      0      0   0.000E+00   5.000E-02
   2   9   0   0   4      0      0   0.000E+00   5.000E-02
   2  10  -1   0   1      0      0   3.133E-02   2.000E-01
  F  1  7  0.  0.
   2  11   0   0   4      0      0   0.000E+00   5.000E-02
   2  12  -1   0   1      0      0   5.033E-01   2.000E-01
  F  1  7  0.  0.
   2  13   0   0   4      0      0   0.000E+00   5.000E-02
   2  14   0   0   4      0      0   0.000E+00   5.000E-02
   2  15  -1   0   1      0      0   7.500E-02   2.000E-01
  F  1  7  0.  0.
   2  16   0   0   4      0      0   0.000E+00   5.000E-02
   2  17   0   0   4      0      0   0.000E+00   5.000E-02
   2  18   0   0   4      0      0   0.000E+00   5.000E-02
   2  19  -1   0   1      0      0   1.260E-01   2.000E-01
  F  1  7  0.  0.
   2  20  -1   0   1      0      0   2.250E-03   2.000E-01
  F  1  7  0.  0.
   2  21  -1   0   1      0      0   2.183E-02   2.000E-01
  F  1  7  0.  0.
   2  22   0   0   4      0      0   0.000E+00   5.000E-02
   2  23   0   0   4      0      0   0.000E+00   5.000E-02
   2  24   0   0   4      0      0   0.000E+00   5.000E-02
   2  25   0   0   4      0      0   0.000E+00   5.000E-02
   2  26   0   0   4      0      0   0.000E+00   5.000E-02
   2  27  -1   0   1      0      0   1.145E-01   2.000E-01
  F  1  7  0.  0.
   2  28   0   0   4      0      0   0.000E+00   5.000E-02
   2  29   0   0   4      0      0   0.000E+00   5.000E-02
   2  30   0   0   4      0      0   0.000E+00   5.000E-02
   2  31   0   0   4      0      0   0.000E+00   5.000E-02
   2  32  -1   0   1      0      0   9.447E-02   2.000E-01
  F  1  7  0.  0.
   2  33  -1   0   1      0      0   4.941E-02   2.000E-01
  F  1  7  0.  0.
   2  34   0   0   4      0      0   0.000E+00   5.000E-02
   2  35  -1   0   1      0      0   5.072E-02   2.000E-01
  F  1  7  0.  0.
   2  36   0   0   4      0      0   0.000E+00   5.000E-02
   2  37  -1   0   1      0      0   1.322E-02   2.000E-01
  F  1  7  0.  0.
   2  38  -1   0   1      0      0   7.527E-03   2.000E-01
  F  1  7  0.  0.
   2  39  -1   0   1      0      0   5.088E-03   2.000E-01
  F  1  7  0.  0.
   3   4   0   0   4      0      0   0.000E+00   5.000E-02
   3   5   0   0   4      0      0   0.000E+00   5.000E-02
   3   6   0   0   4      0      0   0.000E+00   5.000E-02
   3   7  -1   0   1      0      0   1.258E-01   7.000E-01
  F  1  7  0.  0.
   3   8   0   0   4      0      0   0.000E+00   5.000E-02
   3   9   0   0   4      0      0   0.000E+00   5.000E-02
   3  10   0   0   4      0      0   0.000E+00   5.000E-02
   3  11   0   0   4      0      0   0.000E+00   5.000E-02
   3  12   0   0   4      0      0   0.000E+00   5.000E-02
   3  13  -1   0   1      0      0   1.150E-01   2.000E-01
  F  1  7  0.  0.
   3  14   0   0   4      0      0   0.000E+00   5.000E-02
   3  15   0   0   4      0      0   0.000E+00   5.000E-02
   3  16   0   0   4      0      0   0.000E+00   5.000E-02
   3  17   0   0   4      0      0   0.000E+00   5.000E-02
   3  18   0   0   4      0      0   0.000E+00   5.000E-02
   3  19   0   0   4      0      0   0.000E+00   5.000E-02
   3  20   0   0   4      0      0   0.000E+00   5.000E-02
   3  21   0   0   4      0      0   0.000E+00   5.000E-02
   3  22   0   0   4      0      0   0.000E+00   5.000E-02
   3  23  -1   0   1      0      0   7.175E-01   2.000E-01
  F  1  7  0.  0.
   3  24   0   0   4      0      0   0.000E+00   5.000E-02
   3  25   0   0   4      0      0   0.000E+00   5.000E-02
   3  26  -1   0   1      0      0   2.292E-01   2.000E-01
  F  1  7  0.  0.
   3  27   0   0   4      0      0   0.000E+00   5.000E-02
   3  28   0   0   4      0      0   0.000E+00   5.000E-02
   3  29   0   0   4      0      0   0.000E+00   5.000E-02
   3  30   0   0   4      0      0   0.000E+00   5.000E-02
   3  31   0   0   4      0      0   0.000E+00   5.000E-02
   3  32   0   0   4      0      0   0.000E+00   5.000E-02
   3  33   0   0   4      0      0   0.000E+00   5.000E-02
   3  34  -1   0   1      0      0   2.217E-02   2.000E-01
  F  1  7  0.  0.
   3  35   0   0   4      0      0   0.000E+00   5.000E-02
   3  36  -1   0   1      0      0   2.680E-01   2.000E-01
  F  1  7  0.  0.
   3  37   0   0   4      0      0   0.000E+00   5.000E-02
   3  38   0   0   4      0      0   0.000E+00   5.000E-02
   3  39  -1   0   1      0      0   3.125E-02   2.000E-01
  F  1  7  0.  0.
   4   5   0   0   4      0      0   0.000E+00   5.000E-02
   4   6   0   0   4      0      0   0.000E+00   5.000E-02
   4   7   0   0   4      0      0   0.000E+00   5.000E-02
   4   8  -1   0   1      0      0   1.330E-01   7.000E-01
  F  1  7  0.  0.
   4   9  -1   0   1      0      0   1.000E-01   7.000E-01
  F  1  7  0.  0.
   4  10   0   0   4      0      0   0.000E+00   5.000E-02
   4  11  -1   0   1      0      0   6.340E-03   2.000E-01
  F  1  7  0.  0.
   4  12   0   0   4      0      0   0.000E+00   5.000E-02
   4  13   0   0   4      0      0   0.000E+00   5.000E-02
   4  14  -1   0   1      0      0   4.240E-02   2.000E-01
  F  1  7  0.  0.
   4  15   0   0   4      0      0   0.000E+00   5.000E-02
   4  16   0   0   4      0      0   0.000E+00   5.000E-02
   4  17   0   0   4      0      0   0.000E+00   5.000E-02
   4  18   0   0   4      0      0   0.000E+00   5.000E-02
   4  19   0   0   4      0      0   0.000E+00   5.000E-02
   4  20   0   0   4      0      0   0.000E+00   5.000E-02
   4  21   0   0   4      0      0   0.000E+00   5.000E-02
   4  22   0   0   4      0      0   0.000E+00   5.000E-02
   4  23   0   0   4      0      0   0.000E+00   5.000E-02
   4  24  -1   0   1      0      0   6.620E-04   2.000E-01
  F  1  7  0.  0.
   4  25  -1   0   1      0      0   1.590E-01   2.000E-01
  F  1  7  0.  0.
   4  26   0   0   4      0      0   0.000E+00   5.000E-02
   4  27   0   0   4      0      0   0.000E+00   5.000E-02
   4  28  -1   0   1      0      0   4.450E-01   2.000E-01
  F  1  7  0.  0.
   4  29  -1   0   1      0      0   6.220E-03   2.000E-01
  F  1  7  0.  0.
   4  30  -1   0   1      0      0   9.740E-03   2.000E-01
  F  1  7  0.  0.
   4  31  -1   0   1      0      0   1.830E-02   2.000E-01
  F  1  7  0.  0.
   4  32  -1   0   1      0      0   1.678E-02   2.000E-01
  F  1  7  0.  0.
   4  33  -1   0   1      0      0   2.377E-01   2.000E-01
  F  1  7  0.  0.
   4  34   0   0   4      0      0   0.000E+00   5.000E-02
   4  35  -1   0   1      0      0   4.311E-03   2.000E-01
  F  1  7  0.  0.
   4  36   0   0   4      0      0   0.000E+00   5.000E-02
   4  37  -1   0   1      0      0   1.894E-01   2.000E-01
  F  1  7  0.  0.
   4  38  -1   0   1      0      0   2.250E-03   2.000E-01
  F  1  7  0.  0.
   4  39  -1   0   1      0      0   4.870E-06   2.000E-01
  F  1  7  0.  0.
   5   6   0   0   4      0      0   0.000E+00   5.000E-02
   5   7   0   0   4      0      0   0.000E+00   5.000E-02
   5   8   0   0   4      0      0   0.000E+00   5.000E-02
   5   9  -1   0   1      0      0   1.170E-01   7.000E-01
  F  1  7  0.  0.
   5  10   0   0   4      0      0   0.000E+00   5.000E-02
   5  11  -1   0   1      0      0   9.300E-03   2.000E-01
  F  1  7  0.  0.
   5  12   0   0   4      0      0   0.000E+00   5.000E-02
   5  13   0   0   4      0      0   0.000E+00   5.000E-02
   5  14  -1   0   1      0      0   7.650E-02   2.000E-01
  F  1  7  0.  0.
   5  15   0   0   4      0      0   0.000E+00   5.000E-02
   5  16   0   0   4      0      0   0.000E+00   5.000E-02
   5  17   0   0   4      0      0   0.000E+00   5.000E-02
   5  18   0   0   4      0      0   0.000E+00   5.000E-02
   5  19   0   0   4      0      0   0.000E+00   5.000E-02
   5  20   0   0   4      0      0   0.000E+00   5.000E-02
   5  21   0   0   4      0      0   0.000E+00   5.000E-02
   5  22   0   0   4      0      0   0.000E+00   5.000E-02
   5  23   0   0   4      0      0   0.000E+00   5.000E-02
   5  24  -1   0   1      0      0   8.550E-05   2.000E-01
  F  1  7  0.  0.
   5  25   0   0   4      0      0   0.000E+00   5.000E-02
   5  26   0   0   4      0      0   0.000E+00   5.000E-02
   5  27   0   0   4      0      0   0.000E+00   5.000E-02
   5  28   0   0   4      0      0   0.000E+00   5.000E-02
   5  29   0   0   4      0      0   0.000E+00   5.000E-02
   5  30  -1   0   1      0      0   7.200E-01   2.000E-01
  F  1  7  0.  0.
   5  31  -1   0   1      0      0   3.935E-04   2.000E-01
  F  1  7  0.  0.
   5  32  -1   0   1      0      0   1.710E-05   2.000E-01
  F  1  7  0.  0.
   5  33  -1   0   1      0      0   2.380E-02   2.000E-01
  F  1  7  0.  0.
   5  34   0   0   4      0      0   0.000E+00   5.000E-02
   5  35  -1   0   1      0      0   2.325E-01   2.000E-01
  F  1  7  0.  0.
   5  36   0   0   4      0      0   0.000E+00   5.000E-02
   5  37  -1   0   1      0      0   2.110E-01   2.000E-01
  F  1  7  0.  0.
   5  38  -1   0   1      0      0   1.960E-03   2.000E-01
  F  1  7  0.  0.
   5  39  -1   0   1      0      0   7.950E-04   2.000E-01
  F  1  7  0.  0.
   6   7   0   0   4      0      0   0.000E+00   5.000E-02
   6   8  -1   0   1      0      0   1.147E-01   7.000E-01
  F  1  7  0.  0.
   6   9  -1   0   1      0      0   1.683E-01   7.000E-01
  F  1  7  0.  0.
   6  10   0   0   4      0      0   0.000E+00   5.000E-02
   6  11  -1   0   1      0      0   1.028E-04   2.000E-01
  F  1  7  0.  0.
   6  12   0   0   4      0      0   0.000E+00   5.000E-02
   6  13   0   0   4      0      0   0.000E+00   5.000E-02
   6  14  -1   0   1      0      0   9.383E-03   2.000E-01
  F  1  7  0.  0.
   6  15   0   0   4      0      0   0.000E+00   5.000E-02
   6  16   0   0   4      0      0   0.000E+00   5.000E-02
   6  17   0   0   4      0      0   0.000E+00   5.000E-02
   6  18   0   0   4      0      0   0.000E+00   5.000E-02
   6  19   0   0   4      0      0   0.000E+00   5.000E-02
   6  20   0   0   4      0      0   0.000E+00   5.000E-02
   6  21   0   0   4      0      0   0.000E+00   5.000E-02
   6  22   0   0   4      0      0   0.000E+00   5.000E-02
   6  23   0   0   4      0      0   0.000E+00   5.000E-02
   6  24  -1   0   1      0      0   8.750E-04   2.000E-01
  F  1  7  0.  0.
   6  25  -1   0   1      0      0   1.175E-01   2.000E-01
  F  1  7  0.  0.
   6  26   0   0   4      0      0   0.000E+00   5.000E-02
   6  27   0   0   4      0      0   0.000E+00   5.000E-02
   6  28   0   0   4      0      0   0.000E+00   5.000E-02
   6  29   0   0   4      0      0   0.000E+00   5.000E-02
   6  30  -1   0   1      0      0   8.483E-02   2.000E-01
  F  1  7  0.  0.
   6  31  -1   0   1      0      0   3.617E-02   2.000E-01
  F  1  7  0.  0.
   6  32  -1   0   1      0      0   2.067E-03   2.000E-01
  F  1  7  0.  0.
   6  33  -1   0   1      0      0   4.582E-01   2.000E-01
  F  1  7  0.  0.
   6  34   0   0   4      0      0   0.000E+00   5.000E-02
   6  35  -1   0   1      0      0   1.712E-01   2.000E-01
  F  1  7  0.  0.
   6  36   0   0   4      0      0   0.000E+00   5.000E-02
   6  37  -1   0   1      0      0   1.824E-01   2.000E-01
  F  1  7  0.  0.
   6  38  -1   0   1      0      0   4.983E-04   2.000E-01
  F  1  7  0.  0.
   6  39  -1   0   1      0      0   2.617E-04   2.000E-01
  F  1  7  0.  0.
   7   8   0   0   4      0      0   0.000E+00   5.000E-02
   7   9   0   0   4      0      0   0.000E+00   5.000E-02
   7  10   0   0   4      0      0   0.000E+00   5.000E-02
   7  11   0   0   4      0      0   0.000E+00   5.000E-02
   7  12   0   0   4      0      0   0.000E+00   5.000E-02
   7  13   0   0   4      0      0   0.000E+00   5.000E-02
   7  14   0   0   4      0      0   0.000E+00   5.000E-02
   7  15   0   0   4      0      0   0.000E+00   5.000E-02
   7  16   0   0   4      0      0   0.000E+00   5.000E-02
   7  17  -1   0   1      0      0   8.468E-01   2.000E-01
  F  1  7  0.  0.
   7  18  -1   0   1      0      0   1.025E-04   2.000E-01
  F  1  7  0.  0.
   7  19   0   0   4      0      0   0.000E+00   5.000E-02
   7  20   0   0   4      0      0   0.000E+00   5.000E-02
   7  21   0   0   4      0      0   0.000E+00   5.000E-02
   7  22   0   0   4      0      0   0.000E+00   5.000E-02
   7  23   0   0   4      0      0   0.000E+00   5.000E-02
   7  24   0   0   4      0      0   0.000E+00   5.000E-02
   7  25   0   0   4      0      0   0.000E+00   5.000E-02
   7  26   0   0   4      0      0   0.000E+00   5.000E-02
   7  27   0   0   4      0      0   0.000E+00   5.000E-02
   7  28   0   0   4      0      0   0.000E+00   5.000E-02
   7  29   0   0   4      0      0   0.000E+00   5.000E-02
   7  30   0   0   4      0      0   0.000E+00   5.000E-02
   7  31   0   0   4      0      0   0.000E+00   5.000E-02
   7  32   0   0   4      0      0   0.000E+00   5.000E-02
   7  33   0   0   4      0      0   0.000E+00   5.000E-02
   7  34  -1   0   1      0      0   2.154E-01   2.000E-01
  F  1  7  0.  0.
   7  35   0   0   4      0      0   0.000E+00   5.000E-02
   7  36   0   0   4      0      0   0.000E+00   5.000E-02
   7  37   0   0   4      0      0   0.000E+00   5.000E-02
   7  38   0   0   4      0      0   0.000E+00   5.000E-02
   7  39   0   0   4      0      0   0.000E+00   5.000E-02
   8   9   0   0   4      0      0   0.000E+00   5.000E-02
   8  10   0   0   4      0      0   0.000E+00   5.000E-02
   8  11   0   0   4      0      0   0.000E+00   5.000E-02
   8  12  -1   0   1      0      0   3.740E-05   2.000E-01
  F  1  7  0.  0.
   8  13   0   0   4      0      0   0.000E+00   5.000E-02
   8  14   0   0   4      0      0   0.000E+00   5.000E-02
   8  15  -1   0   1      0      0   8.420E-03   2.000E-01
  F  1  7  0.  0.
   8  16   0   0   4      0      0   0.000E+00   5.000E-02
   8  17   0   0   4      0      0   0.000E+00   5.000E-02
   8  18   0   0   4      0      0   0.000E+00   5.000E-02
   8  19  -1   0   1      0      0   4.300E-03   2.000E-01
  F  1  7  0.  0.
   8  20   0   0   4      0      0   0.000E+00   5.000E-02
   8  21   0   0   4      0      0   0.000E+00   5.000E-02
   8  22   0   0   4      0      0   0.000E+00   5.000E-02
   8  23   0   0   4      0      0   0.000E+00   5.000E-02
   8  24   0   0   4      0      0   0.000E+00   5.000E-02
   8  25   0   0   4      0      0   0.000E+00   5.000E-02
   8  26   0   0   4      0      0   0.000E+00   5.000E-02
   8  27  -1   0   1      0      0   1.050E-04   2.000E-01
  F  1  7  0.  0.
   8  28   0   0   4      0      0   0.000E+00   5.000E-02
   8  29   0   0   4      0      0   0.000E+00   5.000E-02
   8  30   0   0   4      0      0   0.000E+00   5.000E-02
   8  31   0   0   4      0      0   0.000E+00   5.000E-02
   8  32  -1   0   1      0      0   1.401E-02   2.000E-01
  F  1  7  0.  0.
   8  33  -1   0   1      0      0   1.651E-02   2.000E-01
  F  1  7  0.  0.
   8  34   0   0   4      0      0   0.000E+00   5.000E-02
   8  35  -1   0   1      0      0   1.209E-02   2.000E-01
  F  1  7  0.  0.
   8  36   0   0   4      0      0   0.000E+00   5.000E-02
   8  37  -1   0   1      0      0   6.201E-02   2.000E-01
  F  1  7  0.  0.
   8  38  -1   0   1      0      0   7.186E-02   2.000E-01
  F  1  7  0.  0.
   8  39  -1   0   1      0      0   5.460E-09   2.000E-01
  F  1  7  0.  0.
   9  10  -1   0   1      0      0   1.087E-05   7.000E-01
  F  1  7  0.  0.
   9  11   0   0   4      0      0   0.000E+00   5.000E-02
   9  12  -1   0   1      0      0   3.750E-05   2.000E-01
  F  1  7  0.  0.
   9  13   0   0   4      0      0   0.000E+00   5.000E-02
   9  14   0   0   4      0      0   0.000E+00   5.000E-02
   9  15  -1   0   1      0      0   9.150E-05   2.000E-01
  F  1  7  0.  0.
   9  16   0   0   4      0      0   0.000E+00   5.000E-02
   9  17   0   0   4      0      0   0.000E+00   5.000E-02
   9  18   0   0   4      0      0   0.000E+00   5.000E-02
   9  19  -1   0   1      0      0   9.583E-03   2.000E-01
  F  1  7  0.  0.
   9  20  -1   0   1      0      0   5.567E-04   2.000E-01
  F  1  7  0.  0.
   9  21  -1   0   1      0      0   9.500E-03   2.000E-01
  F  1  7  0.  0.
   9  22   0   0   4      0      0   0.000E+00   5.000E-02
   9  23   0   0   4      0      0   0.000E+00   5.000E-02
   9  24   0   0   4      0      0   0.000E+00   5.000E-02
   9  25   0   0   4      0      0   0.000E+00   5.000E-02
   9  26   0   0   4      0      0   0.000E+00   5.000E-02
   9  27  -1   0   1      0      0   1.280E-05   2.000E-01
  F  1  7  0.  0.
   9  28   0   0   4      0      0   0.000E+00   5.000E-02
   9  29   0   0   4      0      0   0.000E+00   5.000E-02
   9  30   0   0   4      0      0   0.000E+00   5.000E-02
   9  31   0   0   4      0      0   0.000E+00   5.000E-02
   9  32  -1   0   1      0      0   8.641E-03   2.000E-01
  F  1  7  0.  0.
   9  33  -1   0   1      0      0   2.181E-02   2.000E-01
  F  1  7  0.  0.
   9  34   0   0   4      0      0   0.000E+00   5.000E-02
   9  35  -1   0   1      0      0   4.862E-03   2.000E-01
  F  1  7  0.  0.
   9  36   0   0   4      0      0   0.000E+00   5.000E-02
   9  37  -1   0   1      0      0   6.462E-02   2.000E-01
  F  1  7  0.  0.
   9  38  -1   0   1      0      0   4.192E-02   2.000E-01
  F  1  7  0.  0.
   9  39  -1   0   1      0      0   1.132E-06   2.000E-01
  F  1  7  0.  0.
  10  11  -1   0   1      0      0   5.450E-01   7.000E-01
  F  1  7  0.  0.
  10  12   0   0   4      0      0   0.000E+00   5.000E-02
  10  13   0   0   4      0      0   0.000E+00   5.000E-02
  10  14  -1   0   1      0      0   4.345E-02   2.000E-01
  F  1  7  0.  0.
  10  15   0   0   4      0      0   0.000E+00   5.000E-02
  10  16   0   0   4      0      0   0.000E+00   5.000E-02
  10  17   0   0   4      0      0   0.000E+00   5.000E-02
  10  18   0   0   4      0      0   0.000E+00   5.000E-02
  10  19   0   0   4      0      0   0.000E+00   5.000E-02
  10  20   0   0   4      0      0   0.000E+00   5.000E-02
  10  21   0   0   4      0      0   0.000E+00   5.000E-02
  10  22   0   0   4      0      0   0.000E+00   5.000E-02
  10  23   0   0   4      0      0   0.000E+00   5.000E-02
  10  24  -1   0   1      0      0   1.710E-01   2.000E-01
  F  1  7  0.  0.
  10  25   0   0   4      0      0   0.000E+00   5.000E-02
  10  26   0   0   4      0      0   0.000E+00   5.000E-02
  10  27   0   0   4      0      0   0.000E+00   5.000E-02
  10  28   0   0   4      0      0   0.000E+00   5.000E-02
  10  29   0   0   4      0      0   0.000E+00   5.000E-02
  10  30  -1   0   1      0      0   4.980E-03   2.000E-01
  F  1  7  0.  0.
  10  31  -1   0   1      0      0   4.995E-01   2.000E-01
  F  1  7  0.  0.
  10  32  -1   0   1      0      0   2.435E-02   2.000E-01
  F  1  7  0.  0.
  10  33  -1   0   1      0      0   1.454E-02   2.000E-01
  F  1  7  0.  0.
  10  34   0   0   4      0      0   0.000E+00   5.000E-02
  10  35  -1   0   1      0      0   9.740E-03   2.000E-01
  F  1  7  0.  0.
  10  36   0   0   4      0      0   0.000E+00   5.000E-02
  10  37  -1   0   1      0      0   2.593E-02   2.000E-01
  F  1  7  0.  0.
  10  38  -1   0   1      0      0   4.540E-03   2.000E-01
  F  1  7  0.  0.
  10  39  -1   0   1      0      0   3.190E-03   2.000E-01
  F  1  7  0.  0.
  11  12  -1   0   1      0      0   2.950E-01   7.000E-01
  F  1  7  0.  0.
  11  13   0   0   4      0      0   0.000E+00   5.000E-02
  11  14   0   0   4      0      0   0.000E+00   5.000E-02
  11  15  -1   0   1      0      0   1.205E-02   2.000E-01
  F  1  7  0.  0.
  11  16   0   0   4      0      0   0.000E+00   5.000E-02
  11  17   0   0   4      0      0   0.000E+00   5.000E-02
  11  18   0   0   4      0      0   0.000E+00   5.000E-02
  11  19  -1   0   1      0      0   5.767E-02   2.000E-01
  F  1  7  0.  0.
  11  20  -1   0   1      0      0   9.167E-02   2.000E-01
  F  1  7  0.  0.
  11  21  -1   0   1      0      0   2.283E-02   2.000E-01
  F  1  7  0.  0.
  11  22   0   0   4      0      0   0.000E+00   5.000E-02
  11  23   0   0   4      0      0   0.000E+00   5.000E-02
  11  24   0   0   4      0      0   0.000E+00   5.000E-02
  11  25   0   0   4      0      0   0.000E+00   5.000E-02
  11  26   0   0   4      0      0   0.000E+00   5.000E-02
  11  27  -1   0   1      0      0   2.533E-01   2.000E-01
  F  1  7  0.  0.
  11  28   0   0   4      0      0   0.000E+00   5.000E-02
  11  29   0   0   4      0      0   0.000E+00   5.000E-02
  11  30   0   0   4      0      0   0.000E+00   5.000E-02
  11  31   0   0   4      0      0   0.000E+00   5.000E-02
  11  32  -1   0   1      0      0   5.540E-01   2.000E-01
  F  1  7  0.  0.
  11  33  -1   0   1      0      0   4.117E-02   2.000E-01
  F  1  7  0.  0.
  11  34   0   0   4      0      0   0.000E+00   5.000E-02
  11  35  -1   0   1      0      0   3.149E-02   2.000E-01
  F  1  7  0.  0.
  11  36   0   0   4      0      0   0.000E+00   5.000E-02
  11  37  -1   0   1      0      0   1.763E-02   2.000E-01
  F  1  7  0.  0.
  11  38  -1   0   1      0      0   1.531E-02   2.000E-01
  F  1  7  0.  0.
  11  39  -1   0   1      0      0   7.088E-03   2.000E-01
  F  1  7  0.  0.
  12  13   0   0   4      0      0   0.000E+00   5.000E-02
  12  14  -1   0   1      0      0   1.060E-02   7.000E-01
  F  1  7  0.  0.
  12  15   0   0   4      0      0   0.000E+00   5.000E-02
  12  16   0   0   4      0      0   0.000E+00   5.000E-02
  12  17   0   0   4      0      0   0.000E+00   5.000E-02
  12  18   0   0   4      0      0   0.000E+00   5.000E-02
  12  19   0   0   4      0      0   0.000E+00   5.000E-02
  12  20   0   0   4      0      0   0.000E+00   5.000E-02
  12  21   0   0   4      0      0   0.000E+00   5.000E-02
  12  22   0   0   4      0      0   0.000E+00   5.000E-02
  12  23   0   0   4      0      0   0.000E+00   5.000E-02
  12  24  -1   0   1      0      0   4.930E-02   2.000E-01
  F  1  7  0.  0.
  12  25  -1   0   1      0      0   1.530E-05   2.000E-01
  F  1  7  0.  0.
  12  26   0   0   4      0      0   0.000E+00   5.000E-02
  12  27   0   0   4      0      0   0.000E+00   5.000E-02
  12  28  -1   0   1      0      0   3.970E-02   2.000E-01
  F  1  7  0.  0.
  12  29  -1   0   1      0      0   7.930E-01   2.000E-01
  F  1  7  0.  0.
  12  30  -1   0   1      0      0   5.370E-05   2.000E-01
  F  1  7  0.  0.
  12  31  -1   0   1      0      0   8.550E-04   2.000E-01
  F  1  7  0.  0.
  12  32  -1   0   1      0      0   8.890E-02   2.000E-01
  F  1  7  0.  0.
  12  33  -1   0   1      0      0   4.672E-01   2.000E-01
  F  1  7  0.  0.
  12  34   0   0   4      0      0   0.000E+00   5.000E-02
  12  35  -1   0   1      0      0   1.780E-01   2.000E-01
  F  1  7  0.  0.
  12  36   0   0   4      0      0   0.000E+00   5.000E-02
  12  37  -1   0   1      0      0   5.442E-02   2.000E-01
  F  1  7  0.  0.
  12  38  -1   0   1      0      0   2.221E-02   2.000E-01
  F  1  7  0.  0.
  12  39  -1   0   1      0      0   3.510E-05   2.000E-01
  F  1  7  0.  0.
  13  14   0   0   4      0      0   0.000E+00   5.000E-02
  13  15   0   0   4      0      0   0.000E+00   5.000E-02
  13  16  -1   0   1      0      0   2.900E-01   7.000E-01
  F  1  7  0.  0.
  13  17  -1   0   1      0      0   6.833E-02   7.000E-01
  F  1  7  0.  0.
  13  18  -1   0   1      0      0   2.625E-01   7.000E-01
  F  1  7  0.  0.
  13  19   0   0   4      0      0   0.000E+00   5.000E-02
  13  20   0   0   4      0      0   0.000E+00   5.000E-02
  13  21   0   0   4      0      0   0.000E+00   5.000E-02
  13  22   0   0   4      0      0   0.000E+00   5.000E-02
  13  23   0   0   4      0      0   0.000E+00   5.000E-02
  13  24   0   0   4      0      0   0.000E+00   5.000E-02
  13  25   0   0   4      0      0   0.000E+00   5.000E-02
  13  26   0   0   4      0      0   0.000E+00   5.000E-02
  13  27   0   0   4      0      0   0.000E+00   5.000E-02
  13  28   0   0   4      0      0   0.000E+00   5.000E-02
  13  29   0   0   4      0      0   0.000E+00   5.000E-02
  13  30   0   0   4      0      0   0.000E+00   5.000E-02
  13  31   0   0   4      0      0   0.000E+00   5.000E-02
  13  32   0   0   4      0      0   0.000E+00   5.000E-02
  13  33   0   0   4      0      0   0.000E+00   5.000E-02
  13  34  -1   0   1      0      0   3.083E-01   2.000E-01
  F  1  7  0.  0.
  13  35   0   0   4      0      0   0.000E+00   5.000E-02
  13  36  -1   0   1      0      0   3.750E-03   2.000E-01
  F  1  7  0.  0.
  13  37   0   0   4      0      0   0.000E+00   5.000E-02
  13  38   0   0   4      0      0   0.000E+00   5.000E-02
  13  39   0   0   4      0      0   0.000E+00   5.000E-02
  14  15  -1   0   1      0      0   7.467E-02   7.000E-01
  F  1  7  0.  0.
  14  16   0   0   4      0      0   0.000E+00   5.000E-02
  14  17   0   0   4      0      0   0.000E+00   5.000E-02
  14  18   0   0   4      0      0   0.000E+00   5.000E-02
  14  19  -1   0   1      0      0   2.833E-01   7.000E-01
  F  1  7  0.  0.
  14  20  -1   0   1      0      0   3.517E-02   7.000E-01
  F  1  7  0.  0.
  14  21  -1   0   1      0      0   5.750E-02   7.000E-01
  F  1  7  0.  0.
  14  22   0   0   4      0      0   0.000E+00   5.000E-02
  14  23   0   0   4      0      0   0.000E+00   5.000E-02
  14  24   0   0   4      0      0   0.000E+00   5.000E-02
  14  25   0   0   4      0      0   0.000E+00   5.000E-02
  14  26   0   0   4      0      0   0.000E+00   5.000E-02
  14  27  -1   0   1      0      0   6.817E-02   2.000E-01
  F  1  7  0.  0.
  14  28   0   0   4      0      0   0.000E+00   5.000E-02
  14  29   0   0   4      0      0   0.000E+00   5.000E-02
  14  30   0   0   4      0      0   0.000E+00   5.000E-02
  14  31   0   0   4      0      0   0.000E+00   5.000E-02
  14  32  -1   0   1      0      0   6.665E-02   2.000E-01
  F  1  7  0.  0.
  14  33  -1   0   1      0      0   2.483E-01   2.000E-01
  F  1  7  0.  0.
  14  34   0   0   4      0      0   0.000E+00   5.000E-02
  14  35  -1   0   1      0      0   5.367E-02   2.000E-01
  F  1  7  0.  0.
  14  36   0   0   4      0      0   0.000E+00   5.000E-02
  14  37  -1   0   1      0      0   1.102E-01   2.000E-01
  F  1  7  0.  0.
  14  38  -1   0   1      0      0   4.612E-04   2.000E-01
  F  1  7  0.  0.
  14  39  -1   0   1      0      0   1.172E-04   2.000E-01
  F  1  7  0.  0.
  15  16   0   0   4      0      0   0.000E+00   5.000E-02
  15  17   0   0   4      0      0   0.000E+00   5.000E-02
  15  18   0   0   4      0      0   0.000E+00   5.000E-02
  15  19   0   0   4      0      0   0.000E+00   5.000E-02
  15  20   0   0   4      0      0   0.000E+00   5.000E-02
  15  21   0   0   4      0      0   0.000E+00   5.000E-02
  15  22   0   0   4      0      0   0.000E+00   5.000E-02
  15  23   0   0   4      0      0   0.000E+00   5.000E-02
  15  24  -1   0   1      0      0   3.333E-03   7.000E-01
  F  1  7  0.  0.
  15  25  -1   0   1      0      0   2.717E-01   7.000E-01
  F  1  7  0.  0.
  15  26   0   0   4      0      0   0.000E+00   5.000E-02
  15  27   0   0   4      0      0   0.000E+00   5.000E-02
  15  28   0   0   4      0      0   0.000E+00   5.000E-02
  15  29   0   0   4      0      0   0.000E+00   5.000E-02
  15  30  -1   0   1      0      0   1.088E-01   2.000E-01
  F  1  7  0.  0.
  15  31  -1   0   1      0      0   1.352E-02   2.000E-01
  F  1  7  0.  0.
  15  32  -1   0   1      0      0   2.500E-03   2.000E-01
  F  1  7  0.  0.
  15  33  -1   0   1      0      0   1.023E-01   2.000E-01
  F  1  7  0.  0.
  15  34   0   0   4      0      0   0.000E+00   5.000E-02
  15  35  -1   0   1      0      0   1.447E-03   2.000E-01
  F  1  7  0.  0.
  15  36   0   0   4      0      0   0.000E+00   5.000E-02
  15  37  -1   0   1      0      0   2.652E-01   2.000E-01
  F  1  7  0.  0.
  15  38  -1   0   1      0      0   4.383E-06   2.000E-01
  F  1  7  0.  0.
  15  39  -1   0   1      0      0   1.258E-05   2.000E-01
  F  1  7  0.  0.
  16  17   0   0   4      0      0   0.000E+00   5.000E-02
  16  18   0   0   4      0      0   0.000E+00   5.000E-02
  16  19   0   0   4      0      0   0.000E+00   5.000E-02
  16  20   0   0   4      0      0   0.000E+00   5.000E-02
  16  21   0   0   4      0      0   0.000E+00   5.000E-02
  16  22  -1   0   1      0      0   2.310E-01   7.000E-01
  F  1  7  0.  0.
  16  23  -1   0   1      0      0   4.550E-02   7.000E-01
  F  1  7  0.  0.
  16  24   0   0   4      0      0   0.000E+00   5.000E-02
  16  25   0   0   4      0      0   0.000E+00   5.000E-02
  16  26  -1   0   1      0      0   1.425E-02   7.000E-01
  F  1  7  0.  0.
  16  27   0   0   4      0      0   0.000E+00   5.000E-02
  16  28   0   0   4      0      0   0.000E+00   5.000E-02
  16  29   0   0   4      0      0   0.000E+00   5.000E-02
  16  30   0   0   4      0      0   0.000E+00   5.000E-02
  16  31   0   0   4      0      0   0.000E+00   5.000E-02
  16  32   0   0   4      0      0   0.000E+00   5.000E-02
  16  33   0   0   4      0      0   0.000E+00   5.000E-02
  16  34  -1   0   1      0      0   9.100E-02   2.000E-01
  F  1  7  0.  0.
  16  35   0   0   4      0      0   0.000E+00   5.000E-02
  16  36  -1   0   1      0      0   3.194E-01   2.000E-01
  F  1  7  0.  0.
  16  37   0   0   4      0      0   0.000E+00   5.000E-02
  16  38   0   0   4      0      0   0.000E+00   5.000E-02
  16  39  -1   0   1      0      0   1.850E-01   2.000E-01
  F  1  7  0.  0.
  17  18   0   0   4      0      0   0.000E+00   5.000E-02
  17  19   0   0   4      0      0   0.000E+00   5.000E-02
  17  20   0   0   4      0      0   0.000E+00   5.000E-02
  17  21   0   0   4      0      0   0.000E+00   5.000E-02
  17  22   0   0   4      0      0   0.000E+00   5.000E-02
  17  23   0   0   4      0      0   0.000E+00   5.000E-02
  17  24   0   0   4      0      0   0.000E+00   5.000E-02
  17  25   0   0   4      0      0   0.000E+00   5.000E-02
  17  26  -1   0   1      0      0   3.850E-01   7.000E-01
  F  1  7  0.  0.
  17  27   0   0   4      0      0   0.000E+00   5.000E-02
  17  28   0   0   4      0      0   0.000E+00   5.000E-02
  17  29   0   0   4      0      0   0.000E+00   5.000E-02
  17  30   0   0   4      0      0   0.000E+00   5.000E-02
  17  31   0   0   4      0      0   0.000E+00   5.000E-02
  17  32   0   0   4      0      0   0.000E+00   5.000E-02
  17  33   0   0   4      0      0   0.000E+00   5.000E-02
  17  34  -1   0   1      0      0   3.625E-02   2.000E-01
  F  1  7  0.  0.
  17  35   0   0   4      0      0   0.000E+00   5.000E-02
  17  36  -1   0   1      0      0   2.900E-01   2.000E-01
  F  1  7  0.  0.
  17  37   0   0   4      0      0   0.000E+00   5.000E-02
  17  38   0   0   4      0      0   0.000E+00   5.000E-02
  17  39  -1   0   1      0      0   1.743E-01   2.000E-01
  F  1  7  0.  0.
  18  19   0   0   4      0      0   0.000E+00   5.000E-02
  18  20   0   0   4      0      0   0.000E+00   5.000E-02
  18  21   0   0   4      0      0   0.000E+00   5.000E-02
  18  22   0   0   4      0      0   0.000E+00   5.000E-02
  18  23  -1   0   1      0      0   1.650E-01   7.000E-01
  F  1  7  0.  0.
  18  24   0   0   4      0      0   0.000E+00   5.000E-02
  18  25   0   0   4      0      0   0.000E+00   5.000E-02
  18  26  -1   0   1      0      0   5.217E-02   7.000E-01
  F  1  7  0.  0.
  18  27   0   0   4      0      0   0.000E+00   5.000E-02
  18  28   0   0   4      0      0   0.000E+00   5.000E-02
  18  29   0   0   4      0      0   0.000E+00   5.000E-02
  18  30   0   0   4      0      0   0.000E+00   5.000E-02
  18  31   0   0   4      0      0   0.000E+00   5.000E-02
  18  32   0   0   4      0      0   0.000E+00   5.000E-02
  18  33   0   0   4      0      0   0.000E+00   5.000E-02
  18  34  -1   0   1      0      0   1.675E-01   2.000E-01
  F  1  7  0.  0.
  18  35   0   0   4      0      0   0.000E+00   5.000E-02
  18  36  -1   0   1      0      0   3.783E-01   2.000E-01
  F  1  7  0.  0.
  18  37   0   0   4      0      0   0.000E+00   5.000E-02
  18  38   0   0   4      0      0   0.000E+00   5.000E-02
  18  39  -1   0   1      0      0   9.225E-02   2.000E-01
  F  1  7  0.  0.
  19  20   0   0   4      0      0   0.000E+00   5.000E-02
  19  21   0   0   4      0      0   0.000E+00   5.000E-02
  19  22   0   0   4      0      0   0.000E+00   5.000E-02
  19  23   0   0   4      0      0   0.000E+00   5.000E-02
  19  24  -1   0   1      0      0   6.530E-03   7.000E-01
  F  1  7  0.  0.
  19  25  -1   0   1      0      0   2.760E-02   7.000E-01
  F  1  7  0.  0.
  19  26   0   0   4      0      0   0.000E+00   5.000E-02
  19  27   0   0   4      0      0   0.000E+00   5.000E-02
  19  28  -1   0   1      0      0   2.930E-01   7.000E-01
  F  1  7  0.  0.
  19  29  -1   0   1      0      0   5.520E-03   7.000E-01
  F  1  7  0.  0.
  19  30  -1   0   1      0      0   8.950E-03   7.000E-01
  F  1  7  0.  0.
  19  31  -1   0   1      0      0   3.640E-03   2.000E-01
  F  1  7  0.  0.
  19  32  -1   0   1      0      0   3.540E-03   2.000E-01
  F  1  7  0.  0.
  19  33  -1   0   1      0      0   1.296E-01   2.000E-01
  F  1  7  0.  0.
  19  34   0   0   4      0      0   0.000E+00   5.000E-02
  19  35  -1   0   1      0      0   2.093E-03   2.000E-01
  F  1  7  0.  0.
  19  36   0   0   4      0      0   0.000E+00   5.000E-02
  19  37  -1   0   1      0      0   2.443E-01   2.000E-01
  F  1  7  0.  0.
  19  38  -1   0   1      0      0   4.247E-04   2.000E-01
  F  1  7  0.  0.
  19  39  -1   0   1      0      0   1.470E-05   2.000E-01
  F  1  7  0.  0.
  20  21   0   0   4      0      0   0.000E+00   5.000E-02
  20  22   0   0   4      0      0   0.000E+00   5.000E-02
  20  23   0   0   4      0      0   0.000E+00   5.000E-02
  20  24  -1   0   1      0      0   8.650E-01   7.000E-01
  F  1  7  0.  0.
  20  25   0   0   4      0      0   0.000E+00   5.000E-02
  20  26   0   0   4      0      0   0.000E+00   5.000E-02
  20  27   0   0   4      0      0   0.000E+00   5.000E-02
  20  28   0   0   4      0      0   0.000E+00   5.000E-02
  20  29   0   0   4      0      0   0.000E+00   5.000E-02
  20  30  -1   0   1      0      0   1.490E-02   7.000E-01
  F  1  7  0.  0.
  20  31  -1   0   1      0      0   4.805E-02   2.000E-01
  F  1  7  0.  0.
  20  32  -1   0   1      0      0   8.900E-02   2.000E-01
  F  1  7  0.  0.
  20  33  -1   0   1      0      0   6.046E-02   2.000E-01
  F  1  7  0.  0.
  20  34   0   0   4      0      0   0.000E+00   5.000E-02
  20  35  -1   0   1      0      0   1.515E-02   2.000E-01
  F  1  7  0.  0.
  20  36   0   0   4      0      0   0.000E+00   5.000E-02
  20  37  -1   0   1      0      0   6.720E-02   2.000E-01
  F  1  7  0.  0.
  20  38  -1   0   1      0      0   6.900E-03   2.000E-01
  F  1  7  0.  0.
  20  39  -1   0   1      0      0   5.150E-03   2.000E-01
  F  1  7  0.  0.
  21  22   0   0   4      0      0   0.000E+00   5.000E-02
  21  23   0   0   4      0      0   0.000E+00   5.000E-02
  21  24  -1   0   1      0      0   4.165E-02   7.000E-01
  F  1  7  0.  0.
  21  25   0   0   4      0      0   0.000E+00   5.000E-02
  21  26   0   0   4      0      0   0.000E+00   5.000E-02
  21  27   0   0   4      0      0   0.000E+00   5.000E-02
  21  28   0   0   4      0      0   0.000E+00   5.000E-02
  21  29   0   0   4      0      0   0.000E+00   5.000E-02
  21  30  -1   0   1      0      0   2.745E-01   7.000E-01
  F  1  7  0.  0.
  21  31  -1   0   1      0      0   2.065E-02   7.000E-01
  F  1  7  0.  0.
  21  32  -1   0   1      0      0   1.230E-02   2.000E-01
  F  1  7  0.  0.
  21  33  -1   0   1      0      0   5.850E-02   2.000E-01
  F  1  7  0.  0.
  21  34   0   0   4      0      0   0.000E+00   5.000E-02
  21  35  -1   0   1      0      0   3.090E-02   2.000E-01
  F  1  7  0.  0.
  21  36   0   0   4      0      0   0.000E+00   5.000E-02
  21  37  -1   0   1      0      0   3.217E-01   2.000E-01
  F  1  7  0.  0.
  21  38  -1   0   1      0      0   3.050E-03   2.000E-01
  F  1  7  0.  0.
  21  39  -1   0   1      0      0   1.750E-03   2.000E-01
  F  1  7  0.  0.
  22  23   0   0   4      0      0   0.000E+00   5.000E-02
  22  24   0   0   4      0      0   0.000E+00   5.000E-02
  22  25   0   0   4      0      0   0.000E+00   5.000E-02
  22  26   0   0   4      0      0   0.000E+00   5.000E-02
  22  27   0   0   4      0      0   0.000E+00   5.000E-02
  22  28   0   0   4      0      0   0.000E+00   5.000E-02
  22  29   0   0   4      0      0   0.000E+00   5.000E-02
  22  30   0   0   4      0      0   0.000E+00   5.000E-02
  22  31   0   0   4      0      0   0.000E+00   5.000E-02
  22  32   0   0   4      0      0   0.000E+00   5.000E-02
  22  33   0   0   4      0      0   0.000E+00   5.000E-02
  22  34  -1   0   1      0      0   4.536E-02   2.000E-01
  F  1  7  0.  0.
  22  35   0   0   4      0      0   0.000E+00   5.000E-02
  22  36  -1   0   1      0      0   8.176E-01   2.000E-01
  F  1  7  0.  0.
  22  37   0   0   4      0      0   0.000E+00   5.000E-02
  22  38   0   0   4      0      0   0.000E+00   5.000E-02
  22  39   0   0   4      0      0   0.000E+00   5.000E-02
  23  24   0   0   4      0      0   0.000E+00   5.000E-02
  23  25   0   0   4      0      0   0.000E+00   5.000E-02
  23  26   0   0   4      0      0   0.000E+00   5.000E-02
  23  27   0   0   4      0      0   0.000E+00   5.000E-02
  23  28   0   0   4      0      0   0.000E+00   5.000E-02
  23  29   0   0   4      0      0   0.000E+00   5.000E-02
  23  30   0   0   4      0      0   0.000E+00   5.000E-02
  23  31   0   0   4      0      0   0.000E+00   5.000E-02
  23  32   0   0   4      0      0   0.000E+00   5.000E-02
  23  33   0   0   4      0      0   0.000E+00   5.000E-02
  23  34  -1   0   1      0      0   4.686E-02   2.000E-01
  F  1  7  0.  0.
  23  35   0   0   4      0      0   0.000E+00   5.000E-02
  23  36  -1   0   1      0      0   8.310E-01   2.000E-01
  F  1  7  0.  0.
  23  37   0   0   4      0      0   0.000E+00   5.000E-02
  23  38   0   0   4      0      0   0.000E+00   5.000E-02
  23  39   0   0   4      0      0   0.000E+00   5.000E-02
  24  25   0   0   4      0      0   0.000E+00   5.000E-02
  24  26   0   0   4      0      0   0.000E+00   5.000E-02
  24  27  -1   0   1      0      0   4.967E-01   7.000E-01
  F  1  7  0.  0.
  24  28   0   0   4      0      0   0.000E+00   5.000E-02
  24  29   0   0   4      0      0   0.000E+00   5.000E-02
  24  30   0   0   4      0      0   0.000E+00   5.000E-02
  24  31   0   0   4      0      0   0.000E+00   5.000E-02
  24  32  -1   0   1      0      0   3.968E-01   2.000E-01
  F  1  7  0.  0.
  24  33  -1   0   1      0      0   1.179E-01   2.000E-01
  F  1  7  0.  0.
  24  34   0   0   4      0      0   0.000E+00   5.000E-02
  24  35  -1   0   1      0      0   6.669E-02   2.000E-01
  F  1  7  0.  0.
  24  36   0   0   4      0      0   0.000E+00   5.000E-02
  24  37  -1   0   1      0      0   2.995E-02   2.000E-01
  F  1  7  0.  0.
  24  38  -1   0   1      0      0   2.304E-02   2.000E-01
  F  1  7  0.  0.
  24  39  -1   0   1      0      0   1.260E-02   2.000E-01
  F  1  7  0.  0.
  25  26   0   0   4      0      0   0.000E+00   5.000E-02
  25  27  -1   0   1      0      0   6.150E-05   7.000E-01
  F  1  7  0.  0.
  25  28   0   0   4      0      0   0.000E+00   5.000E-02
  25  29   0   0   4      0      0   0.000E+00   5.000E-02
  25  30   0   0   4      0      0   0.000E+00   5.000E-02
  25  31   0   0   4      0      0   0.000E+00   5.000E-02
  25  32  -1   0   1      0      0   4.002E-03   2.000E-01
  F  1  7  0.  0.
  25  33  -1   0   1      0      0   4.732E-02   2.000E-01
  F  1  7  0.  0.
  25  34   0   0   4      0      0   0.000E+00   5.000E-02
  25  35  -1   0   1      0      0   6.285E-03   2.000E-01
  F  1  7  0.  0.
  25  36   0   0   4      0      0   0.000E+00   5.000E-02
  25  37  -1   0   1      0      0   8.321E-01   2.000E-01
  F  1  7  0.  0.
  25  38  -1   0   1      0      0   9.380E-04   2.000E-01
  F  1  7  0.  0.
  25  39  -1   0   1      0      0   9.330E-06   2.000E-01
  F  1  7  0.  0.
  26  27   0   0   4      0      0   0.000E+00   5.000E-02
  26  28   0   0   4      0      0   0.000E+00   5.000E-02
  26  29   0   0   4      0      0   0.000E+00   5.000E-02
  26  30   0   0   4      0      0   0.000E+00   5.000E-02
  26  31   0   0   4      0      0   0.000E+00   5.000E-02
  26  32   0   0   4      0      0   0.000E+00   5.000E-02
  26  33   0   0   4      0      0   0.000E+00   5.000E-02
  26  34  -1   0   1      0      0   6.024E-02   2.000E-01
  F  1  7  0.  0.
  26  35   0   0   4      0      0   0.000E+00   5.000E-02
  26  36  -1   0   1      0      0   8.308E-01   2.000E-01
  F  1  7  0.  0.
  26  37   0   0   4      0      0   0.000E+00   5.000E-02
  26  38   0   0   4      0      0   0.000E+00   5.000E-02
  26  39   0   0   4      0      0   0.000E+00   5.000E-02
  27  28  -1   0   1      0      0   1.070E-03   7.000E-01
  F  1  7  0.  0.
  27  29  -1   0   1      0      0   7.030E-02   7.000E-01
  F  1  7  0.  0.
  27  30  -1   0   1      0      0   2.890E-04   7.000E-01
  F  1  7  0.  0.
  27  31  -1   0   1      0      0   5.470E-03   7.000E-01
  F  1  7  0.  0.
  27  32  -1   0   1      0      0   9.020E-01   2.000E-01
  F  1  7  0.  0.
  27  33  -1   0   1      0      0   1.517E-01   2.000E-01
  F  1  7  0.  0.
  27  34   0   0   4      0      0   0.000E+00   5.000E-02
  27  35  -1   0   1      0      0   6.990E-02   2.000E-01
  F  1  7  0.  0.
  27  36   0   0   4      0      0   0.000E+00   5.000E-02
  27  37  -1   0   1      0      0   4.021E-02   2.000E-01
  F  1  7  0.  0.
  27  38  -1   0   1      0      0   2.442E-02   2.000E-01
  F  1  7  0.  0.
  27  39  -1   0   1      0      0   1.350E-03   2.000E-01
  F  1  7  0.  0.
  28  29   0   0   4      0      0   0.000E+00   5.000E-02
  28  30   0   0   4      0      0   0.000E+00   5.000E-02
  28  31   0   0   4      0      0   0.000E+00   5.000E-02
  28  32  -1   0   1      0      0   8.084E-02   2.000E-01
  F  1  7  0.  0.
  28  33  -1   0   1      0      0   1.241E-02   2.000E-01
  F  1  7  0.  0.
  28  34   0   0   4      0      0   0.000E+00   5.000E-02
  28  35  -1   0   1      0      0   6.310E-02   2.000E-01
  F  1  7  0.  0.
  28  36   0   0   4      0      0   0.000E+00   5.000E-02
  28  37  -1   0   1      0      0   9.053E-01   2.000E-01
  F  1  7  0.  0.
  28  38  -1   0   1      0      0   1.010E-03   2.000E-01
  F  1  7  0.  0.
  28  39  -1   0   1      0      0   6.341E-04   2.000E-01
  F  1  7  0.  0.
  29  30   0   0   4      0      0   0.000E+00   5.000E-02
  29  31   0   0   4      0      0   0.000E+00   5.000E-02
  29  32  -1   0   1      0      0   1.214E+00   2.000E-01
  F  1  7  0.  0.
  29  33  -1   0   1      0      0   1.714E-01   2.000E-01
  F  1  7  0.  0.
  29  34   0   0   4      0      0   0.000E+00   5.000E-02
  29  35  -1   0   1      0      0   5.969E-02   2.000E-01
  F  1  7  0.  0.
  29  36   0   0   4      0      0   0.000E+00   5.000E-02
  29  37  -1   0   1      0      0   8.205E-02   2.000E-01
  F  1  7  0.  0.
  29  38  -1   0   1      0      0   1.367E-02   2.000E-01
  F  1  7  0.  0.
  29  39  -1   0   1      0      0   8.361E-03   2.000E-01
  F  1  7  0.  0.
  30  31   0   0   4      0      0   0.000E+00   5.000E-02
  30  32  -1   0   1      0      0   6.027E-02   2.000E-01
  F  1  7  0.  0.
  30  33  -1   0   1      0      0   2.756E-02   2.000E-01
  F  1  7  0.  0.
  30  34   0   0   4      0      0   0.000E+00   5.000E-02
  30  35  -1   0   1      0      0   2.661E-02   2.000E-01
  F  1  7  0.  0.
  30  36   0   0   4      0      0   0.000E+00   5.000E-02
  30  37  -1   0   1      0      0   8.930E-01   2.000E-01
  F  1  7  0.  0.
  30  38  -1   0   1      0      0   2.314E-02   2.000E-01
  F  1  7  0.  0.
  30  39  -1   0   1      0      0   6.467E-07   2.000E-01
  F  1  7  0.  0.
  31  32  -1   0   1      0      0   4.447E-01   2.000E-01
  F  1  7  0.  0.
  31  33  -1   0   1      0      0   3.515E-03   2.000E-01
  F  1  7  0.  0.
  31  34   0   0   4      0      0   0.000E+00   5.000E-02
  31  35  -1   0   1      0      0   8.338E-02   2.000E-01
  F  1  7  0.  0.
  31  36   0   0   4      0      0   0.000E+00   5.000E-02
  31  37  -1   0   1      0      0   8.138E-02   2.000E-01
  F  1  7  0.  0.
  31  38  -1   0   1      0      0   1.859E-01   2.000E-01
  F  1  7  0.  0.
  31  39  -1   0   1      0      0   2.467E-04   2.000E-01
  F  1  7  0.  0.
  32  33  -1   0   1      0      0   8.835E-01   2.000E-01
  F  1  7  0.  0.
  32  34   0   0   4      0      0   0.000E+00   5.000E-02
  32  35  -1   0   1      0      0   1.624E-01   2.000E-01
  F  1  7  0.  0.
  32  36   0   0   4      0      0   0.000E+00   5.000E-02
  32  37  -1   0   1      0      0   4.999E-02   2.000E-01
  F  1  7  0.  0.
  32  38  -1   0   1      0      0   1.944E-02   2.000E-01
  F  1  7  0.  0.
  32  39  -1   0   1      0      0   7.703E-03   2.000E-01
  F  1  7  0.  0.
  33  34   0   0   4      0      0   0.000E+00   5.000E-02
  33  35  -1   0   1      0      0   1.373E+00   2.000E-01
  F  1  7  0.  0.
  33  36   0   0   4      0      0   0.000E+00   5.000E-02
  33  37  -1   0   1      0      0   2.187E-01   2.000E-01
  F  1  7  0.  0.
  33  38  -1   0   1      0      0   4.677E-02   2.000E-01
  F  1  7  0.  0.
  33  39  -1   0   1      0      0   1.730E-02   2.000E-01
  F  1  7  0.  0.
  34  35   0   0   4      0      0   0.000E+00   5.000E-02
  34  36  -1   0   1      0      0   2.814E-01   2.000E-01
  F  1  7  0.  0.
  34  37   0   0   4      0      0   0.000E+00   5.000E-02
  34  38   0   0   4      0      0   0.000E+00   5.000E-02
  34  39  -1   0   1      0      0   1.054E-01   2.000E-01
  F  1  7  0.  0.
  35  36   0   0   4      0      0   0.000E+00   5.000E-02
  35  37  -1   0   1      0      0   1.195E+00   2.000E-01
  F  1  7  0.  0.
  35  38  -1   0   1      0      0   1.185E-01   2.000E-01
  F  1  7  0.  0.
  35  39  -1   0   1      0      0   3.807E-02   2.000E-01
  F  1  7  0.  0.
  36  37   0   0   4      0      0   0.000E+00   5.000E-02
  36  38   0   0   4      0      0   0.000E+00   5.000E-02
  36  39  -1   0   1      0      0   2.681E-03   2.000E-01
  F  1  7  0.  0.
  37  38  -1   0   1      0      0   2.948E-01   2.000E-01
  F  1  7  0.  0.
  37  39  -1   0   1      0      0   5.050E-02   2.000E-01
  F  1  7  0.  0.
  38  39  -1   0   1      0      0   4.829E-01   2.000E-01
  F  1  7  0.  0.
