****** Levels
 5.64209506E+15      4.    3  'S II 4So 1'  0   0.     0
 5.24921561E+15     10.    3  'S II 2Do 1'  0   0.     0
 4.91714485E+15      6.    3  'S II 2Po 1'  0   0.     0
 3.32909894E+15     12.    3  'S II 4Pe 1'  0   0.  -103
 2.73961844E+15     10.    3  'S II 2De 1'  0   0.  -103
 2.49402631E+15      6.    3  'S II 2Pe 1'  0   0.  -103
 2.34923276E+15     28.    3  'S II 4Fe 1'  0   0.  -103
 2.33690593E+15     12.    3  'S II 4Pe 2'  0   0.  -103
 2.23820262E+15     20.    3  'S II 4De 1'  0   0.  -103
 2.22777081E+15      6.    3  'S II 2Pe 2'  0   0.  -103
 2.20670615E+15     14.    3  'S II 2Fe 1'  0   0.  -103
 2.01551044E+15      2.    4  'S II 2Se 1'  0   0.  -103
 1.98720513E+15     10.    4  'S II 2De 2'  0   0.  -103
 1.87694795E+15      2.    4  'S II 2So 1'  0   0.  -103
****** Continuum transitions
   1  15   1    108      0      0      0   1.366E-18   0.000E+00
  -0.001   0.014   0.016   0.073   0.161   0.212   0.257   0.923
   0.891   0.301   1.084   0.442  -0.342  -0.315  -0.201  -2.199
   2  15   1    108      0      0      0   1.435E-18   0.000E+00
  -0.004   0.018   0.063   0.075   0.159   0.221   0.280   0.949
   0.813   1.067   0.687   0.792  -0.021  -0.306  -0.232  -2.229
   3  15   1    108      0      0      0   8.027E-19   0.000E+00
  -0.001   0.018   0.054   0.097   0.122   0.225   0.283   0.951
   0.549   1.278   1.014   0.634   0.518  -0.264  -0.254  -2.229
   4  15   1    110      0      0      0   4.106E-19   0.000E+00
   0.002   0.086   0.114   0.164   0.189   0.271   0.348   0.413   0.468   1.038
   0.324   0.873  -0.225   0.282   0.736   0.884   0.345  -0.077  -0.173  -1.863
   5  15   1    114      0      0      0   3.402E-19   0.000E+00
   0.002   0.029   0.057   0.081   0.091   0.096   0.121   0.181   0.273   0.276
   0.316   0.408   0.517   1.031
   0.236   0.315   1.565   0.632   0.931   1.556   1.301   0.834   0.694   1.055
   1.028   0.588  -0.099  -1.613
   6  15   1    113      0      0      0   1.040E-18   0.000E+00
  -0.001   0.032   0.094   0.139   0.161   0.181   0.201   0.238   0.261   0.293
   0.433   0.535   1.070
   0.715   0.768   0.514   1.486   0.419   2.077   1.169   0.768   1.475   1.011
   0.620   0.092  -1.525
   7  15   1    112      0      0      0   1.098E-18   0.000E+00
  -0.001   0.044   0.057   0.077   0.194   0.218   0.248   0.271   0.296   0.453
   0.540   1.118
   0.746   0.313   1.401   0.947   0.356   1.782   1.053   1.961   0.778   0.588
   0.176  -1.535
   8  15   1    110      0      0      0   1.490E-19   0.000E+00
  -0.002   0.137   0.208   0.240   0.254   0.283   0.326   0.372   0.582   1.247
  -0.127  -0.211   0.197   0.648   1.958   1.507  -0.394  -1.141  -1.225  -3.239
   9  15   1    112      0      0      0   1.632E-18   0.000E+00
  -0.001   0.077   0.121   0.146   0.191   0.233   0.266   0.286   0.360   0.463
   0.580   1.115
   0.915   0.503  -0.130   1.634   0.968   0.778   1.243   1.887   0.673   0.651
   0.102  -1.504
  10  15   1    112      0      0      0   1.197E-19   0.000E+00
  -0.001   0.039   0.104   0.129   0.139   0.199   0.246   0.283   0.328   0.385
   0.465   1.188
  -0.225  -0.085   0.127   0.775   0.042   0.239   0.563   2.070   0.549  -0.648
  -0.859  -2.958
  11  15   1    113      0      0      0   6.728E-19   0.000E+00
  -0.006   0.037   0.042   0.139   0.161   0.194   0.261   0.286   0.313   0.353
   0.465   0.590   1.123
   0.535   0.474   0.764   0.579   0.113   1.688   1.011   1.803   1.125   0.878
   0.667   0.095  -1.481
  12  15   1    110      0      0      0   2.567E-19   0.000E+00
  -0.003   0.047   0.119   0.226   0.241   0.271   0.390   0.480   0.625   1.080
   0.070   0.662   0.683   0.324   1.211   0.683   1.296   0.894  -0.035  -1.387
  13  15   1    113      0      0      0   8.746E-20   0.000E+00
  -0.005   0.037   0.044   0.169   0.251   0.286   0.290   0.318   0.368   0.418
   0.496   0.639   1.258
  -0.338  -0.507  -0.042   0.014   0.408   0.789   1.422   2.239  -0.141  -0.634
  -0.887  -1.127  -3.000
  14  15   1    113      0      0      0   1.069E-18   0.000E+00
   0.002   0.044   0.086   0.149   0.204   0.261   0.311   0.353   0.368   0.383
   0.423   0.517   1.193
   0.722   0.574   0.414   0.143   0.155  -0.141  -0.264   0.253   2.361   1.239
  -0.326  -0.634  -2.667
*** Line transitions
   1   2   0   0   4      0      0   0.000E+00   5.000E-02
   1   3   0   0   4      0      0   0.000E+00   5.000E-02
   1   4  -1   0   1      0      0   3.100E-02   7.000E-01
  F  1  7  0.  0.
   1   5   0   0   4      0      0   0.000E+00   5.000E-02
   1   6   0   0   4      0      0   0.000E+00   5.000E-02
   1   7   0   0   4      0      0   0.000E+00   5.000E-02
   1   8  -1   0   1      0      0   3.825E-01   2.000E-01
  F  1  7  0.  0.
   1   9   0   0   4      0      0   0.000E+00   5.000E-02
   1  10   0   0   4      0      0   0.000E+00   5.000E-02
   1  11   0   0   4      0      0   0.000E+00   5.000E-02
   1  12   0   0   4      0      0   0.000E+00   5.000E-02
   1  13   0   0   4      0      0   0.000E+00   5.000E-02
   1  14   0   0   4      0      0   0.000E+00   5.000E-02
   2   3   0   0   4      0      0   0.000E+00   5.000E-02
   2   4   0   0   4      0      0   0.000E+00   5.000E-02
   2   5  -1   0   1      0      0   1.060E-02   2.000E-01
  F  1  7  0.  0.
   2   6  -1   0   1      0      0   2.920E-03   2.000E-01
  F  1  7  0.  0.
   2   7   0   0   4      0      0   0.000E+00   5.000E-02
   2   8   0   0   4      0      0   0.000E+00   5.000E-02
   2   9   0   0   4      0      0   0.000E+00   5.000E-02
   2  10  -1   0   1      0      0   1.480E-01   2.000E-01
  F  1  7  0.  0.
   2  11  -1   0   1      0      0   6.860E-03   2.000E-01
  F  1  7  0.  0.
   2  12   0   0   4      0      0   0.000E+00   5.000E-02
   2  13  -1   0   1      0      0   1.560E-01   2.000E-01
  F  1  7  0.  0.
   2  14   0   0   4      0      0   0.000E+00   5.000E-02
   3   4   0   0   4      0      0   0.000E+00   5.000E-02
   3   5  -1   0   1      0      0   1.105E-03   2.000E-01
  F  1  7  0.  0.
   3   6  -1   0   1      0      0   2.100E-03   2.000E-01
  F  1  7  0.  0.
   3   7   0   0   4      0      0   0.000E+00   5.000E-02
   3   8   0   0   4      0      0   0.000E+00   5.000E-02
   3   9   0   0   4      0      0   0.000E+00   5.000E-02
   3  10  -1   0   1      0      0   9.317E-02   2.000E-01
  F  1  7  0.  0.
   3  11   0   0   4      0      0   0.000E+00   5.000E-02
   3  12  -1   0   1      0      0   6.067E-03   2.000E-01
  F  1  7  0.  0.
   3  13  -1   0   1      0      0   4.200E-02   2.000E-01
  F  1  7  0.  0.
   3  14   0   0   4      0      0   0.000E+00   5.000E-02
   4   5   0   0   4      0      0   0.000E+00   5.000E-02
   4   6   0   0   4      0      0   0.000E+00   5.000E-02
   4   7   0   0   4      0      0   0.000E+00   5.000E-02
   4   8   0   0   4      0      0   0.000E+00   5.000E-02
   4   9   0   0   4      0      0   0.000E+00   5.000E-02
   4  10   0   0   4      0      0   0.000E+00   5.000E-02
   4  11   0   0   4      0      0   0.000E+00   5.000E-02
   4  12   0   0   4      0      0   0.000E+00   5.000E-02
   4  13   0   0   4      0      0   0.000E+00   5.000E-02
   4  14   0   0   4      0      0   0.000E+00   5.000E-02
   5   6   0   0   4      0      0   0.000E+00   5.000E-02
   5   7   0   0   4      0      0   0.000E+00   5.000E-02
   5   8   0   0   4      0      0   0.000E+00   5.000E-02
   5   9   0   0   4      0      0   0.000E+00   5.000E-02
   5  10   0   0   4      0      0   0.000E+00   5.000E-02
   5  11   0   0   4      0      0   0.000E+00   5.000E-02
   5  12   0   0   4      0      0   0.000E+00   5.000E-02
   5  13   0   0   4      0      0   0.000E+00   5.000E-02
   5  14   0   0   4      0      0   0.000E+00   5.000E-02
   6   7   0   0   4      0      0   0.000E+00   5.000E-02
   6   8   0   0   4      0      0   0.000E+00   5.000E-02
   6   9   0   0   4      0      0   0.000E+00   5.000E-02
   6  10   0   0   4      0      0   0.000E+00   5.000E-02
   6  11   0   0   4      0      0   0.000E+00   5.000E-02
   6  12   0   0   4      0      0   0.000E+00   5.000E-02
   6  13   0   0   4      0      0   0.000E+00   5.000E-02
   6  14  -1   0   1      0      0   5.350E-02   7.000E-01
  F  1  7  0.  0.
   7   8   0   0   4      0      0   0.000E+00   5.000E-02
   7   9   0   0   4      0      0   0.000E+00   5.000E-02
   7  10   0   0   4      0      0   0.000E+00   5.000E-02
   7  11   0   0   4      0      0   0.000E+00   5.000E-02
   7  12   0   0   4      0      0   0.000E+00   5.000E-02
   7  13   0   0   4      0      0   0.000E+00   5.000E-02
   7  14   0   0   4      0      0   0.000E+00   5.000E-02
   8   9   0   0   4      0      0   0.000E+00   5.000E-02
   8  10   0   0   4      0      0   0.000E+00   5.000E-02
   8  11   0   0   4      0      0   0.000E+00   5.000E-02
   8  12   0   0   4      0      0   0.000E+00   5.000E-02
   8  13   0   0   4      0      0   0.000E+00   5.000E-02
   8  14   0   0   4      0      0   0.000E+00   5.000E-02
   9  10   0   0   4      0      0   0.000E+00   5.000E-02
   9  11   0   0   4      0      0   0.000E+00   5.000E-02
   9  12   0   0   4      0      0   0.000E+00   5.000E-02
   9  13   0   0   4      0      0   0.000E+00   5.000E-02
   9  14   0   0   4      0      0   0.000E+00   5.000E-02
  10  11   0   0   4      0      0   0.000E+00   5.000E-02
  10  12   0   0   4      0      0   0.000E+00   5.000E-02
  10  13   0   0   4      0      0   0.000E+00   5.000E-02
  10  14  -1   0   1      0      0   8.750E-02   7.000E-01
  F  1  7  0.  0.
  11  12   0   0   4      0      0   0.000E+00   5.000E-02
  11  13   0   0   4      0      0   0.000E+00   5.000E-02
  11  14   0   0   4      0      0   0.000E+00   5.000E-02
  12  13   0   0   4      0      0   0.000E+00   5.000E-02
  12  14   0   0   1      0      0   0.000E+00   7.000E-01
  13  14   0   0   4      0      0   0.000E+00   5.000E-02
