****** Levels
 8.42117137E+15      9.    3  'S+2  3Pe 1'  0   0.  0
 8.10741434E+15      5.    3  'S+2  1De 1'  0   0.  0
 7.55019012E+15      1.    3  'S+2  1Se 1'  0   0.  0
 6.78636777E+15      5.    3  'S+2  5So 1'  0   0.  -102
 5.96293449E+15     15.    3  'S+2  3Do 1'  0   0.  -102
 5.46630849E+15      9.    3  'S+2  3Po 1'  0   0.  -102
 5.31586653E+15      5.    3  'S+2  1Do 1'  0   0.  -102
 4.73890424E+15     21.    3  'S+2  3Fo 1'  0   0.  -102
 4.21543309E+15      3.    4  'S+2  1Po 1'  0   0.  -102
 4.18464059E+15      3.    4  'S+2  3So 1'  0   0.  -102
 4.10450133E+15      9.    4  'S+2  3Po 2'  0   0.  -102
 3.97712093E+15      9.    4  'S+2  3Po 3'  0   0.  -102
 3.95234916E+15      3.    4  'S+2  1Po 2'  0   0.  -102
 3.94731546E+15     15.    4  'S+2  3Do 2'  0   0.  -102
 3.77535813E+15      5.    4  'S+2  1Do 2'  0   0.  -102
 3.63804292E+15      7.    4  'S+2  1Fo 1'  0   0.  -102
 3.28456416E+15     11.    4  'S+2 +1__ 1'  0   0.  -102
 3.23019873E+15     36.    4  'S+2 +3_e 2'  0   0.  -102
 2.84480192E+15     60.    4  'S+2 +5_e 3'  0   0.  -102
 2.74205932E+15      6.    4  'S+2 +1_e 4'  0   0.  -102
****** Continuum transitions
   1  21   1    121      0      0      0   1.029E-19   0.000E+00
 -0.0148 -0.0019  0.0046  0.0304  0.0369  0.0434  0.0563  0.0628  0.0692  0.0757
  0.0886  0.0951  0.1016  0.1274  0.1598  0.2309  0.3020  0.4378  0.5542  0.5865
  1.1450
 -0.4219 -0.4158 -0.4010 -0.2840 -0.2706 -0.2781 -0.3262 -0.3336 -0.3157 -0.2770
 -0.1859 -0.1555 -0.1401 -0.1271 -0.0832 -0.0613 -0.0840 -0.1830 -0.3381 -0.4022
 -2.0758
   2  21   1    120      0      0      0   1.191E-19   0.000E+00
 -0.0155  0.0104  0.0169  0.0233  0.0298  0.0492  0.0557  0.0621  0.0686  0.0751
  0.0815  0.0880  0.1009  0.1074  0.1139  0.1333  0.1785  0.1979  0.2173  0.8672
 -0.3317 -0.4187 -0.4343 -0.4339 -0.4161 -0.2850 -0.2281 -0.1469 -0.0564  0.0095
  0.0255 -0.0112 -0.1422 -0.1741 -0.1741 -0.1358 -0.0807 -0.0808 -0.1185 -2.0685
   3  21   1    122      0      0      0   1.433E-19   0.000E+00
 -0.0166 -0.0037  0.0092  0.0157  0.0351  0.0480  0.0610  0.0739  0.0804  0.0868
  0.0933  0.0998  0.1062  0.1192  0.1256  0.1386  0.1580  0.1774  0.2032  0.2485
  0.2679  0.9179
 -0.2556 -0.3053 -0.3600 -0.3689 -0.3307 -0.3351 -0.3599 -0.4013 -0.3951 -0.3566
 -0.3039 -0.2651 -0.2508 -0.2580 -0.2531 -0.2127 -0.1434 -0.1043 -0.0829 -0.0689
 -0.1064 -2.0565
   4  21   1    104      0      0      0   4.208E-19   0.000E+00
  0.0990  0.1248  0.3899  0.7872
 -0.1838 -0.2264 -1.0168 -2.2109
   5  21   1    127      0      0      0   8.776E-19   0.000E+00
 -0.0212 -0.0147 -0.0082 -0.0018  0.0047  0.0176  0.0241  0.0306  0.0370  0.0435
  0.0500  0.0564  0.0694  0.0758  0.0823  0.0888  0.0952  0.1017  0.1211  0.1405
  0.1664  0.1793  0.1922  0.2116  0.2763  0.2957  0.9439
  0.2968  0.3709  0.4331  0.4707  0.4765  0.4409  0.4620  0.5245  0.5958  0.6327
  0.6103  0.5235  0.2516  0.1718  0.1665  0.1917  0.2047  0.1918  0.0884 -0.0328
 -0.1540 -0.2000 -0.2248 -0.2353 -0.1823 -0.2193 -2.1641
   6  21   1    132      0      0      0   3.318E-18   0.000E+00
 -0.0231 -0.0167 -0.0037  0.0027  0.0092  0.0157  0.0221  0.0286  0.0351  0.0415
  0.0480  0.0545  0.0609  0.0674  0.0739  0.0803  0.0868  0.0997  0.1062  0.1127
  0.1191  0.1321  0.1385  0.1450  0.1644  0.1902  0.2032  0.2226  0.2420  0.2937
  0.3131  0.9620
  1.0149  1.0250  1.0790  1.0794  1.0259  0.9053  0.7299  0.5713  0.5498  0.6428
  0.7247  0.7355  0.6673  0.5377  0.3930  0.3013  0.3035  0.4099  0.4272  0.4039
  0.3483  0.1971  0.1288  0.0804  0.0093 -0.1294 -0.1783 -0.2236 -0.2382 -0.1992
 -0.2351 -2.1818
   7  21   1    136      0      0      0   3.782E-18   0.000E+00
 -0.0238 -0.0173 -0.0109 -0.0044  0.0021  0.0085  0.0150  0.0215  0.0279  0.0344
  0.0409  0.0473  0.0538  0.0603  0.0667  0.0732  0.0797  0.0861  0.0990  0.1055
  0.1120  0.1184  0.1249  0.1314  0.1378  0.1443  0.1508  0.1572  0.1637  0.1766
  0.1831  0.1960  0.2025  0.2413  0.2866  0.9437
  1.1892  1.2036  1.2064  1.1912  1.1497  1.0831  0.9995  0.9249  0.9006  0.9420
  1.0091  1.0513  1.0382  0.9549  0.8006  0.5911  0.3920  0.2651  0.3127  0.3781
  0.4282  0.4655  0.4896  0.4875  0.4483  0.3743  0.2858  0.2155  0.1869  0.1815
  0.1565  0.0724  0.0398 -0.0855 -0.1831 -2.1539
   8  21   1    131      0      0      0   5.272E-18   0.000E+00
 -0.0268 -0.0074 -0.0009  0.0055  0.0249  0.0314  0.0379  0.0443  0.0573  0.0637
  0.0702  0.0767  0.0896  0.0961  0.1090  0.1413  0.1478  0.1607  0.1672  0.1737
  0.1801  0.1866  0.1995  0.2060  0.2125  0.2189  0.2318  0.2448  0.2642  0.3288
  0.9679
  1.4052  1.3154  1.2955  1.2900  1.3130  1.3002  1.2638  1.2101  1.0765  0.9990
  0.9079  0.8071  0.6377  0.5878  0.5370  0.4578  0.4568  0.4987  0.5284  0.5434
  0.5297  0.4863  0.3436  0.2787  0.2498  0.2383  0.2364  0.1926  0.1292 -0.0503
 -1.9698
   9  21   1    140      0      0      0   3.207E-17   0.000E+00
 -0.0302 -0.0238 -0.0173 -0.0108 -0.0044  0.0021  0.0086  0.0280  0.0409  0.0474
  0.0538  0.0603  0.0667  0.0732  0.0797  0.0861  0.0926  0.0991  0.1055  0.1120
  0.1185  0.1314  0.1443  0.1508  0.1573  0.1637  0.1702  0.1767  0.1896  0.1961
  0.2025  0.2155  0.2219  0.2284  0.2413  0.2995  0.3125  0.3254  0.4159  1.0037
  1.6889  1.8533  1.9833  2.0615  2.0788  2.0344  1.9434  1.6150  1.3770  1.3191
  1.3824  1.5070  1.6008  1.6213  1.5565  1.4064  1.1797  0.9027  0.6522  0.5184
  0.5462  0.7161  0.8506  0.9295  0.9963  1.0201  0.9806  0.8781  0.5741  0.4598
  0.4102  0.4054  0.3866  0.3429  0.2377 -0.1191 -0.1838 -0.2350 -0.4972 -2.2631
  10  21   1    149      0      0      0   3.434E-19   0.000E+00
 -0.0305 -0.0240 -0.0175 -0.0111 -0.0046  0.0019  0.0083  0.0148  0.0213  0.0277
  0.0342  0.0407  0.0471  0.0536  0.0601  0.0665  0.0730  0.0795  0.0859  0.0924
  0.0989  0.1053  0.1118  0.1183  0.1247  0.1312  0.1376  0.1441  0.1506  0.1570
  0.1635  0.1700  0.1764  0.1829  0.1894  0.1958  0.2023  0.2088  0.2152  0.2217
  0.2282  0.2411  0.2476  0.2734  0.2993  0.3122  0.3252  0.3834  1.0055
  1.6685  1.5897  1.4908  1.4401  1.5348  1.7208  1.8904  1.9980  2.0450  2.0409
  1.9884  1.8844  1.7357  1.5730  1.4400  1.3394  1.2259  1.0610  0.8372  0.5837
  0.3615  0.2015  0.0617 -0.1047 -0.2546 -0.1696  0.1913  0.5692  0.8568  1.0373
  1.1114  1.0837  0.9609  0.7498  0.4924  0.2690  0.2341  0.3390  0.4292  0.4484
  0.4004  0.2397  0.1842  0.0035 -0.1869 -0.2665 -0.3206 -0.4778 -2.3466
  11  21   1    146      0      0      0   2.325E-18   0.000E+00
 -0.0311 -0.0182 -0.0117 -0.0052  0.0077  0.0142  0.0206  0.0271  0.0336  0.0400
  0.0465  0.0530  0.0594  0.0659  0.0724  0.0788  0.0853  0.0918  0.0982  0.1047
  0.1112  0.1176  0.1241  0.1306  0.1370  0.1500  0.1564  0.1694  0.1758  0.1823
  0.1888  0.2017  0.2082  0.2146  0.2211  0.2276  0.2340  0.2405  0.2470  0.2599
  0.2663  0.2857  0.3245  0.3698  0.3957  1.0274
  1.5743  1.4569  1.4294  1.4817  1.7143  1.7691  1.7484  1.6567  1.5233  1.4437
  1.4601  1.6213  1.7930  1.9024  1.9244  1.8559  1.6999  1.4664  1.1790  0.8785
  0.6309  0.4821  0.3930  0.3492  0.3326  0.3236  0.3072  0.2445  0.2210  0.2209
  0.2507  0.3379  0.3564  0.3348  0.2697  0.1746  0.0888  0.0268  0.0155  0.0309
  0.0148 -0.0679 -0.1859 -0.2824 -0.3369 -2.2315
  12  21   1    146      0      0      0   6.095E-19   0.000E+00
 -0.0321 -0.0257 -0.0192 -0.0127 -0.0063  0.0002  0.0131  0.0196  0.0261  0.0325
  0.0390  0.0455  0.0519  0.0584  0.0649  0.0713  0.0778  0.0843  0.0907  0.0972
  0.1037  0.1101  0.1166  0.1231  0.1295  0.1360  0.1554  0.1683  0.1748  0.1877
  0.2007  0.2071  0.2136  0.2201  0.2265  0.2330  0.2395  0.2459  0.2524  0.2653
  0.2718  0.2912  0.3300  0.3688  0.4011  1.0268
  1.6529  1.5986  1.5203  1.4301  1.3695  1.3823  1.5115  1.5295  1.5039  1.4489
  1.3802  1.3365  1.3726  1.4879  1.6152  1.6903  1.6883  1.6050  1.4466  1.2327
  1.0055  0.7985  0.6558  0.5611  0.4914  0.4457  0.3675  0.2884  0.2585  0.2734
  0.3445  0.3634  0.3567  0.3201  0.2537  0.1694  0.0961  0.0392  0.0221  0.0223
  0.0056 -0.0797 -0.2119 -0.3074 -0.3749 -2.2510
  13  21   1    143      0      0      0   2.403E-18   0.000E+00
 -0.0323 -0.0194 -0.0065  0.0000  0.0129  0.0194  0.0259  0.0323  0.0388  0.0453
  0.0517  0.0582  0.0647  0.0711  0.0776  0.0841  0.0905  0.0970  0.1035  0.1099
  0.1164  0.1229  0.1293  0.1358  0.1423  0.1487  0.1552  0.1617  0.1681  0.1746
  0.1811  0.1940  0.2005  0.2263  0.2328  0.2392  0.2522  0.2651  0.2910  0.3298
  0.3750  0.5108  1.0282
  0.8211  1.0432  1.2372  1.3523  1.6151  1.6995  1.7190  1.6680  1.5581  1.4329
  1.3846  1.4754  1.6309  1.7612  1.8253  1.8134  1.7287  1.5811  1.3812  1.1389
  0.8638  0.5750  0.3108  0.1169  0.0010 -0.0637 -0.0951 -0.0959 -0.0875 -0.1005
 -0.1515 -0.3156 -0.3835 -0.6080 -0.6487 -0.6764 -0.7023 -0.7287 -0.8206 -0.9071
 -0.9868 -1.3888 -2.9435
  14  21   1    148      0      0      0   4.075E-19   0.000E+00
 -0.0324 -0.0259 -0.0130 -0.0065 -0.0000  0.0064  0.0194  0.0258  0.0323  0.0388
  0.0452  0.0517  0.0582  0.0646  0.0711  0.0775  0.0840  0.0969  0.1034  0.1099
  0.1163  0.1293  0.1487  0.1551  0.1681  0.1745  0.1810  0.1875  0.1939  0.2069
  0.2133  0.2198  0.2263  0.2327  0.2392  0.2457  0.2521  0.2715  0.3039  0.3362
  0.3815  0.4590  0.5108  0.6336  0.7048  0.8276  0.8535  1.2968
  1.1606  1.0941  0.9150  0.8646  0.9159  1.0785  1.5187  1.7130  1.8589  1.9492
  1.9838  1.9738  1.9332  1.8776  1.8128  1.7325  1.6291  1.3706  1.2515  1.1546
  1.0851  0.9784  0.8416  0.7879  0.6599  0.6039  0.5691  0.5597  0.5740  0.6249
  0.6382  0.6257  0.5807  0.5083  0.4269  0.3681  0.3246  0.3017  0.1753  0.0794
 -0.0111 -0.1164 -0.1919 -0.3941 -0.4644 -0.5630 -0.6128 -1.9416
  15  21   1    149      0      0      0   1.155E-17   0.000E+00
 -0.0339 -0.0210 -0.0145 -0.0080  0.0049  0.0114  0.0178  0.0243  0.0308  0.0372
  0.0437  0.0502  0.0566  0.0695  0.0760  0.0825  0.0889  0.0954  0.1019  0.1083
  0.1148  0.1213  0.1277  0.1342  0.1407  0.1471  0.1601  0.1665  0.1730  0.1795
  0.1859  0.1924  0.2053  0.2118  0.2247  0.2312  0.2377  0.2441  0.2506  0.2571
  0.2635  0.2765  0.2829  0.3023  0.3347  0.3541  0.3799  0.4252  1.0317
  1.2279  1.4736  1.5719  1.6480  1.7555  1.8019  1.8313  1.8311  1.7853  1.6975
  1.5883  1.5244  1.5847  1.8941  1.9911  2.0198  1.9867  1.9045  1.7828  1.6252
  1.4332  1.2216  1.0423  0.9282  0.8599  0.8055  0.6326  0.5980  0.6391  0.7053
  0.7426  0.7374  0.6686  0.6570  0.6759  0.6625  0.6160  0.5396  0.4536  0.3926
  0.3625  0.3627  0.3388  0.2148  0.0543 -0.0271 -0.1143 -0.2295 -2.0509
  16  21   1    137      0      0      0   3.082E-18   0.000E+00
 -0.0352 -0.0288 -0.0158 -0.0029  0.0036  0.0100  0.0165  0.0230  0.0359  0.0424
  0.0488  0.0618  0.0682  0.0747  0.0811  0.0876  0.0941  0.1005  0.1135  0.1199
  0.1264  0.1329  0.1393  0.1458  0.1717  0.1846  0.2234  0.2428  0.2557  0.2687
  0.2881  0.3139  0.3463  0.3915  0.4497  0.5273  1.0932
  0.4507  0.5622  0.8222  1.0963  1.2251  1.3346  1.4171  1.4718  1.5319  1.5768
  1.6508  1.8525  1.9461  2.0082  2.0277  2.0022  1.9355  1.8401  1.6053  1.4860
  1.3761  1.2787  1.1976  1.1263  0.8955  0.7980  0.5774  0.4943  0.4110  0.3479
  0.2923  0.1938  0.1023  0.0050 -0.0808 -0.3074 -2.0075
  17  21   1    111      0      0      0   8.090E-20   0.000E+00
   0.002   0.044   0.069   0.126   0.173   0.194   0.222   0.286   0.379   0.920
   1.418
  -0.549  -0.070   0.662   1.014   0.831   0.211  -0.408  -0.747  -0.986  -1.521
  -3.042
  18  21   1    114      0      0      0   1.914E-20   0.000E+00
  -0.002   0.052   0.094   0.112   0.130   0.165   0.197   0.247   0.258   0.375
   0.600   0.785   0.927   1.432
  -1.211  -0.732  -0.028   0.521  -0.254   0.042  -0.380  -0.437  -1.296  -1.493
  -1.704  -2.225  -2.408  -3.944
  19  21   1    106      0      0      0   4.571E-20   0.000E+00
   0.201   0.222   0.230   0.390   0.742   0.893
  -0.641   0.063  -0.254  -0.764  -1.776  -2.305
  20  21   1    112      0      0      0   4.070E-20   0.000E+00
  -0.006   0.089   0.154   0.171   0.223   0.253   0.318   0.363   0.674   0.767
   0.881   1.180
  -0.901  -0.338   0.493  -0.042   0.648   0.521  -0.268  -0.887  -1.183  -1.479
  -2.099  -2.972
*** Line transitions
   1   2   0   0   4      0      0   0.000E+00   5.000E-02
   1   3   0   0   4      0      0   0.000E+00   5.000E-02
   1   4   0   0   4      0      0   0.000E+00   5.000E-02
   1   5  -1   0   1      0      0   2.489E-02   7.000E-01
  F  1  7  0.  0.
   1   6  -1   0   1      0      0   4.267E-02   7.000E-01
  F  1  7  0.  0.
   1   7   0   0   4      0      0   0.000E+00   5.000E-02
   1   8   0   0   4      0      0   0.000E+00   5.000E-02
   1   9   0   0   4      0      0   0.000E+00   5.000E-02
   1  10  -1   0   1      0      0   3.622E-01   2.000E-01
  F  1  7  0.  0.
   1  11  -1   0   1      0      0   7.922E-01   2.000E-01
  F  1  7  0.  0.
   1  12  -1   0   1      0      0   6.933E-02   2.000E-01
  F  1  7  0.  0.
   1  13   0   0   4      0      0   0.000E+00   5.000E-02
   1  14  -1   0   1      0      0   1.667E+00   2.000E-01
  F  1  7  0.  0.
   1  15   0   0   4      0      0   0.000E+00   5.000E-02
   1  16   0   0   4      0      0   0.000E+00   5.000E-02
   1  17   0   0   4      0      0   0.000E+00   5.000E-02
   1  18   0   0   4      0      0   0.000E+00   5.000E-02
   1  19   0   0   4      0      0   0.000E+00   5.000E-02
   1  20   0   0   4      0      0   0.000E+00   5.000E-02
   2   3   0   0   4      0      0   0.000E+00   5.000E-02
   2   4   0   0   4      0      0   0.000E+00   5.000E-02
   2   5   0   0   4      0      0   0.000E+00   5.000E-02
   2   6   0   0   4      0      0   0.000E+00   5.000E-02
   2   7  -1   0   1      0      0   2.300E-02   7.000E-01
  F  1  7  0.  0.
   2   8   0   0   4      0      0   0.000E+00   5.000E-02
   2   9  -1   0   1      0      0   3.720E-01   2.000E-01
  F  1  7  0.  0.
   2  10   0   0   4      0      0   0.000E+00   5.000E-02
   2  11   0   0   4      0      0   0.000E+00   5.000E-02
   2  12   0   0   4      0      0   0.000E+00   5.000E-02
   2  13  -1   0   1      0      0   1.106E-01   2.000E-01
  F  1  7  0.  0.
   2  14   0   0   4      0      0   0.000E+00   5.000E-02
   2  15  -1   0   1      0      0   1.022E+00   2.000E-01
  F  1  7  0.  0.
   2  16  -1   0   1      0      0   1.368E+00   2.000E-01
  F  1  7  0.  0.
   2  17  -1   0   1      0      0   1.770E-02   2.000E-01
  F  1  7  0.  0.
   2  18   0   0   4      0      0   0.000E+00   5.000E-02
   2  19   0   0   4      0      0   0.000E+00   5.000E-02
   2  20   0   0   4      0      0   0.000E+00   5.000E-02
   3   4   0   0   4      0      0   0.000E+00   5.000E-02
   3   5   0   0   4      0      0   0.000E+00   5.000E-02
   3   6   0   0   4      0      0   0.000E+00   5.000E-02
   3   7   0   0   4      0      0   0.000E+00   5.000E-02
   3   8   0   0   4      0      0   0.000E+00   5.000E-02
   3   9  -1   0   1      0      0   1.980E-05   2.000E-01
  F  1  7  0.  0.
   3  10   0   0   4      0      0   0.000E+00   5.000E-02
   3  11   0   0   4      0      0   0.000E+00   5.000E-02
   3  12   0   0   4      0      0   0.000E+00   5.000E-02
   3  13  -1   0   1      0      0   5.010E-02   2.000E-01
  F  1  7  0.  0.
   3  14   0   0   4      0      0   0.000E+00   5.000E-02
   3  15   0   0   4      0      0   0.000E+00   5.000E-02
   3  16   0   0   4      0      0   0.000E+00   5.000E-02
   3  17  -1   0   1      0      0   2.740E+00   2.000E-01
  F  1  7  0.  0.
   3  18   0   0   4      0      0   0.000E+00   5.000E-02
   3  19   0   0   4      0      0   0.000E+00   5.000E-02
   3  20   0   0   4      0      0   0.000E+00   5.000E-02
   4   5   0   0   4      0      0   0.000E+00   5.000E-02
   4   6   0   0   4      0      0   0.000E+00   5.000E-02
   4   7   0   0   4      0      0   0.000E+00   5.000E-02
   4   8   0   0   4      0      0   0.000E+00   5.000E-02
   4   9   0   0   4      0      0   0.000E+00   5.000E-02
   4  10   0   0   4      0      0   0.000E+00   5.000E-02
   4  11   0   0   4      0      0   0.000E+00   5.000E-02
   4  12   0   0   4      0      0   0.000E+00   5.000E-02
   4  13   0   0   4      0      0   0.000E+00   5.000E-02
   4  14   0   0   4      0      0   0.000E+00   5.000E-02
   4  15   0   0   4      0      0   0.000E+00   5.000E-02
   4  16   0   0   4      0      0   0.000E+00   5.000E-02
   4  17   0   0   4      0      0   0.000E+00   5.000E-02
   4  18   0   0   4      0      0   0.000E+00   5.000E-02
   4  19   0   0   4      0      0   0.000E+00   5.000E-02
   4  20   0   0   4      0      0   0.000E+00   5.000E-02
   5   6   0   0   4      0      0   0.000E+00   5.000E-02
   5   7   0   0   4      0      0   0.000E+00   5.000E-02
   5   8   0   0   4      0      0   0.000E+00   5.000E-02
   5   9   0   0   4      0      0   0.000E+00   5.000E-02
   5  10   0   0   4      0      0   0.000E+00   5.000E-02
   5  11   0   0   4      0      0   0.000E+00   5.000E-02
   5  12   0   0   4      0      0   0.000E+00   5.000E-02
   5  13   0   0   4      0      0   0.000E+00   5.000E-02
   5  14   0   0   4      0      0   0.000E+00   5.000E-02
   5  15   0   0   4      0      0   0.000E+00   5.000E-02
   5  16   0   0   4      0      0   0.000E+00   5.000E-02
   5  17   0   0   4      0      0   0.000E+00   5.000E-02
   5  18  -1   0   1      0      0   6.280E-02   2.000E-01
  F  1  7  0.  0.
   5  19   0   0   4      0      0   0.000E+00   5.000E-02
   5  20   0   0   4      0      0   0.000E+00   5.000E-02
   6   7   0   0   4      0      0   0.000E+00   5.000E-02
   6   8   0   0   4      0      0   0.000E+00   5.000E-02
   6   9   0   0   4      0      0   0.000E+00   5.000E-02
   6  10   0   0   4      0      0   0.000E+00   5.000E-02
   6  11   0   0   4      0      0   0.000E+00   5.000E-02
   6  12   0   0   4      0      0   0.000E+00   5.000E-02
   6  13   0   0   4      0      0   0.000E+00   5.000E-02
   6  14   0   0   4      0      0   0.000E+00   5.000E-02
   6  15   0   0   4      0      0   0.000E+00   5.000E-02
   6  16   0   0   4      0      0   0.000E+00   5.000E-02
   6  17   0   0   4      0      0   0.000E+00   5.000E-02
   6  18  -1   0   1      0      0   3.663E-02   2.000E-01
  F  1  7  0.  0.
   6  19   0   0   4      0      0   0.000E+00   5.000E-02
   6  20   0   0   4      0      0   0.000E+00   5.000E-02
   7   8   0   0   4      0      0   0.000E+00   5.000E-02
   7   9   0   0   4      0      0   0.000E+00   5.000E-02
   7  10   0   0   4      0      0   0.000E+00   5.000E-02
   7  11   0   0   4      0      0   0.000E+00   5.000E-02
   7  12   0   0   4      0      0   0.000E+00   5.000E-02
   7  13   0   0   4      0      0   0.000E+00   5.000E-02
   7  14   0   0   4      0      0   0.000E+00   5.000E-02
   7  15   0   0   4      0      0   0.000E+00   5.000E-02
   7  16   0   0   4      0      0   0.000E+00   5.000E-02
   7  17  -1   0   1      0      0   9.560E-02   2.000E-01
  F  1  7  0.  0.
   7  18   0   0   4      0      0   0.000E+00   5.000E-02
   7  19   0   0   4      0      0   0.000E+00   5.000E-02
   7  20  -1   0   1      0      0   4.800E-02   2.000E-01
  F  1  7  0.  0.
   8   9   0   0   4      0      0   0.000E+00   5.000E-02
   8  10   0   0   4      0      0   0.000E+00   5.000E-02
   8  11   0   0   4      0      0   0.000E+00   5.000E-02
   8  12   0   0   4      0      0   0.000E+00   5.000E-02
   8  13   0   0   4      0      0   0.000E+00   5.000E-02
   8  14   0   0   4      0      0   0.000E+00   5.000E-02
   8  15   0   0   4      0      0   0.000E+00   5.000E-02
   8  16   0   0   4      0      0   0.000E+00   5.000E-02
   8  17   0   0   4      0      0   0.000E+00   5.000E-02
   8  18  -1   0   1      0      0   1.367E-01   2.000E-01
  F  1  7  0.  0.
   8  19   0   0   4      0      0   0.000E+00   5.000E-02
   8  20   0   0   4      0      0   0.000E+00   5.000E-02
   9  10   0   0   4      0      0   0.000E+00   5.000E-02
   9  11   0   0   4      0      0   0.000E+00   5.000E-02
   9  12   0   0   4      0      0   0.000E+00   5.000E-02
   9  13   0   0   4      0      0   0.000E+00   5.000E-02
   9  14   0   0   4      0      0   0.000E+00   5.000E-02
   9  15   0   0   4      0      0   0.000E+00   5.000E-02
   9  16   0   0   4      0      0   0.000E+00   5.000E-02
   9  17  -1   0   1      0      0   4.080E-02   7.000E-01
  F  1  7  0.  0.
   9  18   0   0   4      0      0   0.000E+00   5.000E-02
   9  19   0   0   4      0      0   0.000E+00   5.000E-02
   9  20  -1   0   1      0      0   6.227E-02   2.000E-01
  F  1  7  0.  0.
  10  11   0   0   4      0      0   0.000E+00   5.000E-02
  10  12   0   0   4      0      0   0.000E+00   5.000E-02
  10  13   0   0   4      0      0   0.000E+00   5.000E-02
  10  14   0   0   4      0      0   0.000E+00   5.000E-02
  10  15   0   0   4      0      0   0.000E+00   5.000E-02
  10  16   0   0   4      0      0   0.000E+00   5.000E-02
  10  17   0   0   4      0      0   0.000E+00   5.000E-02
  10  18  -1   0   1      0      0   7.359E-03   7.000E-01
  F  1  7  0.  0.
  10  19   0   0   4      0      0   0.000E+00   5.000E-02
  10  20   0   0   4      0      0   0.000E+00   5.000E-02
  11  12   0   0   4      0      0   0.000E+00   5.000E-02
  11  13   0   0   4      0      0   0.000E+00   5.000E-02
  11  14   0   0   4      0      0   0.000E+00   5.000E-02
  11  15   0   0   4      0      0   0.000E+00   5.000E-02
  11  16   0   0   4      0      0   0.000E+00   5.000E-02
  11  17   0   0   4      0      0   0.000E+00   5.000E-02
  11  18  -1   0   1      0      0   5.630E-01   7.000E-01
  F  1  7  0.  0.
  11  19   0   0   4      0      0   0.000E+00   5.000E-02
  11  20   0   0   4      0      0   0.000E+00   5.000E-02
  12  13   0   0   4      0      0   0.000E+00   5.000E-02
  12  14   0   0   4      0      0   0.000E+00   5.000E-02
  12  15   0   0   4      0      0   0.000E+00   5.000E-02
  12  16   0   0   4      0      0   0.000E+00   5.000E-02
  12  17   0   0   4      0      0   0.000E+00   5.000E-02
  12  18  -1   0   1      0      0   5.255E-01   7.000E-01
  F  1  7  0.  0.
  12  19   0   0   4      0      0   0.000E+00   5.000E-02
  12  20   0   0   4      0      0   0.000E+00   5.000E-02
  13  14   0   0   4      0      0   0.000E+00   5.000E-02
  13  15   0   0   4      0      0   0.000E+00   5.000E-02
  13  16   0   0   4      0      0   0.000E+00   5.000E-02
  13  17  -1   0   1      0      0   8.630E-01   7.000E-01
  F  1  7  0.  0.
  13  18   0   0   4      0      0   0.000E+00   5.000E-02
  13  19   0   0   4      0      0   0.000E+00   5.000E-02
  13  20  -1   0   1      0      0   9.170E-02   2.000E-01
  F  1  7  0.  0.
  14  15   0   0   4      0      0   0.000E+00   5.000E-02
  14  16   0   0   4      0      0   0.000E+00   5.000E-02
  14  17   0   0   4      0      0   0.000E+00   5.000E-02
  14  18  -1   0   1      0      0   9.403E-02   7.000E-01
  F  1  7  0.  0.
  14  19   0   0   4      0      0   0.000E+00   5.000E-02
  14  20   0   0   4      0      0   0.000E+00   5.000E-02
  15  16   0   0   4      0      0   0.000E+00   5.000E-02
  15  17  -1   0   1      0      0   3.732E-02   7.000E-01
  F  1  7  0.  0.
  15  18   0   0   4      0      0   0.000E+00   5.000E-02
  15  19   0   0   4      0      0   0.000E+00   5.000E-02
  15  20  -1   0   1      0      0   2.160E-03   7.000E-01
  F  1  7  0.  0.
  16  17  -1   0   1      0      0   1.064E-01   7.000E-01
  F  1  7  0.  0.
  16  18   0   0   4      0      0   0.000E+00   5.000E-02
  16  19   0   0   4      0      0   0.000E+00   5.000E-02
  16  20  -1   0   1      0      0   9.200E-04   7.000E-01
  F  1  7  0.  0.
  17  18   0   0   4      0      0   0.000E+00   5.000E-02
  17  19   0   0   4      0      0   0.000E+00   5.000E-02
  17  20  -1   0   1      0      0   1.804E-02   7.000E-01
  F  1  7  0.  0.
  18  19   0   0   4      0      0   0.000E+00   5.000E-02
  18  20   0   0   4      0      0   0.000E+00   5.000E-02
  19  20   0   0   4      0      0   0.000E+00   5.000E-02
