****** Levels
 1.1418197E+16       2.    3  'S IV 2Po 1'  0   0.     0
 1.1389674E+16       4.    3  'S IV 2Po 1'  0   0.     0
 9.2673625E+15      12.    3  'S IV 4Pe 1'  0   0.     0
 8.5962074E+15      10.    3  'S IV 2De 1'  0   0.     0
 7.71548077E+15      2.    3  'S IV 2Se 1'  0   0.     0
 7.39987421E+15      6.    3  'S IV 2Pe 1'  0   0.     0
 6.85711308E+15     10.    3  'S IV 2De 2'  0   0.     0
 5.97851600E+15      2.    4  'S IV 2Se 2'  0   0.    -105
 5.86871160E+15     10.    4  'S IV 2Do 1'  0   0.    -105
 5.52861140E+15      4.    4  'S IV 4So 1'  0   0.    -105
 5.30514157E+15     28.    4  'S IV 4Fo 1'  0   0.    -105
 5.08148787E+15      6.    4  'S IV 2Po 2'  0   0.    -105
 5.01297729E+15      6.    4  'S IV 2Po 3'  0   0.    -105
 4.75148878E+15     12.    4  'S IV 4Po 1'  0   0.    -105
 4.68695295E+15     20.    4  'S IV 4Do 1'  0   0.    -105
****** Continuum transitions
   1  16   1    119      0      0      0   1.104E-19   0.000E+00
 -0.0199 -0.0135 -0.0070  0.0059  0.0124  0.0189  0.0318  0.0447  0.0512  0.0641
  0.0770  0.0900  0.1158  0.1740  0.2452  0.3228  0.3422  0.9370  0.9933
 -0.0938 -0.1164 -0.1597 -0.2684 -0.2973 -0.2970 -0.2715 -0.2674 -0.2559 -0.1975
 -0.1413 -0.1154 -0.1095 -0.1386 -0.2048 -0.2952 -0.3307 -2.1121 -2.2820
   2  16   1    119      0      0      0   1.104E-19   0.000E+00
 -0.0199 -0.0135 -0.0070  0.0059  0.0124  0.0189  0.0318  0.0447  0.0512  0.0641
  0.0770  0.0900  0.1158  0.1740  0.2452  0.3228  0.3422  0.9370  0.9933
 -0.0938 -0.1164 -0.1597 -0.2684 -0.2973 -0.2970 -0.2715 -0.2674 -0.2559 -0.1975
 -0.1413 -0.1154 -0.1095 -0.1386 -0.2048 -0.2952 -0.3307 -2.1121 -2.2820
   3  16   1    112      0      0      0   2.100E-20   0.000E+00
  0.0838  0.1032  0.1097  0.1161  0.1226  0.1355  0.1485  0.1679  0.2325  0.3813
  0.4200  1.0502
 -0.1251 -0.0413 -0.0103  0.0099  0.0138 -0.0241 -0.0376 -0.0332 -0.0571 -0.2076
 -0.3138 -2.2068
   4  16   1    129      0      0      0   1.123E-19   0.000E+00
 -0.0265 -0.0136 -0.0071 -0.0006  0.0058  0.0123  0.0188  0.0252  0.0317  0.0382
  0.0446  0.0511  0.0640  0.0705  0.0769  0.1028  0.1093  0.1222  0.1287  0.1416
  0.1481  0.1610  0.1675  0.1804  0.2063  0.2774  0.4003  0.4261  1.0705
 -0.5871 -0.5382 -0.4642 -0.3429 -0.1992 -0.0696  0.0255  0.0889  0.1343  0.1646
  0.1665  0.1286 -0.0266 -0.0894 -0.1188 -0.1164 -0.1002 -0.0350 -0.0218 -0.0358
 -0.0269  0.0188  0.0260  0.0062 -0.0421 -0.0849 -0.2151 -0.2803 -2.2156
   5  16   1    137      0      0      0   1.678E-21   0.000E+00
 -0.0301 -0.0236 -0.0171 -0.0042  0.0023  0.0087  0.0152  0.0217  0.0281  0.0346
  0.0475  0.0540  0.0605  0.0669  0.0734  0.0799  0.0993  0.1057  0.1122  0.1186
  0.1251  0.1316  0.1380  0.1445  0.1510  0.1574  0.1704  0.1768  0.1833  0.1898
  0.2027  0.2092  0.2286  0.2997  0.4355  0.4743  1.1033
 -2.4770 -2.1569 -1.7920 -1.0339 -0.6852 -0.4000 -0.2021 -0.0968 -0.0891 -0.1681
 -0.4368 -0.4655 -0.3823 -0.2669 -0.1755 -0.1163  0.0352  0.0511  0.0186 -0.0528
 -0.1349 -0.1938 -0.2140 -0.2103 -0.1869 -0.1513 -0.0610 -0.0232 -0.0038 -0.0079
 -0.0494 -0.0575 -0.0410 -0.0492 -0.1728 -0.2790 -2.1685
   6  16   1    136      0      0      0   2.269E-21   0.000E+00
 -0.0314 -0.0249 -0.0185 -0.0120 -0.0055  0.0009  0.0074  0.0139  0.0203  0.0268
  0.0333  0.0397  0.0462  0.0527  0.0591  0.0656  0.0721  0.0785  0.0850  0.0915
  0.0979  0.1173  0.1302  0.1367  0.1432  0.1561  0.1626  0.1690  0.1949  0.2272
  0.2596  0.3048  0.4212  0.4471  0.4859  1.1062
 -2.2185 -2.1804 -2.0520 -1.7934 -1.4083 -0.9608 -0.5610 -0.2545 -0.0580  0.0383
  0.0261 -0.0853 -0.2829 -0.5293 -0.7106 -0.6787 -0.5158 -0.3619 -0.2657 -0.2287
 -0.2326 -0.2812 -0.3350 -0.3427 -0.3161 -0.2030 -0.1571 -0.1307 -0.0878 -0.1020
 -0.0668 -0.0581 -0.1355 -0.1703 -0.2763 -2.1397
   7  16   1    132      0      0      0   4.489E-19   0.000E+00
 -0.0338 -0.0209 -0.0144 -0.0080  0.0050  0.0114  0.0179  0.0244  0.0502  0.0696
  0.0890  0.0955  0.1019  0.1149  0.1213  0.1278  0.1472  0.1537  0.1795  0.1860
  0.1925  0.1989  0.2054  0.2119  0.2248  0.2313  0.2442  0.2507  0.2701  0.4640
  0.4899  1.1352
  0.6248  0.6197  0.6075  0.5773  0.4643  0.4153  0.3954  0.3847  0.3655  0.3306
  0.2616  0.2492  0.2551  0.2918  0.2939  0.2731  0.1399  0.1090  0.0214  0.0168
  0.0323  0.0588  0.0758  0.0682  0.0003 -0.0185 -0.0062 -0.0084 -0.0515 -0.2953
 -0.3612 -2.2992
   8  16   1    120      0      0      0   4.693E-20   0.000E+00
 -0.0391  0.0126  0.0191  0.0256  0.0320  0.0450  0.0579  0.0708  0.0838  0.0902
  0.0967  0.1161  0.1355  0.1613  0.1937  0.2389  0.3424  0.5040  0.5234  1.1584
 -0.9262 -0.7751 -0.7614 -0.7592 -0.7671 -0.8014 -0.7977 -0.7449 -0.6823 -0.6593
 -0.6577 -0.7118 -0.7210 -0.7833 -0.7865 -0.8472 -1.0054 -1.1570 -1.1992 -3.1046
   9  16   1    146      0      0      0   3.158E-21   0.000E+00
 -0.0389 -0.0325 -0.0260 -0.0195 -0.0131 -0.0066 -0.0001  0.0063  0.0128  0.0193
  0.0257  0.0322  0.0387  0.0451  0.0516  0.0581  0.0645  0.0710  0.0775  0.0839
  0.0904  0.0969  0.1033  0.1098  0.1163  0.1227  0.1292  0.1357  0.1421  0.1486
  0.1551  0.1615  0.1680  0.1809  0.1874  0.1939  0.2068  0.2133  0.2197  0.2391
  0.2650  0.3038  0.3620  0.5042  0.5301  1.1397
 -0.1558 -0.1243 -0.1442 -0.2260 -0.3682 -0.5402 -0.6548 -0.6269 -0.5233 -0.4477
 -0.4425 -0.5138 -0.6547 -0.8527 -1.0822 -1.2694 -1.2820 -1.1231 -0.9319 -0.7893
 -0.7191 -0.7169 -0.7362 -0.6818 -0.5140 -0.3088 -0.1269  0.0202  0.1316  0.2044
  0.2333  0.2155  0.1547 -0.0293 -0.0892 -0.0838 -0.0013  0.0234  0.0248  0.0007
 -0.0127  0.0060 -0.0113 -0.1321 -0.1958 -2.0265
  10  16   1    130      0      0      0   4.735E-21   0.000E+00
  0.1324  0.1389  0.1454  0.1518  0.1583  0.1648  0.1712  0.1777  0.1842  0.1906
  0.1971  0.2036  0.2100  0.2165  0.2230  0.2294  0.2359  0.2424  0.2488  0.2553
  0.2618  0.2682  0.2747  0.2812  0.2941  0.3006  0.3329  0.3588  0.3782  1.0271
 -1.6257 -1.1534 -0.6914 -0.3029  0.0085  0.2122  0.3087  0.2992  0.1875 -0.0205
 -0.2998 -0.5522 -0.5539 -0.3649 -0.1975 -0.1123 -0.1018 -0.1257 -0.1251 -0.0738
 -0.0030  0.0470  0.0600  0.0407 -0.0167 -0.0191  0.0184  0.0137 -0.0272 -1.9747
  11  16   1    117      0      0      0   1.710E-18   0.000E+00
  0.1365  0.1623  0.1947  0.2011  0.2076  0.2205  0.2270  0.2335  0.2593  0.2787
  0.2917  0.3111  0.3628  0.4727  0.5374  0.6020  1.1359
  0.4482  0.4008  0.3287  0.3201  0.3249  0.3637  0.3701  0.3465  0.1721  0.1746
  0.1422  0.0932 -0.0154 -0.2129 -0.3196 -0.5063 -2.1105
  12  16   1    155      0      0      0   5.158E-19   0.000E+00
 -0.0460 -0.0395 -0.0331 -0.0266 -0.0201 -0.0137 -0.0072 -0.0008  0.0057  0.0122
  0.0186  0.0251  0.0316  0.0380  0.0510  0.0574  0.0639  0.0704  0.0768  0.0833
  0.0898  0.0962  0.1027  0.1092  0.1156  0.1221  0.1286  0.1350  0.1415  0.1480
  0.1544  0.1609  0.1674  0.1738  0.1803  0.1868  0.1932  0.2062  0.2126  0.2191
  0.2320  0.2385  0.2450  0.2514  0.2579  0.2644  0.2708  0.2838  0.2902  0.3161
  0.3743  0.4001  0.4195  0.4454  1.0827
 -0.8469 -0.8087 -0.6131 -0.2112  0.2399  0.6215  0.9004  1.0686  1.1270  1.0810
  0.9391  0.7275  0.5064  0.3684  0.2547  0.1582  0.0510  0.0066  0.0707  0.1916
  0.2951  0.3389  0.3063  0.1941  0.0084 -0.2261 -0.4368 -0.4946 -0.3736 -0.1831
 -0.0025  0.1378  0.2196  0.2442  0.2151  0.1456  0.0483 -0.1721 -0.2371 -0.2247
 -0.0772 -0.0280 -0.0217 -0.0498 -0.0880 -0.1107 -0.1079 -0.0747 -0.0677 -0.0831
 -0.0548 -0.0558 -0.0748 -0.1416 -2.0557
  13  16   1    150      0      0      0   5.729E-20   0.000E+00
 -0.0469 -0.0405 -0.0340 -0.0275 -0.0211 -0.0146 -0.0081 -0.0017  0.0048  0.0113
  0.0177  0.0242  0.0307  0.0371  0.0436  0.0501  0.0565  0.0695  0.0759  0.0824
  0.0889  0.0953  0.1018  0.1147  0.1212  0.1277  0.1341  0.1406  0.1471  0.1600
  0.1665  0.1729  0.1794  0.1859  0.1923  0.2053  0.2117  0.2182  0.2247  0.2376
  0.2441  0.2505  0.2635  0.2699  0.2958  0.3410  0.5156  0.5609  0.5932  1.2029
 -0.2335 -0.1814 -0.1411 -0.1110 -0.0664  0.0309  0.1673  0.2853  0.3381  0.3034
  0.1831  0.0179 -0.1324 -0.1794 -0.2113 -0.2274 -0.2833 -0.4504 -0.4974 -0.4955
 -0.4698 -0.4539 -0.4724 -0.5710 -0.6075 -0.6284 -0.6345 -0.6269 -0.5900 -0.4641
 -0.4120 -0.3858 -0.3859 -0.4080 -0.4438 -0.5342 -0.5712 -0.5901 -0.5868 -0.5456
 -0.5339 -0.5398 -0.5757 -0.5852 -0.5828 -0.6073 -0.6839 -0.7273 -0.8125 -2.6438
  14  16   1    116      0      0      0   7.637E-18   0.000E+00
  0.1507  0.1636  0.1830  0.1959  0.2153  0.2218  0.2347  0.2412  0.2477  0.2541
  0.2800  0.2865  0.3059  0.3382  0.4028  1.0658
  0.5593  0.5297  0.4395  0.3992  0.3641  0.3619  0.3997  0.4255  0.4375  0.4166
  0.2141  0.1969  0.1980  0.1192 -0.0090 -1.9961
  15  16   1    119      0      0      0   1.407E-18   0.000E+00
  0.1524  0.1589  0.1783  0.1977  0.2300  0.2365  0.2494  0.2559  0.2624  0.2753
  0.2818  0.2882  0.3012  0.3141  0.3335  0.3723  0.3982  0.4369  1.0693
  0.6678  0.6410  0.5174  0.4547  0.4083  0.4205  0.4575  0.4435  0.3999  0.3008
  0.2578  0.2462  0.2436  0.2162  0.1652  0.0774  0.0336 -0.0730 -1.9727
*** Line transitions
   1   2   0   0   4      0      0   0.000E+00   5.000E-02
   1   3   0   0   4      0      0   0.000E+00   5.000E-02
   1   4  -1   0   1      0      0   4.767E-02   7.000E-01
  F  1  7  0.  0.
   1   5  -1   0   1      0      0   1.052E-01   7.000E-01
  F  1  7  0.  0.
   1   6  -1   0   1      0      0   7.617E-01   2.000E-01
  F  1  7  0.  0.
   1   7  -1   0   1      0      0   1.183E+00   2.000E-01
  F  1  7  0.  0.
   1   8  -1   0   1      0      0   8.733E-02   2.000E-01
  F  1  7  0.  0.
   1   9   0   0   4      0      0   0.000E+00   5.000E-02
   1  10   0   0   4      0      0   0.000E+00   5.000E-02
   1  11   0   0   4      0      0   0.000E+00   5.000E-02
   1  12   0   0   4      0      0   0.000E+00   5.000E-02
   1  13   0   0   4      0      0   0.000E+00   5.000E-02
   1  14   0   0   4      0      0   0.000E+00   5.000E-02
   1  15   0   0   4      0      0   0.000E+00   5.000E-02
   2   3   0   0   4      0      0   0.000E+00   5.000E-02
   2   4  -1   0   1      0      0   4.767E-02   7.000E-01
  F  1  7  0.  0.
   2   5  -1   0   1      0      0   1.052E-01   7.000E-01
  F  1  7  0.  0.
   2   6  -1   0   1      0      0   7.617E-01   2.000E-01
  F  1  7  0.  0.
   2   7  -1   0   1      0      0   1.183E+00   2.000E-01
  F  1  7  0.  0.
   2   8  -1   0   1      0      0   8.733E-02   2.000E-01
  F  1  7  0.  0.
   2   9   0   0   4      0      0   0.000E+00   5.000E-02
   2  10   0   0   4      0      0   0.000E+00   5.000E-02
   2  11   0   0   4      0      0   0.000E+00   5.000E-02
   2  12   0   0   4      0      0   0.000E+00   5.000E-02
   2  13   0   0   4      0      0   0.000E+00   5.000E-02
   2  14   0   0   4      0      0   0.000E+00   5.000E-02
   2  15   0   0   4      0      0   0.000E+00   5.000E-02
   3   4   0   0   4      0      0   0.000E+00   5.000E-02
   3   5   0   0   4      0      0   0.000E+00   5.000E-02
   3   6   0   0   4      0      0   0.000E+00   5.000E-02
   3   7   0   0   4      0      0   0.000E+00   5.000E-02
   3   8   0   0   4      0      0   0.000E+00   5.000E-02
   3   9   0   0   4      0      0   0.000E+00   5.000E-02
   3  10  -1   0   1      0      0   2.542E-01   2.000E-01
  F  1  7  0.  0.
   3  11   0   0   4      0      0   0.000E+00   5.000E-02
   3  12   0   0   4      0      0   0.000E+00   5.000E-02
   3  13   0   0   4      0      0   0.000E+00   5.000E-02
   3  14  -1   0   1      0      0   4.342E-01   2.000E-01
  F  1  7  0.  0.
   3  15  -1   0   1      0      0   1.192E+00   2.000E-01
  F  1  7  0.  0.
   4   5   0   0   4      0      0   0.000E+00   5.000E-02
   4   6   0   0   4      0      0   0.000E+00   5.000E-02
   4   7   0   0   4      0      0   0.000E+00   5.000E-02
   4   8   0   0   4      0      0   0.000E+00   5.000E-02
   4   9  -1   0   1      0      0   4.410E-02   2.000E-01
  F  1  7  0.  0.
   4  10   0   0   4      0      0   0.000E+00   5.000E-02
   4  11   0   0   4      0      0   0.000E+00   5.000E-02
   4  12  -1   0   1      0      0   9.480E-02   2.000E-01
  F  1  7  0.  0.
   4  13  -1   0   1      0      0   1.010E-01   2.000E-01
  F  1  7  0.  0.
   4  14   0   0   4      0      0   0.000E+00   5.000E-02
   4  15   0   0   4      0      0   0.000E+00   5.000E-02
   5   6   0   0   4      0      0   0.000E+00   5.000E-02
   5   7   0   0   4      0      0   0.000E+00   5.000E-02
   5   8   0   0   4      0      0   0.000E+00   5.000E-02
   5   9   0   0   4      0      0   0.000E+00   5.000E-02
   5  10   0   0   4      0      0   0.000E+00   5.000E-02
   5  11   0   0   4      0      0   0.000E+00   5.000E-02
   5  12  -1   0   1      0      0   2.405E-02   2.000E-01
  F  1  7  0.  0.
   5  13  -1   0   1      0      0   3.180E-02   2.000E-01
  F  1  7  0.  0.
   5  14   0   0   4      0      0   0.000E+00   5.000E-02
   5  15   0   0   4      0      0   0.000E+00   5.000E-02
   6   7   0   0   4      0      0   0.000E+00   5.000E-02
   6   8   0   0   4      0      0   0.000E+00   5.000E-02
   6   9  -1   0   1      0      0   2.733E-02   7.000E-01
  F  1  7  0.  0.
   6  10   0   0   4      0      0   0.000E+00   5.000E-02
   6  11   0   0   4      0      0   0.000E+00   5.000E-02
   6  12  -1   0   1      0      0   4.883E-02   2.000E-01
  F  1  7  0.  0.
   6  13  -1   0   1      0      0   7.617E-03   2.000E-01
  F  1  7  0.  0.
   6  14   0   0   4      0      0   0.000E+00   5.000E-02
   6  15   0   0   4      0      0   0.000E+00   5.000E-02
   7   8   0   0   4      0      0   0.000E+00   5.000E-02
   7   9  -1   0   1      0      0   1.240E-03   7.000E-01
  F  1  7  0.  0.
   7  10   0   0   4      0      0   0.000E+00   5.000E-02
   7  11   0   0   4      0      0   0.000E+00   5.000E-02
   7  12  -1   0   1      0      0   1.540E-02   7.000E-01
  F  1  7  0.  0.
   7  13  -1   0   1      0      0   8.770E-02   7.000E-01
  F  1  7  0.  0.
   7  14   0   0   4      0      0   0.000E+00   5.000E-02
   7  15   0   0   4      0      0   0.000E+00   5.000E-02
   8   9   0   0   4      0      0   0.000E+00   5.000E-02
   8  10   0   0   4      0      0   0.000E+00   5.000E-02
   8  11   0   0   4      0      0   0.000E+00   5.000E-02
   8  12  -1   0   1      0      0   9.800E-02   7.000E-01
  F  1  7  0.  0.
   8  13  -1   0   1      0      0   8.450E-01   7.000E-01
  F  1  7  0.  0.
   8  14   0   0   4      0      0   0.000E+00   5.000E-02
   8  15   0   0   4      0      0   0.000E+00   5.000E-02
   9  10   0   0   4      0      0   0.000E+00   5.000E-02
   9  11   0   0   4      0      0   0.000E+00   5.000E-02
   9  12   0   0   4      0      0   0.000E+00   5.000E-02
   9  13   0   0   4      0      0   0.000E+00   5.000E-02
   9  14   0   0   4      0      0   0.000E+00   5.000E-02
   9  15   0   0   4      0      0   0.000E+00   5.000E-02
  10  11   0   0   4      0      0   0.000E+00   5.000E-02
  10  12   0   0   4      0      0   0.000E+00   5.000E-02
  10  13   0   0   4      0      0   0.000E+00   5.000E-02
  10  14   0   0   4      0      0   0.000E+00   5.000E-02
  10  15   0   0   4      0      0   0.000E+00   5.000E-02
  11  12   0   0   4      0      0   0.000E+00   5.000E-02
  11  13   0   0   4      0      0   0.000E+00   5.000E-02
  11  14   0   0   4      0      0   0.000E+00   5.000E-02
  11  15   0   0   4      0      0   0.000E+00   5.000E-02
  12  13   0   0   4      0      0   0.000E+00   5.000E-02
  12  14   0   0   4      0      0   0.000E+00   5.000E-02
  12  15   0   0   4      0      0   0.000E+00   5.000E-02
  13  14   0   0   4      0      0   0.000E+00   5.000E-02
  13  15   0   0   4      0      0   0.000E+00   5.000E-02
  14  15   0   0   4      0      0   0.000E+00   5.000E-02
