****** Levels
 1.7543713E+16      1.    3  'S V  1Se 1'  0   0.   0
 1.5033551E+16      9.    3  'S V  3Po 1'  0   0.   0
 1.3733908E+16      3.    3  'S V  1Po 1'  0   0.   0
 1.1738725E+16      5.    3  'S V  1De 1'  0   0.   0
 1.1528242E+16      9.    3  'S V  3Pe 1'  0   0.   0
 1.0503922E+16     15.    3  'S V  3De 1'  0   0.   0
 1.0491940E+16      1.    3  'S V  1Se 2'  0   0.   0
 9.4327390E+15      5.    3  'S V  1De 2'  0   0.   0
 8.2074145E+15      3.    4  'S V  3Se 1'  0   0.  -104
 7.9523433E+15      1.    4  'S V  1Se 3'  0   0.  -104
 7.8454079E+15     21.    4  'S V  3Fo 1'  0   0.  -104
 7.7022634E+15      5.    4  'S V  1Do 1'  0   0.  -104
****** Continuum transitions
   1  13   1    109      0      0      0   1.363E-19   0.000E+00
 -0.0204  0.0314  0.1348  0.1995  0.2447  0.3417  0.3676  0.4193  1.0152
 -0.3217 -0.3810 -0.4886 -0.5677 -0.6170 -0.7643 -0.8035 -0.9510 -2.7411
   2  13   1    114      0      0      0   1.426E-19   0.000E+00
 -0.0238 -0.0109  0.0021  0.0085  0.0150  0.0409  0.0603  0.0797  0.1055  0.1896
  0.3318  0.4030  0.4482  1.0539
 -0.3968 -0.3280 -0.2507 -0.2286 -0.2254 -0.2614 -0.2635 -0.2562 -0.2695 -0.3676
 -0.5722 -0.6872 -0.8146 -2.6341
   3  13   1    117      0      0      0   6.900E-20   0.000E+00
 -0.0263 -0.0198 -0.0133 -0.0069 -0.0004  0.0125  0.0190  0.0319  0.0578  0.0901
  0.1160  0.1548  0.1871  0.3164  0.4134  0.4393  1.0882
 -0.3064 -0.3432 -0.3696 -0.3726 -0.3580 -0.2792 -0.2533 -0.2441 -0.2559 -0.2320
 -0.2397 -0.2943 -0.3186 -0.4927 -0.6466 -0.7012 -2.6478
   4  13   1    125      0      0      0   1.479E-19   0.000E+00
 -0.0307 -0.0242 -0.0178 -0.0113 -0.0048  0.0016  0.0081  0.0146  0.0275  0.0340
  0.0404  0.0469  0.0728  0.0857  0.0986  0.1115  0.1180  0.1568  0.1762  0.2021
  0.2926  0.3767  0.4413  0.4801  1.1217
 -0.0716 -0.0074  0.0373  0.0534  0.0491  0.0353  0.0104 -0.0321 -0.1570 -0.2004
 -0.2103 -0.1942 -0.0917 -0.0638 -0.0734 -0.1181 -0.1318 -0.1442 -0.1711 -0.2065
 -0.3239 -0.4509 -0.5589 -0.6415 -2.5666
   5  13   1    129      0      0      0   3.348E-21   0.000E+00
 -0.0314 -0.0249 -0.0185 -0.0120 -0.0055  0.0009  0.0074  0.0139  0.0268  0.0333
  0.0462  0.0527  0.0591  0.0656  0.0721  0.0785  0.0850  0.0915  0.0979  0.1044
  0.1173  0.1626  0.1949  0.2273  0.2725  0.3695  0.4600  0.4924  1.1366
 -0.8810 -0.6758 -0.4833 -0.3102 -0.1735 -0.0945 -0.0861 -0.1447 -0.3339 -0.3899
 -0.4474 -0.4690 -0.4744 -0.4492 -0.3875 -0.3024 -0.2264 -0.1629 -0.1207 -0.0955
 -0.0856 -0.1174 -0.1546 -0.1754 -0.2324 -0.3730 -0.5181 -0.5944 -2.5283
   6  13   1    132      0      0      0   4.082E-19   0.000E+00
 -0.0346 -0.0216 -0.0152 -0.0087 -0.0022  0.0042  0.0107  0.0172  0.0236  0.0301
  0.0365  0.0430  0.0495  0.0559  0.0624  0.0753  0.0818  0.0883  0.1077  0.1141
  0.1206  0.1271  0.1400  0.1465  0.1723  0.1853  0.1982  0.2047  0.2564  0.3792
  0.5086  1.1205
  0.2669  0.3121  0.3714  0.4968  0.6605  0.7963  0.8810  0.8743  0.7690  0.6179
  0.4112  0.2179  0.0931  0.0004 -0.0402 -0.0922 -0.1055 -0.0987  0.0718  0.1047
  0.0846  0.0148 -0.1476 -0.1806 -0.1994 -0.2324 -0.2832 -0.2996 -0.3696 -0.6133
 -0.8600 -2.6951
   7  13   1    134      0      0      0   7.028E-21   0.000E+00
 -0.0348 -0.0284 -0.0219 -0.0154 -0.0090 -0.0025  0.0104  0.0169  0.0234  0.0298
  0.0363  0.0492  0.0622  0.0751  0.0816  0.0880  0.0945  0.1139  0.1204  0.1333
  0.1398  0.1462  0.1656  0.1850  0.2109  0.2562  0.2820  0.2950  0.3079  0.3208
  0.3790  0.4695  0.5083  1.1311
 -0.2268 -0.0375  0.0928  0.1576  0.1549  0.0937 -0.1077 -0.1865 -0.2261 -0.2314
 -0.2171 -0.1567 -0.0856 -0.0350 -0.0222 -0.0237 -0.0402 -0.1107 -0.1137 -0.0846
 -0.0766 -0.0793 -0.1101 -0.1242 -0.1645 -0.1562 -0.2044 -0.2052 -0.1965 -0.2088
 -0.3167 -0.4744 -0.5484 -2.4151
   8  13   1    135      0      0      0   4.229E-19   0.000E+00
 -0.0390 -0.0196 -0.0131 -0.0066 -0.0002  0.0192  0.0257  0.0322  0.0386  0.0516
  0.0580  0.0645  0.0968  0.1033  0.1098  0.1162  0.1227  0.1292  0.1356  0.1421
  0.1550  0.1615  0.1680  0.1874  0.1938  0.2003  0.2068  0.2261  0.2391  0.2779
  0.3102  0.3425  0.5365  0.5947  1.1552
  0.2279  0.2011  0.1900  0.1937  0.2069  0.2909  0.2982  0.2815  0.2388  0.1110
  0.0585  0.0229 -0.0904 -0.1051 -0.0957 -0.0724 -0.0332 -0.0038 -0.0041 -0.0357
 -0.1286 -0.1504 -0.1464 -0.0897 -0.0779 -0.0812 -0.1022 -0.1941 -0.2274 -0.2661
 -0.3327 -0.3751 -0.7232 -0.8902 -2.5741
   9  13   1    144      0      0      0   1.068E-19   0.000E+00
 -0.0448  0.0069  0.0263  0.0845  0.0910  0.0974  0.1039  0.1104  0.1233  0.1298
  0.1362  0.1427  0.1492  0.1556  0.1621  0.1686  0.1750  0.2074  0.2138  0.2203
  0.2268  0.2332  0.2397  0.2462  0.2526  0.2591  0.2656  0.2720  0.2785  0.2850
  0.2914  0.2979  0.3044  0.3108  0.3238  0.3302  0.3367  0.3432  0.3626  0.3690
  0.3820  0.5824  0.6277  1.2318
 -0.4466 -0.4568 -0.4890 -0.5161 -0.5137 -0.5015 -0.4589 -0.3440  0.0643  0.2300
  0.3172  0.3089  0.1939  0.0148 -0.2024 -0.4353 -0.5682 -0.7125 -0.7122 -0.6837
 -0.6007 -0.4778 -0.3391 -0.2395 -0.2058 -0.2476 -0.3473 -0.4578 -0.5032 -0.4948
 -0.4577 -0.4304 -0.4155 -0.3899 -0.3050 -0.2754 -0.2735 -0.2970 -0.4258 -0.4551
 -0.4849 -0.7578 -0.8851 -2.7001
  10  13   1    147      0      0      0   5.836E-20   0.000E+00
 -0.0464 -0.0140 -0.0011  0.0054  0.0183  0.0248  0.0442  0.0571  0.0894  0.1218
  0.1282  0.1476  0.1541  0.1606  0.1670  0.1735  0.1800  0.1864  0.1994  0.2058
  0.2123  0.2188  0.2252  0.2317  0.2382  0.2446  0.2511  0.2576  0.2640  0.2705
  0.2770  0.2834  0.2899  0.2963  0.3028  0.3093  0.3222  0.3287  0.3351  0.3481
  0.3545  0.3675  0.3998  0.5227  0.5938  0.6390  1.2421
 -0.5595 -0.5568 -0.5517 -0.5586 -0.6009 -0.6120 -0.5966 -0.6133 -0.6748 -0.7152
 -0.6278 -0.2617 -0.0563  0.0955  0.1573  0.1289  0.0185 -0.1519 -0.5306 -0.6427
 -0.7222 -0.7549 -0.7491 -0.6658 -0.5228 -0.3437 -0.1993 -0.1304 -0.1476 -0.2405
 -0.3670 -0.4653 -0.4582 -0.4149 -0.3886 -0.4179 -0.5703 -0.6084 -0.5924 -0.5171
 -0.4942 -0.4812 -0.5100 -0.6698 -0.7717 -0.8994 -2.7111
  11  13   1    135      0      0      0   1.741E-19   0.000E+00
 -0.0467 -0.0403 -0.0338 -0.0273 -0.0209 -0.0144 -0.0079 -0.0015  0.0050  0.0179
  0.0244  0.0309  0.0373  0.0438  0.0503  0.0632  0.0697  0.0761  0.0826  0.1020
  0.1085  0.1214  0.1279  0.1473  0.1602  0.1731  0.1796  0.1925  0.2054  0.2184
  0.2636  0.2960  0.5546  0.5999  1.2098
  0.1783  0.2533  0.3823  0.5537  0.7136  0.8129  0.8277  0.7505  0.5839  0.1171
  0.0573  0.1875  0.3315  0.4045  0.3984  0.2898  0.2802  0.2956  0.3023  0.2577
  0.2583  0.2763  0.2752  0.2008  0.1592  0.1759  0.1607  0.0975  0.0699  0.0642
 -0.0235 -0.1077 -0.5776 -0.6694 -2.4995
  12  13   1    141      0      0      0   3.821E-20   0.000E+00
 -0.0478 -0.0413 -0.0348 -0.0284 -0.0219 -0.0154 -0.0090 -0.0025  0.0040  0.0104
  0.0169  0.0234  0.0298  0.0363  0.0428  0.0492  0.0557  0.0622  0.0686  0.0751
  0.0816  0.0880  0.0945  0.1010  0.1139  0.1204  0.1268  0.1333  0.1398  0.1527
  0.1656  0.1721  0.1850  0.1915  0.2109  0.2238  0.2497  0.2755  0.5859  0.6182
  1.2079
  0.2967  0.4009  0.4671  0.4788  0.4292  0.3178  0.1586 -0.0270 -0.2283 -0.4503
 -0.6925 -0.9249 -1.0185 -0.9440 -0.8412 -0.7864 -0.8019 -0.8524 -0.8861 -0.8729
 -0.8185 -0.7313 -0.6079 -0.4434 -0.0593  0.0852  0.2001  0.2477  0.2441  0.1725
  0.1192  0.1095  0.1152  0.1017  0.0343  0.0206  0.0041 -0.0390 -0.6117 -0.6926
 -2.4634
*** Line transitions
   1   2   0   0   4      0      0   0.000E+00   5.000E-02
   1   3  -1   0   1      0      0   1.440E+00   7.000E-01
  F  1  7  0.  0.
   1   4   0   0   4      0      0   0.000E+00   5.000E-02
   1   5   0   0   4      0      0   0.000E+00   5.000E-02
   1   6   0   0   4      0      0   0.000E+00   5.000E-02
   1   7   0   0   4      0      0   0.000E+00   5.000E-02
   1   8   0   0   4      0      0   0.000E+00   5.000E-02
   1   9   0   0   4      0      0   0.000E+00   5.000E-02
   1  10   0   0   4      0      0   0.000E+00   5.000E-02
   1  11   0   0   4      0      0   0.000E+00   5.000E-02
   1  12   0   0   4      0      0   0.000E+00   5.000E-02
   2   3   0   0   4      0      0   0.000E+00   5.000E-02
   2   4   0   0   4      0      0   0.000E+00   5.000E-02
   2   5  -1   0   1      0      0   4.844E-01   7.000E-01
  F  1  7  0.  0.
   2   6  -1   0   1      0      0   7.211E-01   7.000E-01
  F  1  7  0.  0.
   2   7   0   0   4      0      0   0.000E+00   5.000E-02
   2   8   0   0   4      0      0   0.000E+00   5.000E-02
   2   9  -1   0   1      0      0   1.041E-01   2.000E-01
  F  1  7  0.  0.
   2  10   0   0   4      0      0   0.000E+00   5.000E-02
   2  11   0   0   4      0      0   0.000E+00   5.000E-02
   2  12   0   0   4      0      0   0.000E+00   5.000E-02
   3   4  -1   0   1      0      0   1.043E-01   7.000E-01
  F  1  7  0.  0.
   3   5   0   0   4      0      0   0.000E+00   5.000E-02
   3   6   0   0   4      0      0   0.000E+00   5.000E-02
   3   7  -1   0   1      0      0   1.863E-01   7.000E-01
  F  1  7  0.  0.
   3   8  -1   0   1      0      0   1.437E+00   2.000E-01
  F  1  7  0.  0.
   3   9   0   0   4      0      0   0.000E+00   5.000E-02
   3  10  -1   0   1      0      0   8.067E-02   2.000E-01
  F  1  7  0.  0.
   3  11   0   0   4      0      0   0.000E+00   5.000E-02
   3  12   0   0   4      0      0   0.000E+00   5.000E-02
   4   5   0   0   4      0      0   0.000E+00   5.000E-02
   4   6   0   0   4      0      0   0.000E+00   5.000E-02
   4   7   0   0   4      0      0   0.000E+00   5.000E-02
   4   8   0   0   4      0      0   0.000E+00   5.000E-02
   4   9   0   0   4      0      0   0.000E+00   5.000E-02
   4  10   0   0   4      0      0   0.000E+00   5.000E-02
   4  11   0   0   4      0      0   0.000E+00   5.000E-02
   4  12  -1   0   1      0      0   4.200E-01   2.000E-01
  F  1  7  0.  0.
   5   6   0   0   4      0      0   0.000E+00   5.000E-02
   5   7   0   0   4      0      0   0.000E+00   5.000E-02
   5   8   0   0   4      0      0   0.000E+00   5.000E-02
   5   9   0   0   4      0      0   0.000E+00   5.000E-02
   5  10   0   0   4      0      0   0.000E+00   5.000E-02
   5  11   0   0   4      0      0   0.000E+00   5.000E-02
   5  12   0   0   4      0      0   0.000E+00   5.000E-02
   6   7   0   0   4      0      0   0.000E+00   5.000E-02
   6   8   0   0   4      0      0   0.000E+00   5.000E-02
   6   9   0   0   4      0      0   0.000E+00   5.000E-02
   6  10   0   0   4      0      0   0.000E+00   5.000E-02
   6  11  -1   0   1      0      0   1.933E-01   7.000E-01
  F  1  7  0.  0.
   6  12   0   0   4      0      0   0.000E+00   5.000E-02
   7   8   0   0   4      0      0   0.000E+00   5.000E-02
   7   9   0   0   4      0      0   0.000E+00   5.000E-02
   7  10   0   0   4      0      0   0.000E+00   5.000E-02
   7  11   0   0   4      0      0   0.000E+00   5.000E-02
   7  12   0   0   4      0      0   0.000E+00   5.000E-02
   8   9   0   0   4      0      0   0.000E+00   5.000E-02
   8  10   0   0   4      0      0   0.000E+00   5.000E-02
   8  11   0   0   4      0      0   0.000E+00   5.000E-02
   8  12  -1   0   1      0      0   3.200E-02   7.000E-01
  F  1  7  0.  0.
   9  10   0   0   4      0      0   0.000E+00   5.000E-02
   9  11   0   0   4      0      0   0.000E+00   5.000E-02
   9  12   0   0   4      0      0   0.000E+00   5.000E-02
  10  11   0   0   4      0      0   0.000E+00   5.000E-02
  10  12   0   0   4      0      0   0.000E+00   5.000E-02
  11  12   0   0   4      0      0   0.000E+00   5.000E-02
