****** Levels
 3.95219870E+15      2.    2  'SiII 2Po 1'  0   0.     0
 3.94379732E+15      4.    2  'SiII 2Po 1'  0   0.     0
 2.66323455E+15     12.    2  'SiII 4Pe 1'  0   0.     0
 2.29399098E+15     10.    2  'SiII 2De 1'  0   0.     0
 1.98876139E+15      2.    3  'SiII 2Se 1'  0   0.  -102
 1.65403886E+15      2.    3  'SiII 2Se 2'  0   0.  -102
 1.57360268E+15     10.    3  'SiII 2De 2'  0   0.  -102
 1.51715456E+15      6.    3  'SiII 2Po 2'  0   0.  -102
 1.43604555E+15      6.    3  'SiII 2Pe 1'  0   0.  -102
 1.01527878E+15      2.    4  'SiII 2Se 3'  0   0.  -102
 9.23797698E+14     10.    4  'SiII 2De 3'  0   0.  -102
 8.47874647E+14     14.    4  'SiII 2Fo 1'  0   0.  -104
 8.38251608E+14      6.    4  'SiII 2Po 3'  0   0.  -102
 5.86566972E+14     60.    5  'SiII+2__ 1'  0   0.  -102
 5.03101698E+14     40.    5  'SiII+4_o 2'  0   0.  -102
 3.75532747E+14     72.    6  'SiII+2__ 3'  0   0.  -102
****** Continuum transitions
   1  17   1    108      0      0      0   2.964E-19   0.000E+00
   0.002   0.009   0.012   0.096   0.129   0.206   0.375   1.041
   0.077  -0.317   0.465  -0.437  -0.479  -0.359  -0.239  -2.239
   2  17   1    108      0      0      0   2.964E-19   0.000E+00
   0.002   0.009   0.012   0.096   0.129   0.206   0.375   1.041
   0.077  -0.317   0.465  -0.437  -0.479  -0.359  -0.239  -2.239
   3  17   1    106      0      0      0   7.402E-18   0.000E+00
   0.192   0.267   0.354   0.391   0.478   1.149
   0.373  -0.092  -0.373  -0.282  -0.197  -2.190
   4  17   1    109      0      0      0   1.018E-18   0.000E+00
   0.002   0.085   0.125   0.153   0.221   0.301   0.392   0.537   1.206
   0.704   0.606   1.324   0.141   0.620   0.127  -0.324  -0.296  -2.282
   5  17   1    110      0      0      0   1.674E-19   0.000E+00
   0.002   0.069   0.098   0.105   0.155   0.247   0.336   0.482   0.571   1.240
  -0.056   0.746   2.458   0.768  -0.542  -1.578  -0.923  -0.796  -0.521  -2.507
   6  17   1    110      0      0      0   3.394E-21   0.000E+00
   0.002   0.037   0.080   0.165   0.187   0.272   0.272   0.546   0.614   1.294
  -1.775  -1.863   0.672  -0.789  -1.581  -0.578   1.060  -0.489  -0.173  -2.197
   7  17   1    106      0      0      0   5.972E-21   0.000E+00
  -0.002   0.133   0.294   0.425   0.632   1.318
  -1.574   2.134   0.708   0.137  -0.412  -2.451
   8  17   1    112      0      0      0   4.354E-19   0.000E+00
  -0.002   0.044   0.126   0.183   0.215   0.233   0.294   0.411   0.560   0.635
   0.639   1.336
   0.352  -0.014  -0.141   0.296   2.099   1.408   0.113  -0.831  -1.085  -0.845
  -0.606  -2.732
   9  17   1    115      0      0      0   4.903E-20   0.000E+00
  -0.002   0.087   0.101   0.126   0.148   0.205   0.304   0.304   0.311   0.347
   0.411   0.436   0.496   0.664   1.343
  -0.613  -0.507   0.479   1.482   0.091  -0.173  -1.247   1.007   1.553   0.461
   0.373   0.672   0.109  -0.331  -2.320
  10  17   1    117      0      0      0   1.077E-20   0.000E+00
  -0.002   0.183   0.197   0.251   0.358   0.379   0.397   0.422   0.482   0.518
   0.571   0.582   0.689   0.710   0.742   0.788   1.472
  -1.282   0.056  -1.176  -0.437   0.144   0.761   1.324  -0.173  -1.247  -2.056
  -2.109  -1.528  -1.335  -0.771  -1.563  -1.669  -3.641
  11  17   1    114      0      0      0   1.476E-18   0.000E+00
   0.002   0.080   0.144   0.165   0.201   0.219   0.272   0.397   0.407   0.450
   0.493   0.582   0.824   1.482
   0.859   0.465  -0.169  -1.380   0.690   1.155   0.930  -0.437   2.310   1.183
   0.549   0.084  -0.690  -2.690
  12  17   1    115      0      0      0   9.938E-19   0.000E+00
  -0.002   0.215   0.322   0.336   0.365   0.432   0.468   0.500   0.546   0.614
   0.685   0.760   0.802   0.909   1.457
   0.704  -0.254  -1.155  -0.085  -1.000   0.028   2.141   0.113  -0.423  -0.887
  -1.254  -1.366  -0.761  -2.099  -3.732
  13  17   1    110      0      0      0   9.708E-19   0.000E+00
   0.007   0.363   0.439   0.470   0.501   0.585   0.768   0.790   0.852   1.542
   0.662  -0.549  -0.155   1.817   0.282  -1.028  -1.268  -0.803  -1.282  -3.394
  14  17   1    112      0      0      0   1.098E-19   0.000E+00
   0.003   0.149   0.261   0.314   0.536   0.568   0.572   0.657   0.719   0.799
   1.012   1.693
  -0.268  -0.676  -1.268  -0.873  -1.704  -1.042  -0.014   0.197  -1.268  -1.085
  -1.704  -3.789
  15  17   1    110      0      0      0   0.000E+00   0.000E+00
   0.589   0.614   0.664   0.696   0.731   0.766   0.856   1.063   1.152   1.793
  -1.613  -0.419   0.468  -0.028   0.352  -0.873  -1.042  -1.454  -1.602  -3.535
  16  17   1    114      0      0      0   1.800E-19   0.000E+00
   0.003   0.083   0.114   0.154   0.394   0.536   0.688   0.768   0.821   0.843
   0.937   1.039   1.181   1.867
  -0.049  -0.155   0.144  -0.560  -1.299  -1.370  -1.863  -1.159   0.444  -0.613
  -2.004  -2.303  -2.409  -4.451
*** Line transitions
   1   2   0   0   4      0      0   0.000E+00   5.000E-02
   1   3   0   0   4      0      0   0.000E+00   5.000E-02
   1   4  -1   0   1      0      0   2.500E-03   2.000E-01
  F  1  7  0.  0.
   1   5  -1   1   1      0      0   1.310E-01   2.000E-01
  T  3   11  40.  0.
  1.1E+9  3.8E-6   0.  0.  0.
   1   6  -1   1   1      0      0   8.850E-02   2.000E-01
  T  3   11  40.  0.
  2.2E+9  5.0E-7   0.  0.  0.
   1   7  -1   1   1      0      0   1.178E+00   2.000E-01
  T  3   11  40.  0.
  2.5E+9  6.2E-6   0.  0.  0.
   1   8   0   0   4      0      0   0.000E+00   5.000E-02
   1   9  -1   1   1      0      0   8.867E-01   2.000E-01
  T  3   11  40.  0.
  9.1E+9  0.  0.  0.       0.
   1  10  -1   1   1      0      0   1.507E-02   2.000E-01
  T  3   11  40.  0.
  5.4E+8  1.2E-5   0.  0.  0.
   1  11  -1   1   1      0      0   1.700E-01   2.000E-01
  T  3   11  40.  0.
  9.8E+8  1.7E-5   0.  0.  0.
   1  12   0   0   4      0      0   0.000E+00   5.000E-02
   1  13   0   0   4      0      0   0.000E+00   5.000E-02
   1  14  -1   0   1      0      0   4.885E-02   2.000E-01
  F  1  7  0.  0.
   1  15   0   0   4      0      0   0.000E+00   5.000E-02
   1  16  -1   0   1      0      0   1.943E-02   2.000E-01
  F  1  7  0.  0.
   2   3   0   0   4      0      0   0.000E+00   5.000E-02
   2   4  -1   0   1      0      0   2.500E-03   2.000E-01
  F  1  7  0.  0.
   2   5  -1   1   1      0      0   1.310E-01   2.000E-01
  T  3   11  40.  0.
  1.1E+9  3.8E-6   0.  0.  0.
   2   6  -1   1   1      0      0   8.850E-02   2.000E-01
  T  3   11  40.  0.
  2.2E+9  5.0E-7   0.  0.  0.
   2   7  -1   1   1      0      0   1.178E+00   2.000E-01
  T  3   11  40.  0.
  2.5E+9  6.2E-6   0.  0.  0.
   2   8   0   0   4      0      0   0.000E+00   5.000E-02
   2   9  -1   1   1      0      0   8.867E-01   2.000E-01
  T  3   11  40.  0.
  9.1E+9  0.  0.  0.       0.
   2  10  -1   1   1      0      0   1.507E-02   2.000E-01
  T  3   11  40.  0.
  5.4E+8  1.2E-5   0.  0.  0.
   2  11  -1   1   1      0      0   1.700E-01   2.000E-01
  T  3   11  40.  0.
  9.8E+8  1.7E-5   0.  0.  0.
   2  12   0   0   4      0      0   0.000E+00   5.000E-02
   2  13   0   0   4      0      0   0.000E+00   5.000E-02
   2  14  -1   0   1      0      0   4.885E-02   2.000E-01
  F  1  7  0.  0.
   2  15   0   0   4      0      0   0.000E+00   5.000E-02
   2  16  -1   0   1      0      0   1.943E-02   2.000E-01
  F  1  7  0.  0.
   3   4   0   0   4      0      0   0.000E+00   5.000E-02
   3   5   0   0   4      0      0   0.000E+00   5.000E-02
   3   6   0   0   4      0      0   0.000E+00   5.000E-02
   3   7   0   0   4      0      0   0.000E+00   5.000E-02
   3   8   0   0   4      0      0   0.000E+00   5.000E-02
   3   9   0   0   4      0      0   0.000E+00   5.000E-02
   3  10   0   0   4      0      0   0.000E+00   5.000E-02
   3  11   0   0   4      0      0   0.000E+00   5.000E-02
   3  12   0   0   4      0      0   0.000E+00   5.000E-02
   3  13   0   0   4      0      0   0.000E+00   5.000E-02
   3  14   0   0   4      0      0   0.000E+00   5.000E-02
   3  15  -1   0   1      0      0   3.308E-01   2.000E-01
  F  1  7  0.  0.
   3  16   0   0   4      0      0   0.000E+00   5.000E-02
   4   5   0   0   4      0      0   0.000E+00   5.000E-02
   4   6   0   0   4      0      0   0.000E+00   5.000E-02
   4   7   0   0   4      0      0   0.000E+00   5.000E-02
   4   8  -1   0   1      0      0   5.970E-02   2.000E-01
  F  1  7  0.  0.
   4   9   0   0   4      0      0   0.000E+00   5.000E-02
   4  10   0   0   4      0      0   0.000E+00   5.000E-02
   4  11   0   0   4      0      0   0.000E+00   5.000E-02
   4  12  -1   0   1      0      0   1.320E-01   2.000E-01
  F  1  7  0.  0.
   4  13  -1   0   1      0      0   1.110E-02   2.000E-01
  F  1  7  0.  0.
   4  14  -1   0   1      0      0   6.681E-02   2.000E-01
  F  1  7  0.  0.
   4  15   0   0   4      0      0   0.000E+00   5.000E-02
   4  16  -1   0   1      0      0   6.560E-02   2.000E-01
  F  1  7  0.  0.
   5   6   0   0   4      0      0   0.000E+00   5.000E-02
   5   7   0   0   4      0      0   0.000E+00   5.000E-02
   5   8  -1   0   1      0      0   1.125E+00   7.000E-01
  F  1  7  0.  0.
   5   9   0   0   4      0      0   0.000E+00   5.000E-02
   5  10   0   0   4      0      0   0.000E+00   5.000E-02
   5  11   0   0   4      0      0   0.000E+00   5.000E-02
   5  12   0   0   4      0      0   0.000E+00   5.000E-02
   5  13  -1   0   1      0      0   2.325E-03   2.000E-01
  F  1  7  0.  0.
   5  14  -1   0   1      0      0   8.400E-03   2.000E-01
  F  1  7  0.  0.
   5  15   0   0   4      0      0   0.000E+00   5.000E-02
   5  16  -1   0   1      0      0   1.980E-02   2.000E-01
  F  1  7  0.  0.
   6   7   0   0   4      0      0   0.000E+00   5.000E-02
   6   8  -1   0   1      0      0   2.490E-03   7.000E-01
  F  1  7  0.  0.
   6   9   0   0   4      0      0   0.000E+00   5.000E-02
   6  10   0   0   4      0      0   0.000E+00   5.000E-02
   6  11   0   0   4      0      0   0.000E+00   5.000E-02
   6  12   0   0   4      0      0   0.000E+00   5.000E-02
   6  13  -1   0   1      0      0   1.820E-04   2.000E-01
  F  1  7  0.  0.
   6  14  -1   0   1      0      0   6.200E-04   2.000E-01
  F  1  7  0.  0.
   6  15   0   0   4      0      0   0.000E+00   5.000E-02
   6  16  -1   0   1      0      0   1.730E-02   2.000E-01
  F  1  7  0.  0.
   7   8  -1   0   1      0      0   2.340E-02   7.000E-01
  F  1  7  0.  0.
   7   9   0   0   4      0      0   0.000E+00   5.000E-02
   7  10   0   0   4      0      0   0.000E+00   5.000E-02
   7  11   0   0   4      0      0   0.000E+00   5.000E-02
   7  12  -1   0   1      0      0   5.710E-01   2.000E-01
  F  1  7  0.  0.
   7  13  -1   0   1      0      0   8.480E-03   2.000E-01
  F  1  7  0.  0.
   7  14  -1   0   1      0      0   7.356E-02   2.000E-01
  F  1  7  0.  0.
   7  15   0   0   4      0      0   0.000E+00   5.000E-02
   7  16  -1   0   1      0      0   3.770E-02   2.000E-01
  F  1  7  0.  0.
   8   9  -1   0   1      0      0   1.883E-05   7.000E-01
  F  1  7  0.  0.
   8  10  -1   0   1      0      0   2.333E-01   2.000E-01
  F  1  7  0.  0.
   8  11  -1   0   1      0      0   9.100E-01   2.000E-01
  F  1  7  0.  0.
   8  12   0   0   4      0      0   0.000E+00   5.000E-02
   8  13   0   0   4      0      0   0.000E+00   5.000E-02
   8  14  -1   0   1      0      0   1.448E-01   2.000E-01
  F  1  7  0.  0.
   8  15   0   0   4      0      0   0.000E+00   5.000E-02
   8  16  -1   0   1      0      0   4.260E-02   2.000E-01
  F  1  7  0.  0.
   9  10   0   0   4      0      0   0.000E+00   5.000E-02
   9  11   0   0   4      0      0   0.000E+00   5.000E-02
   9  12   0   0   4      0      0   0.000E+00   5.000E-02
   9  13  -1   0   1      0      0   2.683E-04   2.000E-01
  F  1  7  0.  0.
   9  14  -1   0   1      0      0   1.710E-03   2.000E-01
  F  1  7  0.  0.
   9  15   0   0   4      0      0   0.000E+00   5.000E-02
   9  16  -1   0   1      0      0   2.067E-02   2.000E-01
  F  1  7  0.  0.
  10  11   0   0   4      0      0   0.000E+00   5.000E-02
  10  12   0   0   4      0      0   0.000E+00   5.000E-02
  10  13  -1   0   1      0      0   1.645E+00   7.000E-01
  F  1  7  0.  0.
  10  14  -1   0   1      0      0   4.040E-05   2.000E-01
  F  1  7  0.  0.
  10  15   0   0   4      0      0   0.000E+00   5.000E-02
  10  16  -1   0   1      0      0   1.330E-02   2.000E-01
  F  1  7  0.  0.
  11  12  -1   0   1      0      0   2.490E-01   7.000E-01
  F  1  7  0.  0.
  11  13  -1   0   1      0      0   2.320E-01   7.000E-01
  F  1  7  0.  0.
  11  14  -1   0   1      0      0   5.074E-01   2.000E-01
  F  1  7  0.  0.
  11  15   0   0   4      0      0   0.000E+00   5.000E-02
  11  16  -1   0   1      0      0   1.485E-01   2.000E-01
  F  1  7  0.  0.
  12  13   0   0   4      0      0   0.000E+00   5.000E-02
  12  14  -1   0   1      0      0   1.277E+00   2.000E-01
  F  1  7  0.  0.
  12  15   0   0   4      0      0   0.000E+00   5.000E-02
  12  16  -1   0   1      0      0   1.941E-01   2.000E-01
  F  1  7  0.  0.
  13  14  -1   0   1      0      0   1.515E+00   2.000E-01
  F  1  7  0.  0.
  13  15   0   0   4      0      0   0.000E+00   5.000E-02
  13  16  -1   0   1      0      0   1.903E-01   2.000E-01
  F  1  7  0.  0.
  14  15   0   0   4      0      0   0.000E+00   5.000E-02
  14  16  -1   0   1      0      0   9.997E-01   2.000E-01
  F  1  7  0.  0.
  15  16   0   0   4      0      0   0.000E+00   5.000E-02
