****** Levels
 8.09841317E+15      1.    2  'Si+2 1Se 1'  0   0.   0  
 6.51001024E+15      9.    2  'Si+2 3Po 1'  0   0.   0  
 5.61364413E+15      3.    2  'Si+2 1Po 1'  0   0.   0  
 4.43458782E+15      5.    3  'Si+2 1De 1'  0   0.   -102  
 4.20206662E+15      9.    3  'Si+2 3Pe 1'  0   0.   -102  
 3.81311626E+15     15.    3  'Si+2 3De 1'  0   0.   -102  
 3.50038949E+15      3.    3  'Si+2 3Se 1'  0   0.   -102 
 3.49834992E+15      1.    3  'Si+2 1Se 2'  0   0.   -102  
 3.32971581E+15      1.    3  'Si+2 1Se 3'  0   0.   -102  
 3.12900313E+15      5.    3  'Si+2 1De 2'  0   0.   -102  
 2.84315426E+15      9.    3  'Si+2 3Po 2'  0   0.   -102  
 2.80756536E+15      3.    3  'Si+2 1Po 2'  0   0.   -102  
 2.13083515E+15     21.    4  'Si+2 3Fo 1'  0   0.   -102  
 2.05475584E+15     15.    4  'Si+2 3De 2'  0   0.   -102  
 1.97261969E+15      5.    4  'Si+2 1De 3'  0   0.   -102  
 1.95794446E+15      7.    4  'Si+2 1Fo 1'  0   0.   -102  
 1.95191714E+15      5.    4  'Si+2 1Do 1'  0   0.   -102  
 1.91753284E+15      3.    4  'Si+2 3Se 2'  0   0.   -102  
 1.86662661E+15      1.    4  'Si+2 1Se 4'  0   0.   -102  
 1.81578654E+15     21.    4  'Si+2 3Fo 2'  0   0.   -102  
 1.66702619E+15      3.    4  'Si+2 1Po 3'  0   0.   -102  
 1.65324834E+15      9.    4  'Si+2 3Po 3'  0   0.   -102  
 1.61580388E+15      9.    4  'Si+2 3Po 4'  0   0.   -102  
 1.57948818E+15     15.    4  'Si+2 3Do 1'  0   0.   -102  
 1.22081976E+15     84.    5  'Si+2+3__ 1'  0   0.   -102  
 1.21239880E+15     38.    5  'Si+2+1__ 2'  0   0.   -102  
 8.25812220E+14    123.    6  'Si+2+3__ 3'  0   0.   -102  
 8.23981557E+14     39.    6  'Si+2+1__ 4'  0   0.   -102  
 4.91747314E+14    519.    8  'Si+2+3__ 5'  0   0.   -102  
 4.89277306E+14    172.    8  'Si+2+1__ 6'  0   0.   -102  
****** Continuum transitions
   1  31   1    105      0      0      0   1.382E-19   0.000E+00
  -0.006   0.136   0.261   0.483   1.113
  -0.335  -0.387  -0.484  -0.695  -2.579
   2  31   1    105      0      0      0   9.255E-20   0.000E+00
   0.002   0.116   0.266   0.535   1.170
  -0.507  -0.268  -0.317  -0.592  -2.472
   3  31   1    107      0      0      0   4.913E-20   0.000E+00
   0.002   0.031   0.045   0.173   0.355   0.591   1.223
  -0.796  -0.930  -0.577  -0.254  -0.366  -0.620  -2.493
   4  31   1    109      0      0      0   6.526E-19   0.000E+00
   0.002   0.027   0.041   0.151   0.173   0.215   0.411   0.671   1.297
   0.345   0.451  -0.796   0.077  -0.408  -0.218  -0.296  -0.592  -2.458
   5  31   1    108      0      0      0   7.046E-21   0.000E+00
   0.002   0.023   0.059   0.080   0.169   0.432   0.696   1.311
  -1.539  -0.447  -3.141  -1.697  -0.271  -0.218  -0.500  -2.366
   6  31   1    107      0      0      0   7.701E-19   0.000E+00
   0.005   0.034   0.286   0.329   0.472   0.731   1.301
   0.424   0.503  -0.245  -0.218  -0.456  -0.826  -2.551
   7  31   1    107      0      0      0   7.201E-20   0.000E+00
   0.002   0.101   0.233   0.262   0.439   0.760   1.368
  -0.620  -0.620  -0.430  -0.747  -0.419  -0.715  -2.542
   8  31   1    109      0      0      0   2.199E-20   0.000E+00
  -0.009   0.030   0.062   0.091   0.176   0.187   0.489   0.753   1.351
  -1.592   0.415  -3.155  -1.106  -1.909  -0.155  -0.176  -0.493  -2.310
   9  31   1    104      0      0      0   2.503E-20   0.000E+00
  -0.002   0.432   0.770   1.400
  -1.081  -0.500  -0.729  -2.595
  10  31   1    108      0      0      0   5.436E-19   0.000E+00
  -0.002   0.012   0.034   0.101   0.272   0.528   0.788   1.411
   0.424  -0.896   0.917   0.301  -0.183  -0.359  -0.676  -2.516
  11  31   1    107      0      0      0   1.669E-19   0.000E+00
   0.005   0.091   0.276   0.504   0.550   0.824   1.454
  -0.271  -0.535  -0.667  -0.782  -0.412  -0.702  -2.551
  12  31   1    108      0      0      0   2.885E-19   0.000E+00
  -0.002   0.091   0.237   0.244   0.294   0.546   0.831   1.450
  -0.007  -0.518  -0.359  -0.799  -0.667  -0.394  -0.676  -2.525
  13  31   1    108      0      0      0   1.596E-18   0.000E+00
  -0.006   0.056   0.083   0.158   0.510   0.657   0.937   1.524
   0.655   1.363  -0.053   0.655  -0.116  -0.296  -0.687  -2.408
  14  31   1    109      0      0      0   5.505E-21   0.000E+00
   0.007   0.012   0.029   0.123   0.434   0.536   0.665   0.950   1.533
   0.507   1.912   0.993   0.581  -0.254  -0.549  -0.475  -0.835  -2.556
  15  31   1    109      0      0      0   3.318E-19   0.000E+00
  -0.002   0.034   0.092   0.216   0.301   0.336   0.679   0.972   1.537
  -0.042   1.665   1.005   0.503   0.363   0.037  -0.482  -0.861  -2.551
  16  31   1    109      0      0      0   4.809E-20   0.000E+00
   0.003   0.038   0.056   0.069   0.172   0.430   0.688   0.972   1.613
  -0.614   1.806   1.261   0.838   0.363  -0.579  -0.544  -0.817  -2.727
  17  31   1    110      0      0      0   1.611E-19   0.000E+00
   0.003   0.056   0.060   0.078   0.087   0.105   0.296   0.501   0.972   1.542
  -0.243   0.303   1.218  -2.409  -2.391   0.743   0.549   0.021  -0.630  -2.320
  18  31   1    110      0      0      0   3.370E-19   0.000E+00
  -0.002   0.029   0.052   0.096   0.118   0.167   0.292   0.665   0.959   1.533
   0.021   0.532   1.870  -3.095  -1.775  -1.018  -0.912  -1.405  -1.863  -3.535
  19  31   1    109      0      0      0   1.591E-18   0.000E+00
  -0.011   0.034   0.056   0.158   0.167   0.296   0.679   0.986   1.555
   0.577   1.190   2.352  -3.099  -1.768  -1.092  -1.345  -1.831  -3.521
  20  31   1    110      0      0      0   6.036E-19   0.000E+00
  -0.002   0.056   0.167   0.176   0.225   0.301   0.492   0.706   1.008   1.604
   0.239   2.310  -0.606   0.845  -0.761   0.127  -0.366  -0.521  -0.817  -2.648
  21  31   1    109      0      0      0   3.957E-19   0.000E+00
  -0.011   0.069   0.092   0.118   0.167   0.403   0.714   1.035   1.644
   0.104   0.227   0.560   1.989  -0.069  -0.820  -0.907  -1.289  -3.113
  22  31   1    108      0      0      0   2.238E-19   0.000E+00
  -0.006   0.052   0.065   0.167   0.323   0.554   1.035   1.631
  -0.118  -0.204   0.991  -0.340  -0.007  -0.525  -1.116  -2.866
  23  31   1    108      0      0      0   1.811E-19   0.000E+00
  -0.006   0.047   0.078   0.163   0.332   0.554   1.039   1.622
  -0.275   0.201   1.246  -1.225   0.570  -0.053  -0.676  -2.430
  24  31   1    109      0      0      0   2.465E-20   0.000E+00
  -0.002   0.056   0.065   0.127   0.198   0.336   0.590   1.048   1.631
  -1.102  -0.560   0.352  -3.370  -0.708   0.771   0.056  -0.585  -2.310
  25  31   1    110      0      0      0   4.327E-20   0.000E+00
  -0.015   0.078   0.189   0.247   0.292   0.403   0.630   0.830   1.150   1.751
  -0.859  -0.747  -1.352   0.437  -1.296  -1.592  -2.028  -2.042  -2.394  -4.183
  26  31   1    112      0      0      0   4.961E-19   0.000E+00
  -0.002   0.101   0.109   0.216   0.243   0.261   0.425   0.501   0.688   0.857
   1.150   1.769
   0.225  -0.166  -0.736  -0.356   0.954   0.120  -0.387  -0.747  -1.127  -1.349
  -1.708  -3.493
  27  31   1    112      0      0      0   4.200E-19   0.000E+00
  -0.011   0.029   0.261   0.367   0.399   0.456   0.559   0.621   0.870   0.995
   1.319   1.929
   0.394  -0.535  -1.465  -1.662  -0.296  -1.606  -1.732  -2.099  -2.394  -2.254
  -2.620  -4.479
  28  31   1    113      0      0      0   1.584E-19   0.000E+00
   0.007   0.114   0.181   0.385   0.412   0.443   0.496   0.545   0.603   0.674
   1.004   1.315   1.964
  -0.239   0.331  -0.926  -0.894   0.669  -0.556  -1.032  -0.345  -1.169  -1.486
  -1.676  -1.993  -3.937
  29  31   1    110      0      0      0   3.839E-20   0.000E+00
   0.007   0.173   0.279   0.600   0.626   0.781   0.957   1.203   1.539   2.137
  -0.894  -0.930  -1.159  -2.056  -0.507  -2.074  -2.637  -2.567  -2.919  -4.680
  30  31   1    112      0      0      0   8.428E-20   0.000E+00
   0.002   0.125   0.221   0.285   0.391   0.605   0.621   0.802   0.973   1.214
   1.544   2.148
  -0.542   0.091  -0.085  -0.736  -1.282  -1.335   0.250  -1.440  -2.197  -2.109
  -2.497  -4.292
*** Line transitions
   1   2   0   0   4      0      0   0.000E+00   5.000E-02
   1   3  -1   1   1      0      0   1.700E+00   7.000E-01
  T  3   15 175.  0.
  2.6E+9  1.1E-6   0.  0.  0.
   1   4   0   0   4      0      0   0.000E+00   5.000E-02
   1   5   0   0   4      0      0   0.000E+00   5.000E-02
   1   6   0   0   4      0      0   0.000E+00   5.000E-02
   1   7   0   0   4      0      0   0.000E+00   5.000E-02
   1   8   0   0   4      0      0   0.000E+00   5.000E-02
   1   9   0   0   4      0      0   0.000E+00   5.000E-02
   1  10   0   0   4      0      0   0.000E+00   5.000E-02
   1  11   0   0   4      0      0   0.000E+00   5.000E-02
   1  12  -1   1   1      0      0   1.560E-02   2.000E-01
  T  3   11  40.  0.
  6.6E+8  0.  0.  0.       0.
   1  13   0   0   4      0      0   0.000E+00   5.000E-02
   1  14   0   0   4      0      0   0.000E+00   5.000E-02
   1  15   0   0   4      0      0   0.000E+00   5.000E-02
   1  16   0   0   4      0      0   0.000E+00   5.000E-02
   1  17   0   0   4      0      0   0.000E+00   5.000E-02
   1  18   0   0   4      0      0   0.000E+00   5.000E-02
   1  19   0   0   4      0      0   0.000E+00   5.000E-02
   1  20   0   0   4      0      0   0.000E+00   5.000E-02
   1  21  -1   0   1      0      0   1.410E-02   2.000E-01
  F  1  7  0.  0.
   1  22   0   0   4      0      0   0.000E+00   5.000E-02
   1  23   0   0   4      0      0   0.000E+00   5.000E-02
   1  24   0   0   4      0      0   0.000E+00   5.000E-02
   1  25   0   0   4      0      0   0.000E+00   5.000E-02
   1  26  -1   0   1      0      0   7.078E-03   2.000E-01
  F  1  7  0.  0.
   1  27   0   0   4      0      0   0.000E+00   5.000E-02
   1  28  -1   0   1      0      0   2.870E-03   2.000E-01
  F  1  7  0.  0.
   1  29   0   0   4      0      0   0.000E+00   5.000E-02
   1  30  -1   0   1      0      0   4.920E-03   2.000E-01
  F  1  7  0.  0.
   2   3   0   0   4      0      0   0.000E+00   5.000E-02
   2   4   0   0   4      0      0   0.000E+00   5.000E-02
   2   5  -1   0   1      0      0   5.656E-01   2.000E-01
  F  1  7  0.  0.
   2   6  -1   0   1      0      0   8.900E-01   2.000E-01
  F  1  7  0.  0.
   2   7  -1   0   1      0      0   1.189E-01   2.000E-01
  F  1  7  0.  0.
   2   8   0   0   4      0      0   0.000E+00   5.000E-02
   2   9   0   0   4      0      0   0.000E+00   5.000E-02
   2  10   0   0   4      0      0   0.000E+00   5.000E-02
   2  11   0   0   4      0      0   0.000E+00   5.000E-02
   2  12   0   0   4      0      0   0.000E+00   5.000E-02
   2  13   0   0   4      0      0   0.000E+00   5.000E-02
   2  14  -1   0   1      0      0   4.833E-03   2.000E-01
  F  1  7  0.  0.
   2  15   0   0   4      0      0   0.000E+00   5.000E-02
   2  16   0   0   4      0      0   0.000E+00   5.000E-02
   2  17   0   0   4      0      0   0.000E+00   5.000E-02
   2  18  -1   0   1      0      0   1.711E-02   2.000E-01
  F  1  7  0.  0.
   2  19   0   0   4      0      0   0.000E+00   5.000E-02
   2  20   0   0   4      0      0   0.000E+00   5.000E-02
   2  21   0   0   4      0      0   0.000E+00   5.000E-02
   2  22   0   0   4      0      0   0.000E+00   5.000E-02
   2  23   0   0   4      0      0   0.000E+00   5.000E-02
   2  24   0   0   4      0      0   0.000E+00   5.000E-02
   2  25  -1   0   1      0      0   6.568E-03   2.000E-01
  F  1  7  0.  0.
   2  26   0   0   4      0      0   0.000E+00   5.000E-02
   2  27  -1   0   1      0      0   1.403E-02   2.000E-01
  F  1  7  0.  0.
   2  28   0   0   4      0      0   0.000E+00   5.000E-02
   2  29  -1   0   1      0      0   7.186E-03   2.000E-01
  F  1  7  0.  0.
   2  30   0   0   4      0      0   0.000E+00   5.000E-02
   3   4  -1   0   1      0      0   4.500E-02   7.000E-01
  F  1  7  0.  0.
   3   5   0   0   4      0      0   0.000E+00   5.000E-02
   3   6   0   0   4      0      0   0.000E+00   5.000E-02
   3   7   0   0   4      0      0   0.000E+00   5.000E-02
   3   8  -1   0   1      0      0   2.733E-01   2.000E-01
  F  1  7  0.  0.
   3   9  -1   0   1      0      0   4.267E-02   2.000E-01
  F  1  7  0.  0.
   3  10  -1   0   1      0      0   1.717E+00   2.000E-01
  F  1  7  0.  0.
   3  11   0   0   4      0      0   0.000E+00   5.000E-02
   3  12   0   0   4      0      0   0.000E+00   5.000E-02
   3  13   0   0   4      0      0   0.000E+00   5.000E-02
   3  14   0   0   4      0      0   0.000E+00   5.000E-02
   3  15  -1   0   1      0      0   9.133E-02   2.000E-01
  F  1  7  0.  0.
   3  16   0   0   4      0      0   0.000E+00   5.000E-02
   3  17   0   0   4      0      0   0.000E+00   5.000E-02
   3  18   0   0   4      0      0   0.000E+00   5.000E-02
   3  19  -1   0   1      0      0   1.317E-02   2.000E-01
  F  1  7  0.  0.
   3  20   0   0   4      0      0   0.000E+00   5.000E-02
   3  21   0   0   4      0      0   0.000E+00   5.000E-02
   3  22   0   0   4      0      0   0.000E+00   5.000E-02
   3  23   0   0   4      0      0   0.000E+00   5.000E-02
   3  24   0   0   4      0      0   0.000E+00   5.000E-02
   3  25   0   0   4      0      0   0.000E+00   5.000E-02
   3  26  -1   0   1      0      0   1.280E-02   2.000E-01
  F  1  7  0.  0.
   3  27   0   0   4      0      0   0.000E+00   5.000E-02
   3  28  -1   0   1      0      0   1.144E-02   2.000E-01
  F  1  7  0.  0.
   3  29   0   0   4      0      0   0.000E+00   5.000E-02
   3  30  -1   0   1      0      0   3.648E-03   2.000E-01
  F  1  7  0.  0.
   4   5   0   0   4      0      0   0.000E+00   5.000E-02
   4   6   0   0   4      0      0   0.000E+00   5.000E-02
   4   7   0   0   4      0      0   0.000E+00   5.000E-02
   4   8   0   0   4      0      0   0.000E+00   5.000E-02
   4   9   0   0   4      0      0   0.000E+00   5.000E-02
   4  10   0   0   4      0      0   0.000E+00   5.000E-02
   4  11   0   0   4      0      0   0.000E+00   5.000E-02
   4  12  -1   0   1      0      0   9.360E-02   2.000E-01
  F  1  7  0.  0.
   4  13   0   0   4      0      0   0.000E+00   5.000E-02
   4  14   0   0   4      0      0   0.000E+00   5.000E-02
   4  15   0   0   4      0      0   0.000E+00   5.000E-02
   4  16  -1   0   1      0      0   4.600E-01   2.000E-01
  F  1  7  0.  0.
   4  17  -1   0   1      0      0   5.300E-01   2.000E-01
  F  1  7  0.  0.
   4  18   0   0   4      0      0   0.000E+00   5.000E-02
   4  19   0   0   4      0      0   0.000E+00   5.000E-02
   4  20   0   0   4      0      0   0.000E+00   5.000E-02
   4  21  -1   0   1      0      0   3.900E-02   2.000E-01
  F  1  7  0.  0.
   4  22   0   0   4      0      0   0.000E+00   5.000E-02
   4  23   0   0   4      0      0   0.000E+00   5.000E-02
   4  24   0   0   4      0      0   0.000E+00   5.000E-02
   4  25   0   0   4      0      0   0.000E+00   5.000E-02
   4  26  -1   0   1      0      0   4.287E-01   2.000E-01
  F  1  7  0.  0.
   4  27   0   0   4      0      0   0.000E+00   5.000E-02
   4  28  -1   0   1      0      0   2.305E-03   2.000E-01
  F  1  7  0.  0.
   4  29   0   0   4      0      0   0.000E+00   5.000E-02
   4  30  -1   0   1      0      0   3.857E-03   2.000E-01
  F  1  7  0.  0.
   5   6   0   0   4      0      0   0.000E+00   5.000E-02
   5   7   0   0   4      0      0   0.000E+00   5.000E-02
   5   8   0   0   4      0      0   0.000E+00   5.000E-02
   5   9   0   0   4      0      0   0.000E+00   5.000E-02
   5  10   0   0   4      0      0   0.000E+00   5.000E-02
   5  11  -1   0   1      0      0   1.978E-04   2.000E-01
  F  1  7  0.  0.
   5  12   0   0   4      0      0   0.000E+00   5.000E-02
   5  13   0   0   4      0      0   0.000E+00   5.000E-02
   5  14   0   0   4      0      0   0.000E+00   5.000E-02
   5  15   0   0   4      0      0   0.000E+00   5.000E-02
   5  16   0   0   4      0      0   0.000E+00   5.000E-02
   5  17   0   0   4      0      0   0.000E+00   5.000E-02
   5  18   0   0   4      0      0   0.000E+00   5.000E-02
   5  19   0   0   4      0      0   0.000E+00   5.000E-02
   5  20   0   0   4      0      0   0.000E+00   5.000E-02
   5  21   0   0   4      0      0   0.000E+00   5.000E-02
   5  22  -1   0   1      0      0   8.300E-02   2.000E-01
  F  1  7  0.  0.
   5  23  -1   0   1      0      0   4.233E-01   2.000E-01
  F  1  7  0.  0.
   5  24  -1   0   1      0      0   1.322E+00   2.000E-01
  F  1  7  0.  0.
   5  25  -1   0   1      0      0   1.739E-01   2.000E-01
  F  1  7  0.  0.
   5  26   0   0   4      0      0   0.000E+00   5.000E-02
   5  27  -1   0   1      0      0   3.356E-06   2.000E-01
  F  1  7  0.  0.
   5  28   0   0   4      0      0   0.000E+00   5.000E-02
   5  29  -1   0   1      0      0   1.330E-05   2.000E-01
  F  1  7  0.  0.
   5  30   0   0   4      0      0   0.000E+00   5.000E-02
   6   7   0   0   4      0      0   0.000E+00   5.000E-02
   6   8   0   0   4      0      0   0.000E+00   5.000E-02
   6   9   0   0   4      0      0   0.000E+00   5.000E-02
   6  10   0   0   4      0      0   0.000E+00   5.000E-02
   6  11  -1   0   1      0      0   1.500E-01   7.000E-01
  F  1  7  0.  0.
   6  12   0   0   4      0      0   0.000E+00   5.000E-02
   6  13  -1   0   1      0      0   5.960E-04   2.000E-01
  F  1  7  0.  0.
   6  14   0   0   4      0      0   0.000E+00   5.000E-02
   6  15   0   0   4      0      0   0.000E+00   5.000E-02
   6  16   0   0   4      0      0   0.000E+00   5.000E-02
   6  17   0   0   4      0      0   0.000E+00   5.000E-02
   6  18   0   0   4      0      0   0.000E+00   5.000E-02
   6  19   0   0   4      0      0   0.000E+00   5.000E-02
   6  20  -1   0   1      0      0   9.933E-01   2.000E-01
  F  1  7  0.  0.
   6  21   0   0   4      0      0   0.000E+00   5.000E-02
   6  22  -1   0   1      0      0   1.460E-02   2.000E-01
  F  1  7  0.  0.
   6  23  -1   0   1      0      0   1.673E-01   2.000E-01
  F  1  7  0.  0.
   6  24  -1   0   1      0      0   2.813E-01   2.000E-01
  F  1  7  0.  0.
   6  25  -1   0   1      0      0   2.511E-01   2.000E-01
  F  1  7  0.  0.
   6  26   0   0   4      0      0   0.000E+00   5.000E-02
   6  27  -1   0   1      0      0   9.753E-02   2.000E-01
  F  1  7  0.  0.
   6  28   0   0   4      0      0   0.000E+00   5.000E-02
   6  29  -1   0   1      0      0   1.113E-01   2.000E-01
  F  1  7  0.  0.
   6  30   0   0   4      0      0   0.000E+00   5.000E-02
   7   8   0   0   4      0      0   0.000E+00   5.000E-02
   7   9   0   0   4      0      0   0.000E+00   5.000E-02
   7  10   0   0   4      0      0   0.000E+00   5.000E-02
   7  11  -1   0   1      0      0   1.147E+00   7.000E-01
  F  1  7  0.  0.
   7  12   0   0   4      0      0   0.000E+00   5.000E-02
   7  13   0   0   4      0      0   0.000E+00   5.000E-02
   7  14   0   0   4      0      0   0.000E+00   5.000E-02
   7  15   0   0   4      0      0   0.000E+00   5.000E-02
   7  16   0   0   4      0      0   0.000E+00   5.000E-02
   7  17   0   0   4      0      0   0.000E+00   5.000E-02
   7  18   0   0   4      0      0   0.000E+00   5.000E-02
   7  19   0   0   4      0      0   0.000E+00   5.000E-02
   7  20   0   0   4      0      0   0.000E+00   5.000E-02
   7  21   0   0   4      0      0   0.000E+00   5.000E-02
   7  22  -1   0   1      0      0   1.137E-02   2.000E-01
  F  1  7  0.  0.
   7  23  -1   0   1      0      0   1.873E-02   2.000E-01
  F  1  7  0.  0.
   7  24   0   0   4      0      0   0.000E+00   5.000E-02
   7  25  -1   0   1      0      0   8.839E-01   2.000E-01
  F  1  7  0.  0.
   7  26   0   0   4      0      0   0.000E+00   5.000E-02
   7  27  -1   0   1      0      0   6.667E-04   2.000E-01
  F  1  7  0.  0.
   7  28   0   0   4      0      0   0.000E+00   5.000E-02
   7  29  -1   0   1      0      0   1.953E-03   2.000E-01
  F  1  7  0.  0.
   7  30   0   0   4      0      0   0.000E+00   5.000E-02
   8   9   0   0   4      0      0   0.000E+00   5.000E-02
   8  10   0   0   4      0      0   0.000E+00   5.000E-02
   8  11   0   0   4      0      0   0.000E+00   5.000E-02
   8  12  -1   0   1      0      0   7.450E-02   7.000E-01
  F  1  7  0.  0.
   8  13   0   0   4      0      0   0.000E+00   5.000E-02
   8  14   0   0   4      0      0   0.000E+00   5.000E-02
   8  15   0   0   4      0      0   0.000E+00   5.000E-02
   8  16   0   0   4      0      0   0.000E+00   5.000E-02
   8  17   0   0   4      0      0   0.000E+00   5.000E-02
   8  18   0   0   4      0      0   0.000E+00   5.000E-02
   8  19   0   0   4      0      0   0.000E+00   5.000E-02
   8  20   0   0   4      0      0   0.000E+00   5.000E-02
   8  21  -1   0   1      0      0   2.890E-02   2.000E-01
  F  1  7  0.  0.
   8  22   0   0   4      0      0   0.000E+00   5.000E-02
   8  23   0   0   4      0      0   0.000E+00   5.000E-02
   8  24   0   0   4      0      0   0.000E+00   5.000E-02
   8  25   0   0   4      0      0   0.000E+00   5.000E-02
   8  26  -1   0   1      0      0   2.120E+00   2.000E-01
  F  1  7  0.  0.
   8  27   0   0   4      0      0   0.000E+00   5.000E-02
   8  28  -1   0   1      0      0   2.520E-03   2.000E-01
  F  1  7  0.  0.
   8  29   0   0   4      0      0   0.000E+00   5.000E-02
   8  30  -1   0   1      0      0   5.792E-04   2.000E-01
  F  1  7  0.  0.
   9  10   0   0   4      0      0   0.000E+00   5.000E-02
   9  11   0   0   4      0      0   0.000E+00   5.000E-02
   9  12  -1   0   1      0      0   7.810E-01   7.000E-01
  F  1  7  0.  0.
   9  13   0   0   4      0      0   0.000E+00   5.000E-02
   9  14   0   0   4      0      0   0.000E+00   5.000E-02
   9  15   0   0   4      0      0   0.000E+00   5.000E-02
   9  16   0   0   4      0      0   0.000E+00   5.000E-02
   9  17   0   0   4      0      0   0.000E+00   5.000E-02
   9  18   0   0   4      0      0   0.000E+00   5.000E-02
   9  19   0   0   4      0      0   0.000E+00   5.000E-02
   9  20   0   0   4      0      0   0.000E+00   5.000E-02
   9  21  -1   0   1      0      0   1.840E-01   2.000E-01
  F  1  7  0.  0.
   9  22   0   0   4      0      0   0.000E+00   5.000E-02
   9  23   0   0   4      0      0   0.000E+00   5.000E-02
   9  24   0   0   4      0      0   0.000E+00   5.000E-02
   9  25   0   0   4      0      0   0.000E+00   5.000E-02
   9  26  -1   0   1      0      0   9.056E-01   2.000E-01
  F  1  7  0.  0.
   9  27   0   0   4      0      0   0.000E+00   5.000E-02
   9  28  -1   0   1      0      0   4.250E-03   2.000E-01
  F  1  7  0.  0.
   9  29   0   0   4      0      0   0.000E+00   5.000E-02
   9  30  -1   0   1      0      0   3.691E-04   2.000E-01
  F  1  7  0.  0.
  10  11   0   0   4      0      0   0.000E+00   5.000E-02
  10  12  -1   0   1      0      0   6.540E-02   7.000E-01
  F  1  7  0.  0.
  10  13   0   0   4      0      0   0.000E+00   5.000E-02
  10  14   0   0   4      0      0   0.000E+00   5.000E-02
  10  15   0   0   4      0      0   0.000E+00   5.000E-02
  10  16  -1   0   1      0      0   2.340E-01   2.000E-01
  F  1  7  0.  0.
  10  17  -1   0   1      0      0   1.444E-02   2.000E-01
  F  1  7  0.  0.
  10  18   0   0   4      0      0   0.000E+00   5.000E-02
  10  19   0   0   4      0      0   0.000E+00   5.000E-02
  10  20   0   0   4      0      0   0.000E+00   5.000E-02
  10  21  -1   0   1      0      0   9.240E-03   2.000E-01
  F  1  7  0.  0.
  10  22   0   0   4      0      0   0.000E+00   5.000E-02
  10  23   0   0   4      0      0   0.000E+00   5.000E-02
  10  24   0   0   4      0      0   0.000E+00   5.000E-02
  10  25   0   0   4      0      0   0.000E+00   5.000E-02
  10  26  -1   0   1      0      0   1.495E+00   2.000E-01
  F  1  7  0.  0.
  10  27   0   0   4      0      0   0.000E+00   5.000E-02
  10  28  -1   0   1      0      0   3.545E-01   2.000E-01
  F  1  7  0.  0.
  10  29   0   0   4      0      0   0.000E+00   5.000E-02
  10  30  -1   0   1      0      0   2.484E-01   2.000E-01
  F  1  7  0.  0.
  11  12   0   0   4      0      0   0.000E+00   5.000E-02
  11  13   0   0   4      0      0   0.000E+00   5.000E-02
  11  14  -1   0   1      0      0   1.111E+00   2.000E-01
  F  1  7  0.  0.
  11  15   0   0   4      0      0   0.000E+00   5.000E-02
  11  16   0   0   4      0      0   0.000E+00   5.000E-02
  11  17   0   0   4      0      0   0.000E+00   5.000E-02
  11  18  -1   0   1      0      0   2.244E-01   2.000E-01
  F  1  7  0.  0.
  11  19   0   0   4      0      0   0.000E+00   5.000E-02
  11  20   0   0   4      0      0   0.000E+00   5.000E-02
  11  21   0   0   4      0      0   0.000E+00   5.000E-02
  11  22   0   0   4      0      0   0.000E+00   5.000E-02
  11  23   0   0   4      0      0   0.000E+00   5.000E-02
  11  24   0   0   4      0      0   0.000E+00   5.000E-02
  11  25  -1   0   1      0      0   3.993E-02   2.000E-01
  F  1  7  0.  0.
  11  26   0   0   4      0      0   0.000E+00   5.000E-02
  11  27  -1   0   1      0      0   4.958E-01   2.000E-01
  F  1  7  0.  0.
  11  28   0   0   4      0      0   0.000E+00   5.000E-02
  11  29  -1   0   1      0      0   4.411E-01   2.000E-01
  F  1  7  0.  0.
  11  30   0   0   4      0      0   0.000E+00   5.000E-02
  12  13   0   0   4      0      0   0.000E+00   5.000E-02
  12  14   0   0   4      0      0   0.000E+00   5.000E-02
  12  15  -1   0   1      0      0   9.933E-01   2.000E-01
  F  1  7  0.  0.
  12  16   0   0   4      0      0   0.000E+00   5.000E-02
  12  17   0   0   4      0      0   0.000E+00   5.000E-02
  12  18   0   0   4      0      0   0.000E+00   5.000E-02
  12  19  -1   0   1      0      0   2.050E-01   2.000E-01
  F  1  7  0.  0.
  12  20   0   0   4      0      0   0.000E+00   5.000E-02
  12  21   0   0   4      0      0   0.000E+00   5.000E-02
  12  22   0   0   4      0      0   0.000E+00   5.000E-02
  12  23   0   0   4      0      0   0.000E+00   5.000E-02
  12  24   0   0   4      0      0   0.000E+00   5.000E-02
  12  25   0   0   4      0      0   0.000E+00   5.000E-02
  12  26  -1   0   1      0      0   4.273E-02   2.000E-01
  F  1  7  0.  0.
  12  27   0   0   4      0      0   0.000E+00   5.000E-02
  12  28  -1   0   1      0      0   4.451E-01   2.000E-01
  F  1  7  0.  0.
  12  29   0   0   4      0      0   0.000E+00   5.000E-02
  12  30  -1   0   1      0      0   5.013E-01   2.000E-01
  F  1  7  0.  0.
  13  14  -1   0   1      0      0   2.324E-02   7.000E-01
  F  1  7  0.  0.
  13  15   0   0   4      0      0   0.000E+00   5.000E-02
  13  16   0   0   4      0      0   0.000E+00   5.000E-02
  13  17   0   0   4      0      0   0.000E+00   5.000E-02
  13  18   0   0   4      0      0   0.000E+00   5.000E-02
  13  19   0   0   4      0      0   0.000E+00   5.000E-02
  13  20   0   0   4      0      0   0.000E+00   5.000E-02
  13  21   0   0   4      0      0   0.000E+00   5.000E-02
  13  22   0   0   4      0      0   0.000E+00   5.000E-02
  13  23   0   0   4      0      0   0.000E+00   5.000E-02
  13  24   0   0   4      0      0   0.000E+00   5.000E-02
  13  25  -1   0   1      0      0   2.478E-01   2.000E-01
  F  1  7  0.  0.
  13  26   0   0   4      0      0   0.000E+00   5.000E-02
  13  27  -1   0   1      0      0   1.898E-01   2.000E-01
  F  1  7  0.  0.
  13  28   0   0   4      0      0   0.000E+00   5.000E-02
  13  29  -1   0   1      0      0   9.078E-02   2.000E-01
  F  1  7  0.  0.
  13  30   0   0   4      0      0   0.000E+00   5.000E-02
  14  15   0   0   4      0      0   0.000E+00   5.000E-02
  14  16   0   0   4      0      0   0.000E+00   5.000E-02
  14  17   0   0   4      0      0   0.000E+00   5.000E-02
  14  18   0   0   4      0      0   0.000E+00   5.000E-02
  14  19   0   0   4      0      0   0.000E+00   5.000E-02
  14  20  -1   0   1      0      0   3.347E-01   7.000E-01
  F  1  7  0.  0.
  14  21   0   0   4      0      0   0.000E+00   5.000E-02
  14  22  -1   0   1      0      0   2.527E-01   7.000E-01
  F  1  7  0.  0.
  14  23  -1   0   1      0      0   7.200E-02   7.000E-01
  F  1  7  0.  0.
  14  24  -1   0   1      0      0   1.567E-04   2.000E-01
  F  1  7  0.  0.
  14  25  -1   0   1      0      0   4.710E-01   2.000E-01
  F  1  7  0.  0.
  14  26   0   0   4      0      0   0.000E+00   5.000E-02
  14  27  -1   0   1      0      0   1.537E-01   2.000E-01
  F  1  7  0.  0.
  14  28   0   0   4      0      0   0.000E+00   5.000E-02
  14  29  -1   0   1      0      0   1.369E-01   2.000E-01
  F  1  7  0.  0.
  14  30   0   0   4      0      0   0.000E+00   5.000E-02
  15  16  -1   0   1      0      0   8.980E-04   7.000E-01
  F  1  7  0.  0.
  15  17   0   0   1      0      0   0.000E+00   7.000E-01
  15  18   0   0   4      0      0   0.000E+00   5.000E-02
  15  19   0   0   4      0      0   0.000E+00   5.000E-02
  15  20   0   0   4      0      0   0.000E+00   5.000E-02
  15  21  -1   0   1      0      0   2.660E-01   7.000E-01
  F  1  7  0.  0.
  15  22   0   0   4      0      0   0.000E+00   5.000E-02
  15  23   0   0   4      0      0   0.000E+00   5.000E-02
  15  24   0   0   4      0      0   0.000E+00   5.000E-02
  15  25   0   0   4      0      0   0.000E+00   5.000E-02
  15  26  -1   0   1      0      0   7.365E-01   2.000E-01
  F  1  7  0.  0.
  15  27   0   0   4      0      0   0.000E+00   5.000E-02
  15  28  -1   0   1      0      0   1.337E-01   2.000E-01
  F  1  7  0.  0.
  15  29   0   0   4      0      0   0.000E+00   5.000E-02
  15  30  -1   0   1      0      0   4.536E-01   2.000E-01
  F  1  7  0.  0.
  16  17   0   0   4      0      0   0.000E+00   5.000E-02
  16  18   0   0   4      0      0   0.000E+00   5.000E-02
  16  19   0   0   4      0      0   0.000E+00   5.000E-02
  16  20   0   0   4      0      0   0.000E+00   5.000E-02
  16  21   0   0   4      0      0   0.000E+00   5.000E-02
  16  22   0   0   4      0      0   0.000E+00   5.000E-02
  16  23   0   0   4      0      0   0.000E+00   5.000E-02
  16  24   0   0   4      0      0   0.000E+00   5.000E-02
  16  25   0   0   4      0      0   0.000E+00   5.000E-02
  16  26  -1   0   1      0      0   1.047E+00   2.000E-01
  F  1  7  0.  0.
  16  27   0   0   4      0      0   0.000E+00   5.000E-02
  16  28  -1   0   1      0      0   1.850E-01   2.000E-01
  F  1  7  0.  0.
  16  29   0   0   4      0      0   0.000E+00   5.000E-02
  16  30  -1   0   1      0      0   1.208E-01   2.000E-01
  F  1  7  0.  0.
  17  18   0   0   4      0      0   0.000E+00   5.000E-02
  17  19   0   0   4      0      0   0.000E+00   5.000E-02
  17  20   0   0   4      0      0   0.000E+00   5.000E-02
  17  21   0   0   4      0      0   0.000E+00   5.000E-02
  17  22   0   0   4      0      0   0.000E+00   5.000E-02
  17  23   0   0   4      0      0   0.000E+00   5.000E-02
  17  24   0   0   4      0      0   0.000E+00   5.000E-02
  17  25   0   0   4      0      0   0.000E+00   5.000E-02
  17  26  -1   0   1      0      0   1.414E-04   2.000E-01
  F  1  7  0.  0.
  17  27   0   0   4      0      0   0.000E+00   5.000E-02
  17  28  -1   0   1      0      0   1.180E-01   2.000E-01
  F  1  7  0.  0.
  17  29   0   0   4      0      0   0.000E+00   5.000E-02
  17  30  -1   0   1      0      0   6.166E-02   2.000E-01
  F  1  7  0.  0.
  18  19   0   0   4      0      0   0.000E+00   5.000E-02
  18  20   0   0   4      0      0   0.000E+00   5.000E-02
  18  21   0   0   4      0      0   0.000E+00   5.000E-02
  18  22  -1   0   1      0      0   1.250E+00   7.000E-01
  F  1  7  0.  0.
  18  23  -1   0   1      0      0   3.667E-01   7.000E-01
  F  1  7  0.  0.
  18  24   0   0   4      0      0   0.000E+00   5.000E-02
  18  25  -1   0   1      0      0   2.178E-02   2.000E-01
  F  1  7  0.  0.
  18  26   0   0   4      0      0   0.000E+00   5.000E-02
  18  27  -1   0   1      0      0   3.263E-03   2.000E-01
  F  1  7  0.  0.
  18  28   0   0   4      0      0   0.000E+00   5.000E-02
  18  29  -1   0   1      0      0   6.503E-03   2.000E-01
  F  1  7  0.  0.
  18  30   0   0   4      0      0   0.000E+00   5.000E-02
  19  20   0   0   4      0      0   0.000E+00   5.000E-02
  19  21  -1   0   1      0      0   1.180E+00   7.000E-01
  F  1  7  0.  0.
  19  22   0   0   4      0      0   0.000E+00   5.000E-02
  19  23   0   0   4      0      0   0.000E+00   5.000E-02
  19  24   0   0   4      0      0   0.000E+00   5.000E-02
  19  25   0   0   4      0      0   0.000E+00   5.000E-02
  19  26  -1   0   1      0      0   2.975E-01   2.000E-01
  F  1  7  0.  0.
  19  27   0   0   4      0      0   0.000E+00   5.000E-02
  19  28  -1   0   1      0      0   5.250E-03   2.000E-01
  F  1  7  0.  0.
  19  29   0   0   4      0      0   0.000E+00   5.000E-02
  19  30  -1   0   1      0      0   1.694E-02   2.000E-01
  F  1  7  0.  0.
  20  21   0   0   4      0      0   0.000E+00   5.000E-02
  20  22   0   0   4      0      0   0.000E+00   5.000E-02
  20  23   0   0   4      0      0   0.000E+00   5.000E-02
  20  24   0   0   4      0      0   0.000E+00   5.000E-02
  20  25  -1   0   1      0      0   1.092E+00   2.000E-01
  F  1  7  0.  0.
  20  26   0   0   4      0      0   0.000E+00   5.000E-02
  20  27  -1   0   1      0      0   1.301E-01   2.000E-01
  F  1  7  0.  0.
  20  28   0   0   4      0      0   0.000E+00   5.000E-02
  20  29  -1   0   1      0      0   2.469E-02   2.000E-01
  F  1  7  0.  0.
  20  30   0   0   4      0      0   0.000E+00   5.000E-02
  21  22   0   0   4      0      0   0.000E+00   5.000E-02
  21  23   0   0   4      0      0   0.000E+00   5.000E-02
  21  24   0   0   4      0      0   0.000E+00   5.000E-02
  21  25   0   0   4      0      0   0.000E+00   5.000E-02
  21  26  -1   0   1      0      0   1.648E+00   2.000E-01
  F  1  7  0.  0.
  21  27   0   0   4      0      0   0.000E+00   5.000E-02
  21  28  -1   0   1      0      0   1.460E-01   2.000E-01
  F  1  7  0.  0.
  21  29   0   0   4      0      0   0.000E+00   5.000E-02
  21  30  -1   0   1      0      0   5.251E-02   2.000E-01
  F  1  7  0.  0.
  22  23   0   0   4      0      0   0.000E+00   5.000E-02
  22  24   0   0   4      0      0   0.000E+00   5.000E-02
  22  25  -1   0   1      0      0   1.444E+00   2.000E-01
  F  1  7  0.  0.
  22  26   0   0   4      0      0   0.000E+00   5.000E-02
  22  27  -1   0   1      0      0   6.567E-02   2.000E-01
  F  1  7  0.  0.
  22  28   0   0   4      0      0   0.000E+00   5.000E-02
  22  29  -1   0   1      0      0   8.098E-02   2.000E-01
  F  1  7  0.  0.
  22  30   0   0   4      0      0   0.000E+00   5.000E-02
  23  24   0   0   4      0      0   0.000E+00   5.000E-02
  23  25  -1   0   1      0      0   4.033E-01   2.000E-01
  F  1  7  0.  0.
  23  26   0   0   4      0      0   0.000E+00   5.000E-02
  23  27  -1   0   1      0      0   1.670E-02   2.000E-01
  F  1  7  0.  0.
  23  28   0   0   4      0      0   0.000E+00   5.000E-02
  23  29  -1   0   1      0      0   1.392E-01   2.000E-01
  F  1  7  0.  0.
  23  30   0   0   4      0      0   0.000E+00   5.000E-02
  24  25  -1   0   1      0      0   1.453E-04   2.000E-01
  F  1  7  0.  0.
  24  26   0   0   4      0      0   0.000E+00   5.000E-02
  24  27  -1   0   1      0      0   3.016E-02   2.000E-01
  F  1  7  0.  0.
  24  28   0   0   4      0      0   0.000E+00   5.000E-02
  24  29  -1   0   1      0      0   1.198E-01   2.000E-01
  F  1  7  0.  0.
  24  30   0   0   4      0      0   0.000E+00   5.000E-02
  25  26   0   0   4      0      0   0.000E+00   5.000E-02
  25  27  -1   0   1      0      0   1.200E+00   2.000E-01
  F  1  7  0.  0.
  25  28   0   0   4      0      0   0.000E+00   5.000E-02
  25  29  -1   0   1      0      0   3.393E-01   2.000E-01
  F  1  7  0.  0.
  25  30   0   0   4      0      0   0.000E+00   5.000E-02
  26  27   0   0   4      0      0   0.000E+00   5.000E-02
  26  28  -1   0   1      0      0   9.091E-01   2.000E-01
  F  1  7  0.  0.
  26  29   0   0   4      0      0   0.000E+00   5.000E-02
  26  30  -1   0   1      0      0   2.715E-01   2.000E-01
  F  1  7  0.  0.
  27  28   0   0   4      0      0   0.000E+00   5.000E-02
  27  29  -1   0   1      0      0   2.267E+00   2.000E-01
  F  1  7  0.  0.
  27  30   0   0   4      0      0   0.000E+00   5.000E-02
  28  29   0   0   4      0      0   0.000E+00   5.000E-02
  28  30  -1   0   1      0      0   2.469E+00   2.000E-01
  F  1  7  0.  0.
  29  30   0   0   4      0      0   0.000E+00   5.000E-02
