****** Levels
 1.09150227E+16      2.    3  'SiIV 2Se 1'  0   0.  0
 8.77809108E+15      2.    3  'SiIV 2Po 1'  0   0.  0  
 8.76426765E+15      4.    3  'SiIV 2Po 1'  0   0.  0  
 6.10720996E+15     10.    3  'SiIV 2De 1'  0   0.  0
 5.09978082E+15      2.    4  'SiIV 2Se 2'  0   0.  -105
 4.36843030E+15      6.    4  'SiIV 2Po 2'  0   0.  -105
 3.42011923E+15     10.    4  'SiIV 2De 2'  0   0.  -105
 3.29658765E+15     14.    4  'SiIV 2Fo 1'  0   0.  -105
 2.95814906E+15      2.    5  'SiIV 2Se 3'  0   0.  -105
 2.62430877E+15      6.    5  'SiIV 2Po 3'  0   0.  -105
 2.17631657E+15     10.    5  'SiIV 2De 3'  0   0.  -105
 2.10972136E+15     14.    5  'SiIV 2Fo 2'  0   0.  -105
 2.10615573E+15     18.    5  'SiIV 2Ge 1'  0   0.  -105
 1.93110964E+15      2.    6  'SiIV 2Se 4'  0   0.  -105
 1.75149088E+15      6.    6  'SiIV 2Po 4'  0   0.  -105
 1.50427351E+15     10.    6  'SiIV 2De 4'  0   0.  -105
 1.46484235E+15     14.    6  'SiIV 2Fo 3'  0   0.  -105
 1.46259300E+15     18.    6  'SiIV 2Ge 2'  0   0.  -105
 1.46223047E+15     22.    6  'SiIV 2Ho 1'  0   0.  -105
 1.35954022E+15      2.    7  'SiIV 2Se 5'  0   0.  -105
 1.25201692E+15      6.    7  'SiIV 2Po 5'  0   0.  -105
 1.10115096E+15     10.    7  'SiIV 2De 5'  0   0.  -105
 1.07602742E+15     14.    7  'SiIV 2Fo 4'  0   0.  -105
 1.07453975E+15     18.    7  'SiIV 2Ge 3'  0   0.  -105
 1.07431675E+15     22.    7  'SiIV 2Ho 2'  0   0.  -105
 1.07420434E+15     26.    7  'SiIV 2Ie 1'  0   0.  -105
 1.00888607E+15      2.    8  'SiIV 2Se 6'  0   0.  -105
 9.39487857E+14      6.    8  'SiIV 2Po 6'  0   0.  -105
 8.40647238E+14     10.    8  'SiIV 2De 6'  0   0.  -105
 8.23710840E+14     14.    8  'SiIV 2Fo 5'  0   0.  -105
 8.22687765E+14     18.    8  'SiIV 2Ge 4'  0   0.  -105
 8.22589451E+14     22.    8  'SiIV 2Ho 3'  0   0.  -105
 8.22556634E+14     26.    8  'SiIV 2Ie 2'  0   0.  -105
 8.22539790E+14     30.    8  'SiIV 2Ko 1'  0   0.  -105
 7.76812011E+14      2.    9  'SiIV 2Se 7'  0   0.  -105
 7.29465433E+14      6.    9  'SiIV 2Po 7'  0   0.  -105
 6.62133902E+14     10.    9  'SiIV 2De 7'  0   0.  -105
 6.50533799E+14     14.    9  'SiIV 2Fo 6'  0   0.  -105
 6.49217526E+14     18.    9  'SiIV 2Ge 5'  0   0.  -105
 6.48559859E+14     22.    9  'SiIV 2Ho 4'  0   0.  -105
 6.48329407E+14     26.    9  'SiIV 2Ie 3'  0   0.  -105
 6.48231025E+14     30.    9  'SiIV 2Ko 2'  0   0.  -105
 6.48165460E+14     34.    9  'SiIV 2Le 1'  0   0.  -105
 6.17566972E+14      2.   10  'SiIV 2Se 8'  0   0.  -105
 5.83820609E+14      6.   10  'SiIV 2Po 8'  0   0.  -105
 5.35352608E+14     10.   10  'SiIV 2De 8'  0   0.  -105
 5.26884408E+14     14.   10  'SiIV 2Fo 7'  0   0.  -105
 5.26555575E+14     18.   10  'SiIV 2Ge 6'  0   0.  -105
 5.26456254E+14     22.   10  'SiIV 2Ho 5'  0   0.  -105
 5.26423471E+14     26.   10  'SiIV 2Ie 4'  0   0.  -105
 5.26403775E+14     30.   10  'SiIV 2Ko 3'  0   0.  -105
 5.26394413E+14     34.   10  'SiIV 2Le 2'  0   0.  -105
 5.26387870E+14     38.   10  'SiIV 2Mo 1'  0   0.  -105
****** Continuum transitions
   1  54   1    103      0      0      0  9.0848E-20  0.0000E+00
 -0.0080  0.4840  2.7322
 -0.5104 -1.0276 -3.5517
   2  54   1    103      0      0      0  1.5603E-19  0.0000E+00
 -0.0018  0.1414  2.5952
 -0.2828 -0.3724 -3.3311
   3  54   1    103      0      0      0  1.5603E-19  0.0000E+00
 -0.0018  0.1414  2.5952
 -0.2828 -0.3724 -3.3311
   4  54   1    102      0      0      0  4.6388E-19  0.0000E+00
  0.0050  0.9210
  0.1724 -2.9380
   5  54   1    103      0      0      0  1.2008E-19  0.0000E+00
  0.0018  0.5729  2.1797
 -0.4000 -1.1655 -3.4621
   6  54   1    103      0      0      0  1.7271E-19  0.0000E+00
  0.0018  0.2313  2.4306
 -0.2414 -0.4483 -3.2690
   7  54   1    103      0      0      0  8.3834E-19  0.0000E+00
 -0.0007  0.2484  1.0306
  0.4483 -0.2276 -2.5655
   8  54   1    103      0      0      0  9.9224E-21  0.0000E+00
  0.0007  0.2377  0.8548
 -1.4828 -2.2483 -4.6000
   9  54   1    103      0      0      0  1.5243E-19  0.0000E+00
  0.0018  0.5569  2.0196
 -0.2966 -1.0897 -3.3586
  10  54   1    103      0      0      0  2.1609E-19  0.0000E+00
  0.0071  0.5356  2.2064
 -0.1517 -0.8414 -3.2690
  11  54   1    103      0      0      0  1.1474E-18  0.0000E+00
  0.0043  0.3157  1.0954
  0.5724 -0.1724 -2.4069
  12  54   1    104      0      0      0  2.9703E-20  0.0000E+00
 -0.0014  0.2399  0.5431  0.9167
 -1.0000 -1.7242 -2.7845 -4.1638
  13  54   1      2      0      0      0  7.4110E-19  0.0000E+00
   3.000   2.470   1.000   0.000
  14  54   1    103      0      0      0  1.7793E-19  0.0000E+00
 -0.0018  0.7144  1.9688
 -0.2242 -1.3000 -3.3173
  15  54   1    102      0      0      0  2.6365E-19  0.0000E+00
  0.0018  2.0729
 -0.0587 -3.0690
  16  54   1    103      0      0      0  1.4832E-18  0.0000E+00
 -0.0018  0.3861  1.2046
  0.6982 -0.2069 -2.4655
  17  54   1    104      0      0      0  6.2234E-20  0.0000E+00
 -0.0036  0.2676  0.5836  0.9680
 -0.6724 -1.4828 -2.5173 -3.9224
  18  54   1      2      0      0      0  8.8932E-19  0.0000E+00
   3.000   2.964   1.000   0.000
  19  54   1      2      0      0      0  8.8944E-19  0.0000E+00
   3.000   2.965   1.000   0.000
  20  54   1    103      0      0      0  2.1270E-19  0.0000E+00
 -0.0018  0.6655  1.8843
 -0.1466 -1.1811 -3.2155
  21  54   1    103      0      0      0  3.4213E-19  0.0000E+00
 -0.0018  0.2740  1.9466
  0.0603 -0.4397 -2.9655
  22  54   1    103      0      0      0  1.8458E-18  0.0000E+00
 -0.0018  0.4751  1.2829
  0.7931 -0.2759 -2.4569
  23  54   1    104      0      0      0  1.0258E-19  0.0000E+00
 -0.0032  0.2608  0.6270  1.0206
 -0.4569 -1.2069 -2.3535 -3.7673
  24  54   1      2      0      0      0  1.0376E-18  0.0000E+00
   3.000   3.459   1.000   0.000
  25  54   1      2      0      0      0  1.0377E-18  0.0000E+00
   3.000   3.459   1.000   0.000
  26  54   1      2      0      0      0  1.0377E-18  0.0000E+00
   3.000   3.459   1.000   0.000
  27  54   1    103      0      0      0  2.4057E-19  0.0000E+00
 -0.0062  0.5854  1.8087
 -0.0862 -1.0000 -3.0690
  28  54   1    103      0      0      0  4.1703E-19  0.0000E+00
  0.0027  0.2696  1.9244
  0.1379 -0.3793 -2.8966
  29  54   1    103      0      0      0  2.2073E-18  0.0000E+00
 -0.0018  0.4146  1.3327
  0.8707 -0.0431 -2.4138
  30  54   1    104      0      0      0  1.6137E-19  0.0000E+00
 -0.0007  0.3306  0.7043  1.0605
 -0.2673 -1.2069 -2.3707 -3.6207
  31  54   1      2      0      0      0  1.1858E-18  0.0000E+00
   3.000   3.953   1.000   0.000
  32  54   1      2      0      0      0  1.1859E-18  0.0000E+00
   3.000   3.953   1.000   0.000
  33  54   1      2      0      0      0  1.1859E-18  0.0000E+00
   3.000   3.953   1.000   0.000
  34  54   1      2      0      0      0  1.1859E-18  0.0000E+00
   3.000   3.953   1.000   0.000
  35  54   1    103      0      0      0  2.8082E-19  0.0000E+00
 -0.0018  0.5009  1.9021
 -0.0259 -0.8104 -3.2242
  36  54   1    103      0      0      0  5.3222E-19  0.0000E+00
 -0.0062  0.3051  1.9911
  0.2620 -0.3897 -3.0483
  37  54   1    103      0      0      0  2.5436E-18  0.0000E+00
 -0.0053  0.4110  1.2616
  0.9396  0.0603 -2.1035
  38  54   1    104      0      0      0  2.2708E-19  0.0000E+00
 -0.0032  0.2907  0.6495  1.0032
 -0.1121 -0.9224 -2.0086 -3.1897
  39  54   1      2      0      0      0  1.3348E-18  0.0000E+00
   3.000   4.449   1.000   0.000
  40  54   1      2      0      0      0  1.3355E-18  0.0000E+00
   3.000   4.452   1.000   0.000
  41  54   1      2      0      0      0  1.3358E-18  0.0000E+00
   3.000   4.453   1.000   0.000
  42  54   1      2      0      0      0  1.3359E-18  0.0000E+00
   3.000   4.453   1.000   0.000
  43  54   1      2      0      0      0  1.3359E-18  0.0000E+00
   3.000   4.453   1.000   0.000
  44  54   1    103      0      0      0  3.1718E-19  0.0000E+00
 -0.0062  0.5543  1.9377
  0.0345 -0.8880 -3.2759
  45  54   1    104      0      0      0  6.6092E-19  0.0000E+00
 -0.0107  0.4030  0.6121  1.9911
  0.3655 -0.5035 -0.8862 -3.0173
  46  54   1    104      0      0      0  2.9214E-18  0.0000E+00
 -0.0053  0.5035  0.8986  1.2793
  1.0000 -0.0949 -1.0259 -2.0604
  47  54   1    104      0      0      0  3.0592E-19  0.0000E+00
 -0.0032  0.3107  0.6071  1.0655
  0.0172 -0.8362 -1.7242 -3.2242
  48  54   1      2      0      0      0  1.4822E-18  0.0000E+00
   3.000   4.941   1.000   0.000
  49  54   1      2      0      0      0  1.4823E-18  0.0000E+00
   3.000   4.941   1.000   0.000
  50  54   1      2      0      0      0  1.4824E-18  0.0000E+00
   3.000   4.941   1.000   0.000
  51  54   1      2      0      0      0  1.4824E-18  0.0000E+00
   3.000   4.941   1.000   0.000
  52  54   1      2      0      0      0  1.4824E-18  0.0000E+00
   3.000   4.941   1.000   0.000
  53  54   1      2      0      0      0  1.4824E-18  0.0000E+00
   3.000   4.941   1.000   0.000
*** Line transitions
   1   2  -1   1   1      0      0   2.600E-01   7.000E-01
  T  3   19 400.  0.
  9.1E+8  1.0E-6  0.  0.  0.
   1   3  -1   1   1      0      0   5.200E-01   7.000E-01
  T  3   19 400.  0.
  9.1E+8  1.0E-6  0.  0.  0.
   1   4   0   0   4      0      0   0.000E+00   5.000E-02
   1   5   0   0   4      0      0   0.000E+00   5.000E-02
   1   6  -1   0   1      0      0   3.510E-02   2.000E-01
  F  1  7  0.  0.
   1   7   0   0   4      0      0   0.000E+00   5.000E-02
   1   8   0   0   4      0      0   0.000E+00   5.000E-02
   1   9   0   0   4      0      0   0.000E+00   5.000E-02
   1  10  -1   0   1      0      0   1.600E-02   2.000E-01
  F  1  7  0.  0.
   1  11   0   0   4      0      0   0.000E+00   5.000E-02
   1  12   0   0   4      0      0   0.000E+00   5.000E-02
   1  13   0   0   4      0      0   0.000E+00   5.000E-02
   1  14   0   0   4      0      0   0.000E+00   5.000E-02
   1  15  -1   0   1      0      0   8.300E-03   2.000E-01
  F  1  7  0.  0.
   1  16   0   0   4      0      0   0.000E+00   5.000E-02
   1  17   0   0   4      0      0   0.000E+00   5.000E-02
   1  18   0   0   4      0      0   0.000E+00   5.000E-02
   1  19   0   0   4      0      0   0.000E+00   5.000E-02
   1  20   0   0   4      0      0   0.000E+00   5.000E-02
   1  21  -1   0   1      0      0   4.850E-03   2.000E-01
  F  1  7  0.  0.
   1  22   0   0   4      0      0   0.000E+00   5.000E-02
   1  23   0   0   4      0      0   0.000E+00   5.000E-02
   1  24   0   0   4      0      0   0.000E+00   5.000E-02
   1  25   0   0   4      0      0   0.000E+00   5.000E-02
   1  26   0   0   4      0      0   0.000E+00   5.000E-02
   1  27   0   0   4      0      0   0.000E+00   5.000E-02
   1  28  -1   0   1      0      0   3.085E-03   2.000E-01
  F  1  7  0.  0.
   1  29   0   0   4      0      0   0.000E+00   5.000E-02
   1  30   0   0   4      0      0   0.000E+00   5.000E-02
   1  31   0   0   4      0      0   0.000E+00   5.000E-02
   1  32   0   0   4      0      0   0.000E+00   5.000E-02
   1  33   0   0   4      0      0   0.000E+00   5.000E-02
   1  34   0   0   4      0      0   0.000E+00   5.000E-02
   1  35   0   0   4      0      0   0.000E+00   5.000E-02
   1  36  -1   0   1      0      0   2.085E-03   2.000E-01
  F  1  7  0.  0.
   1  37   0   0   4      0      0   0.000E+00   5.000E-02
   1  38   0   0   4      0      0   0.000E+00   5.000E-02
   1  39   0   0   4      0      0   0.000E+00   5.000E-02
   1  40   0   0   4      0      0   0.000E+00   5.000E-02
   1  41   0   0   4      0      0   0.000E+00   5.000E-02
   1  42   0   0   4      0      0   0.000E+00   5.000E-02
   1  43   0   0   4      0      0   0.000E+00   5.000E-02
   1  44   0   0   4      0      0   0.000E+00   5.000E-02
   1  45  -1   0   1      0      0   1.480E-03   2.000E-01
  F  1  7  0.  0.
   1  46   0   0   4      0      0   0.000E+00   5.000E-02
   1  47   0   0   4      0      0   0.000E+00   5.000E-02
   1  48   0   0   4      0      0   0.000E+00   5.000E-02
   1  49   0   0   4      0      0   0.000E+00   5.000E-02
   1  50   0   0   4      0      0   0.000E+00   5.000E-02
   1  51   0   0   4      0      0   0.000E+00   5.000E-02
   1  52   0   0   4      0      0   0.000E+00   5.000E-02
   1  53   0   0   4      0      0   0.000E+00   5.000E-02
   2   3   0   0   4      0      0   0.000E+00   5.000E-02
   2   4  -1   0   1      0      0   7.933E-01   7.000E-01
  F  1  7  0.  0.
   2   5  -1   0   1      0      0   1.195E-01   2.000E-01
  F  1  7  0.  0.
   2   6   0   0   4      0      0   0.000E+00   5.000E-02
   2   7  -1   0   1      0      0   8.483E-03   2.000E-01
  F  1  7  0.  0.
   2   8   0   0   4      0      0   0.000E+00   5.000E-02
   2   9  -1   0   1      0      0   1.833E-02   2.000E-01
  F  1  7  0.  0.
   2  10   0   0   4      0      0   0.000E+00   5.000E-02
   2  11  -1   0   1      0      0   9.650E-03   2.000E-01
  F  1  7  0.  0.
   2  12   0   0   4      0      0   0.000E+00   5.000E-02
   2  13   0   0   4      0      0   0.000E+00   5.000E-02
   2  14  -1   0   1      0      0   6.733E-03   2.000E-01
  F  1  7  0.  0.
   2  15   0   0   4      0      0   0.000E+00   5.000E-02
   2  16  -1   0   1      0      0   6.467E-03   2.000E-01
  F  1  7  0.  0.
   2  17   0   0   4      0      0   0.000E+00   5.000E-02
   2  18   0   0   4      0      0   0.000E+00   5.000E-02
   2  19   0   0   4      0      0   0.000E+00   5.000E-02
   2  20  -1   0   1      0      0   3.333E-03   2.000E-01
  F  1  7  0.  0.
   2  21   0   0   4      0      0   0.000E+00   5.000E-02
   2  22  -1   0   1      0      0   4.283E-03   2.000E-01
  F  1  7  0.  0.
   2  23   0   0   4      0      0   0.000E+00   5.000E-02
   2  24   0   0   4      0      0   0.000E+00   5.000E-02
   2  25   0   0   4      0      0   0.000E+00   5.000E-02
   2  26   0   0   4      0      0   0.000E+00   5.000E-02
   2  27  -1   0   1      0      0   1.917E-03   2.000E-01
  F  1  7  0.  0.
   2  28   0   0   4      0      0   0.000E+00   5.000E-02
   2  29  -1   0   1      0      0   2.933E-03   2.000E-01
  F  1  7  0.  0.
   2  30   0   0   4      0      0   0.000E+00   5.000E-02
   2  31   0   0   4      0      0   0.000E+00   5.000E-02
   2  32   0   0   4      0      0   0.000E+00   5.000E-02
   2  33   0   0   4      0      0   0.000E+00   5.000E-02
   2  34   0   0   4      0      0   0.000E+00   5.000E-02
   2  35  -1   0   1      0      0   1.222E-03   2.000E-01
  F  1  7  0.  0.
   2  36   0   0   4      0      0   0.000E+00   5.000E-02
   2  37  -1   0   1      0      0   2.083E-03   2.000E-01
  F  1  7  0.  0.
   2  38   0   0   4      0      0   0.000E+00   5.000E-02
   2  39   0   0   4      0      0   0.000E+00   5.000E-02
   2  40   0   0   4      0      0   0.000E+00   5.000E-02
   2  41   0   0   4      0      0   0.000E+00   5.000E-02
   2  42   0   0   4      0      0   0.000E+00   5.000E-02
   2  43   0   0   4      0      0   0.000E+00   5.000E-02
   2  44  -1   0   1      0      0   8.283E-04   2.000E-01
  F  1  7  0.  0.
   2  45   0   0   4      0      0   0.000E+00   5.000E-02
   2  46  -1   0   1      0      0   1.523E-03   2.000E-01
  F  1  7  0.  0.
   2  47   0   0   4      0      0   0.000E+00   5.000E-02
   2  48   0   0   4      0      0   0.000E+00   5.000E-02
   2  49   0   0   4      0      0   0.000E+00   5.000E-02
   2  50   0   0   4      0      0   0.000E+00   5.000E-02
   2  51   0   0   4      0      0   0.000E+00   5.000E-02
   2  52   0   0   4      0      0   0.000E+00   5.000E-02
   2  53   0   0   4      0      0   0.000E+00   5.000E-02
   3   4  -1   0   1      0      0   7.933E-01   7.000E-01
  F  1  7  0.  0.
   3   5  -1   0   1      0      0   1.195E-01   2.000E-01
  F  1  7  0.  0.
   3   6   0   0   4      0      0   0.000E+00   5.000E-02
   3   7  -1   0   1      0      0   8.483E-03   2.000E-01
  F  1  7  0.  0.
   3   8   0   0   4      0      0   0.000E+00   5.000E-02
   3   9  -1   0   1      0      0   1.833E-02   2.000E-01
  F  1  7  0.  0.
   3  10   0   0   4      0      0   0.000E+00   5.000E-02
   3  11  -1   0   1      0      0   9.650E-03   2.000E-01
  F  1  7  0.  0.
   3  12   0   0   4      0      0   0.000E+00   5.000E-02
   3  13   0   0   4      0      0   0.000E+00   5.000E-02
   3  14  -1   0   1      0      0   6.733E-03   2.000E-01
  F  1  7  0.  0.
   3  15   0   0   4      0      0   0.000E+00   5.000E-02
   3  16  -1   0   1      0      0   6.467E-03   2.000E-01
  F  1  7  0.  0.
   3  17   0   0   4      0      0   0.000E+00   5.000E-02
   3  18   0   0   4      0      0   0.000E+00   5.000E-02
   3  19   0   0   4      0      0   0.000E+00   5.000E-02
   3  20  -1   0   1      0      0   3.333E-03   2.000E-01
  F  1  7  0.  0.
   3  21   0   0   4      0      0   0.000E+00   5.000E-02
   3  22  -1   0   1      0      0   4.283E-03   2.000E-01
  F  1  7  0.  0.
   3  23   0   0   4      0      0   0.000E+00   5.000E-02
   3  24   0   0   4      0      0   0.000E+00   5.000E-02
   3  25   0   0   4      0      0   0.000E+00   5.000E-02
   3  26   0   0   4      0      0   0.000E+00   5.000E-02
   3  27  -1   0   1      0      0   1.917E-03   2.000E-01
  F  1  7  0.  0.
   3  28   0   0   4      0      0   0.000E+00   5.000E-02
   3  29  -1   0   1      0      0   2.933E-03   2.000E-01
  F  1  7  0.  0.
   3  30   0   0   4      0      0   0.000E+00   5.000E-02
   3  31   0   0   4      0      0   0.000E+00   5.000E-02
   3  32   0   0   4      0      0   0.000E+00   5.000E-02
   3  33   0   0   4      0      0   0.000E+00   5.000E-02
   3  34   0   0   4      0      0   0.000E+00   5.000E-02
   3  35  -1   0   1      0      0   1.222E-03   2.000E-01
  F  1  7  0.  0.
   3  36   0   0   4      0      0   0.000E+00   5.000E-02
   3  37  -1   0   1      0      0   2.083E-03   2.000E-01
  F  1  7  0.  0.
   3  38   0   0   4      0      0   0.000E+00   5.000E-02
   3  39   0   0   4      0      0   0.000E+00   5.000E-02
   3  40   0   0   4      0      0   0.000E+00   5.000E-02
   3  41   0   0   4      0      0   0.000E+00   5.000E-02
   3  42   0   0   4      0      0   0.000E+00   5.000E-02
   3  43   0   0   4      0      0   0.000E+00   5.000E-02
   3  44  -1   0   1      0      0   8.283E-04   2.000E-01
  F  1  7  0.  0.
   3  45   0   0   4      0      0   0.000E+00   5.000E-02
   3  46  -1   0   1      0      0   1.523E-03   2.000E-01
  F  1  7  0.  0.
   3  47   0   0   4      0      0   0.000E+00   5.000E-02
   3  48   0   0   4      0      0   0.000E+00   5.000E-02
   3  49   0   0   4      0      0   0.000E+00   5.000E-02
   3  50   0   0   4      0      0   0.000E+00   5.000E-02
   3  51   0   0   4      0      0   0.000E+00   5.000E-02
   3  52   0   0   4      0      0   0.000E+00   5.000E-02
   3  53   0   0   4      0      0   0.000E+00   5.000E-02
   4   5   0   0   4      0      0   0.000E+00   5.000E-02
   4   6  -1   0   1      0      0   1.410E-01   2.000E-01
  F  1  7  0.  0.
   4   7   0   0   4      0      0   0.000E+00   5.000E-02
   4   8  -1   0   1      0      0   9.020E-01   2.000E-01
  F  1  7  0.  0.
   4   9   0   0   4      0      0   0.000E+00   5.000E-02
   4  10  -1   0   1      0      0   1.260E-02   2.000E-01
  F  1  7  0.  0.
   4  11   0   0   4      0      0   0.000E+00   5.000E-02
   4  12  -1   0   1      0      0   1.680E-01   2.000E-01
  F  1  7  0.  0.
   4  13   0   0   4      0      0   0.000E+00   5.000E-02
   4  14   0   0   4      0      0   0.000E+00   5.000E-02
   4  15  -1   0   1      0      0   4.030E-03   2.000E-01
  F  1  7  0.  0.
   4  16   0   0   4      0      0   0.000E+00   5.000E-02
   4  17  -1   0   1      0      0   6.220E-02   2.000E-01
  F  1  7  0.  0.
   4  18   0   0   4      0      0   0.000E+00   5.000E-02
   4  19   0   0   4      0      0   0.000E+00   5.000E-02
   4  20   0   0   4      0      0   0.000E+00   5.000E-02
   4  21  -1   0   1      0      0   1.880E-03   2.000E-01
  F  1  7  0.  0.
   4  22   0   0   4      0      0   0.000E+00   5.000E-02
   4  23  -1   0   1      0      0   3.070E-02   2.000E-01
  F  1  7  0.  0.
   4  24   0   0   4      0      0   0.000E+00   5.000E-02
   4  25   0   0   4      0      0   0.000E+00   5.000E-02
   4  26   0   0   4      0      0   0.000E+00   5.000E-02
   4  27   0   0   4      0      0   0.000E+00   5.000E-02
   4  28  -1   0   1      0      0   1.050E-03   2.000E-01
  F  1  7  0.  0.
   4  29   0   0   4      0      0   0.000E+00   5.000E-02
   4  30  -1   0   1      0      0   1.770E-02   2.000E-01
  F  1  7  0.  0.
   4  31   0   0   4      0      0   0.000E+00   5.000E-02
   4  32   0   0   4      0      0   0.000E+00   5.000E-02
   4  33   0   0   4      0      0   0.000E+00   5.000E-02
   4  34   0   0   4      0      0   0.000E+00   5.000E-02
   4  35   0   0   4      0      0   0.000E+00   5.000E-02
   4  36  -1   0   1      0      0   6.560E-04   2.000E-01
  F  1  7  0.  0.
   4  37   0   0   4      0      0   0.000E+00   5.000E-02
   4  38  -1   0   1      0      0   1.120E-02   2.000E-01
  F  1  7  0.  0.
   4  39   0   0   4      0      0   0.000E+00   5.000E-02
   4  40   0   0   4      0      0   0.000E+00   5.000E-02
   4  41   0   0   4      0      0   0.000E+00   5.000E-02
   4  42   0   0   4      0      0   0.000E+00   5.000E-02
   4  43   0   0   4      0      0   0.000E+00   5.000E-02
   4  44   0   0   4      0      0   0.000E+00   5.000E-02
   4  45  -1   0   1      0      0   4.400E-04   2.000E-01
  F  1  7  0.  0.
   4  46   0   0   4      0      0   0.000E+00   5.000E-02
   4  47  -1   0   1      0      0   7.804E-03   2.000E-01
  F  1  7  0.  0.
   4  48   0   0   4      0      0   0.000E+00   5.000E-02
   4  49   0   0   4      0      0   0.000E+00   5.000E-02
   4  50   0   0   4      0      0   0.000E+00   5.000E-02
   4  51   0   0   4      0      0   0.000E+00   5.000E-02
   4  52   0   0   4      0      0   0.000E+00   5.000E-02
   4  53   0   0   4      0      0   0.000E+00   5.000E-02
   5   6  -1   0   1      0      0   1.180E+00   7.000E-01
  F  1  7  0.  0.
   5   7   0   0   4      0      0   0.000E+00   5.000E-02
   5   8   0   0   4      0      0   0.000E+00   5.000E-02
   5   9   0   0   4      0      0   0.000E+00   5.000E-02
   5  10  -1   0   1      0      0   2.335E-02   2.000E-01
  F  1  7  0.  0.
   5  11   0   0   4      0      0   0.000E+00   5.000E-02
   5  12   0   0   4      0      0   0.000E+00   5.000E-02
   5  13   0   0   4      0      0   0.000E+00   5.000E-02
   5  14   0   0   4      0      0   0.000E+00   5.000E-02
   5  15  -1   0   1      0      0   1.305E-02   2.000E-01
  F  1  7  0.  0.
   5  16   0   0   4      0      0   0.000E+00   5.000E-02
   5  17   0   0   4      0      0   0.000E+00   5.000E-02
   5  18   0   0   4      0      0   0.000E+00   5.000E-02
   5  19   0   0   4      0      0   0.000E+00   5.000E-02
   5  20   0   0   4      0      0   0.000E+00   5.000E-02
   5  21  -1   0   1      0      0   7.350E-03   2.000E-01
  F  1  7  0.  0.
   5  22   0   0   4      0      0   0.000E+00   5.000E-02
   5  23   0   0   4      0      0   0.000E+00   5.000E-02
   5  24   0   0   4      0      0   0.000E+00   5.000E-02
   5  25   0   0   4      0      0   0.000E+00   5.000E-02
   5  26   0   0   4      0      0   0.000E+00   5.000E-02
   5  27   0   0   4      0      0   0.000E+00   5.000E-02
   5  28  -1   0   1      0      0   4.505E-03   2.000E-01
  F  1  7  0.  0.
   5  29   0   0   4      0      0   0.000E+00   5.000E-02
   5  30   0   0   4      0      0   0.000E+00   5.000E-02
   5  31   0   0   4      0      0   0.000E+00   5.000E-02
   5  32   0   0   4      0      0   0.000E+00   5.000E-02
   5  33   0   0   4      0      0   0.000E+00   5.000E-02
   5  34   0   0   4      0      0   0.000E+00   5.000E-02
   5  35   0   0   4      0      0   0.000E+00   5.000E-02
   5  36  -1   0   1      0      0   2.970E-03   2.000E-01
  F  1  7  0.  0.
   5  37   0   0   4      0      0   0.000E+00   5.000E-02
   5  38   0   0   4      0      0   0.000E+00   5.000E-02
   5  39   0   0   4      0      0   0.000E+00   5.000E-02
   5  40   0   0   4      0      0   0.000E+00   5.000E-02
   5  41   0   0   4      0      0   0.000E+00   5.000E-02
   5  42   0   0   4      0      0   0.000E+00   5.000E-02
   5  43   0   0   4      0      0   0.000E+00   5.000E-02
   5  44   0   0   4      0      0   0.000E+00   5.000E-02
   5  45  -1   0   1      0      0   2.070E-03   2.000E-01
  F  1  7  0.  0.
   5  46   0   0   4      0      0   0.000E+00   5.000E-02
   5  47   0   0   4      0      0   0.000E+00   5.000E-02
   5  48   0   0   4      0      0   0.000E+00   5.000E-02
   5  49   0   0   4      0      0   0.000E+00   5.000E-02
   5  50   0   0   4      0      0   0.000E+00   5.000E-02
   5  51   0   0   4      0      0   0.000E+00   5.000E-02
   5  52   0   0   4      0      0   0.000E+00   5.000E-02
   5  53   0   0   4      0      0   0.000E+00   5.000E-02
   6   7  -1   0   1      0      0   1.183E+00   7.000E-01
  F  1  7  0.  0.
   6   8   0   0   4      0      0   0.000E+00   5.000E-02
   6   9  -1   0   1      0      0   2.100E-01   2.000E-01
  F  1  7  0.  0.
   6  10   0   0   4      0      0   0.000E+00   5.000E-02
   6  11  -1   0   1      0      0   4.300E-06   2.000E-01
  F  1  7  0.  0.
   6  12   0   0   4      0      0   0.000E+00   5.000E-02
   6  13   0   0   4      0      0   0.000E+00   5.000E-02
   6  14  -1   0   1      0      0   3.117E-02   2.000E-01
  F  1  7  0.  0.
   6  15   0   0   4      0      0   0.000E+00   5.000E-02
   6  16  -1   0   1      0      0   2.133E-03   2.000E-01
  F  1  7  0.  0.
   6  17   0   0   4      0      0   0.000E+00   5.000E-02
   6  18   0   0   4      0      0   0.000E+00   5.000E-02
   6  19   0   0   4      0      0   0.000E+00   5.000E-02
   6  20  -1   0   1      0      0   1.137E-02   2.000E-01
  F  1  7  0.  0.
   6  21   0   0   4      0      0   0.000E+00   5.000E-02
   6  22  -1   0   1      0      0   2.217E-03   2.000E-01
  F  1  7  0.  0.
   6  23   0   0   4      0      0   0.000E+00   5.000E-02
   6  24   0   0   4      0      0   0.000E+00   5.000E-02
   6  25   0   0   4      0      0   0.000E+00   5.000E-02
   6  26   0   0   4      0      0   0.000E+00   5.000E-02
   6  27  -1   0   1      0      0   5.650E-03   2.000E-01
  F  1  7  0.  0.
   6  28   0   0   4      0      0   0.000E+00   5.000E-02
   6  29  -1   0   1      0      0   1.767E-03   2.000E-01
  F  1  7  0.  0.
   6  30   0   0   4      0      0   0.000E+00   5.000E-02
   6  31   0   0   4      0      0   0.000E+00   5.000E-02
   6  32   0   0   4      0      0   0.000E+00   5.000E-02
   6  33   0   0   4      0      0   0.000E+00   5.000E-02
   6  34   0   0   4      0      0   0.000E+00   5.000E-02
   6  35  -1   0   1      0      0   3.283E-03   2.000E-01
  F  1  7  0.  0.
   6  36   0   0   4      0      0   0.000E+00   5.000E-02
   6  37  -1   0   1      0      0   1.345E-03   2.000E-01
  F  1  7  0.  0.
   6  38   0   0   4      0      0   0.000E+00   5.000E-02
   6  39   0   0   4      0      0   0.000E+00   5.000E-02
   6  40   0   0   4      0      0   0.000E+00   5.000E-02
   6  41   0   0   4      0      0   0.000E+00   5.000E-02
   6  42   0   0   4      0      0   0.000E+00   5.000E-02
   6  43   0   0   4      0      0   0.000E+00   5.000E-02
   6  44  -1   0   1      0      0   2.117E-03   2.000E-01
  F  1  7  0.  0.
   6  45   0   0   4      0      0   0.000E+00   5.000E-02
   6  46  -1   0   1      0      0   1.025E-03   2.000E-01
  F  1  7  0.  0.
   6  47   0   0   4      0      0   0.000E+00   5.000E-02
   6  48   0   0   4      0      0   0.000E+00   5.000E-02
   6  49   0   0   4      0      0   0.000E+00   5.000E-02
   6  50   0   0   4      0      0   0.000E+00   5.000E-02
   6  51   0   0   4      0      0   0.000E+00   5.000E-02
   6  52   0   0   4      0      0   0.000E+00   5.000E-02
   6  53   0   0   4      0      0   0.000E+00   5.000E-02
   7   8  -1   0   1      0      0   1.300E-01   7.000E-01
  F  1  7  0.  0.
   7   9   0   0   4      0      0   0.000E+00   5.000E-02
   7  10  -1   0   1      0      0   2.920E-01   2.000E-01
  F  1  7  0.  0.
   7  11   0   0   4      0      0   0.000E+00   5.000E-02
   7  12  -1   0   1      0      0   6.950E-01   2.000E-01
  F  1  7  0.  0.
   7  13   0   0   4      0      0   0.000E+00   5.000E-02
   7  14   0   0   4      0      0   0.000E+00   5.000E-02
   7  15  -1   0   1      0      0   2.650E-02   2.000E-01
  F  1  7  0.  0.
   7  16   0   0   4      0      0   0.000E+00   5.000E-02
   7  17  -1   0   1      0      0   1.770E-01   2.000E-01
  F  1  7  0.  0.
   7  18   0   0   4      0      0   0.000E+00   5.000E-02
   7  19   0   0   4      0      0   0.000E+00   5.000E-02
   7  20   0   0   4      0      0   0.000E+00   5.000E-02
   7  21  -1   0   1      0      0   8.590E-03   2.000E-01
  F  1  7  0.  0.
   7  22   0   0   4      0      0   0.000E+00   5.000E-02
   7  23  -1   0   1      0      0   7.410E-02   2.000E-01
  F  1  7  0.  0.
   7  24   0   0   4      0      0   0.000E+00   5.000E-02
   7  25   0   0   4      0      0   0.000E+00   5.000E-02
   7  26   0   0   4      0      0   0.000E+00   5.000E-02
   7  27   0   0   4      0      0   0.000E+00   5.000E-02
   7  28  -1   0   1      0      0   4.050E-03   2.000E-01
  F  1  7  0.  0.
   7  29   0   0   4      0      0   0.000E+00   5.000E-02
   7  30  -1   0   1      0      0   3.910E-02   2.000E-01
  F  1  7  0.  0.
   7  31   0   0   4      0      0   0.000E+00   5.000E-02
   7  32   0   0   4      0      0   0.000E+00   5.000E-02
   7  33   0   0   4      0      0   0.000E+00   5.000E-02
   7  34   0   0   4      0      0   0.000E+00   5.000E-02
   7  35   0   0   4      0      0   0.000E+00   5.000E-02
   7  36  -1   0   1      0      0   2.290E-03   2.000E-01
  F  1  7  0.  0.
   7  37   0   0   4      0      0   0.000E+00   5.000E-02
   7  38  -1   0   1      0      0   2.081E-02   2.000E-01
  F  1  7  0.  0.
   7  39   0   0   4      0      0   0.000E+00   5.000E-02
   7  40   0   0   4      0      0   0.000E+00   5.000E-02
   7  41   0   0   4      0      0   0.000E+00   5.000E-02
   7  42   0   0   4      0      0   0.000E+00   5.000E-02
   7  43   0   0   4      0      0   0.000E+00   5.000E-02
   7  44   0   0   4      0      0   0.000E+00   5.000E-02
   7  45  -1   0   1      0      0   1.450E-03   2.000E-01
  F  1  7  0.  0.
   7  46   0   0   4      0      0   0.000E+00   5.000E-02
   7  47  -1   0   1      0      0   1.323E-02   2.000E-01
  F  1  7  0.  0.
   7  48   0   0   4      0      0   0.000E+00   5.000E-02
   7  49   0   0   4      0      0   0.000E+00   5.000E-02
   7  50   0   0   4      0      0   0.000E+00   5.000E-02
   7  51   0   0   4      0      0   0.000E+00   5.000E-02
   7  52   0   0   4      0      0   0.000E+00   5.000E-02
   7  53   0   0   4      0      0   0.000E+00   5.000E-02
   8   9   0   0   4      0      0   0.000E+00   5.000E-02
   8  10   0   0   4      0      0   0.000E+00   5.000E-02
   8  11  -1   0   1      0      0   2.143E-02   2.000E-01
  F  1  7  0.  0.
   8  12   0   0   4      0      0   0.000E+00   5.000E-02
   8  13  -1   0   1      0      0   1.344E+00   2.000E-01
  F  1  7  0.  0.
   8  14   0   0   4      0      0   0.000E+00   5.000E-02
   8  15   0   0   4      0      0   0.000E+00   5.000E-02
   8  16  -1   0   1      0      0   3.600E-03   2.000E-01
  F  1  7  0.  0.
   8  17   0   0   4      0      0   0.000E+00   5.000E-02
   8  18  -1   0   1      0      0   2.117E-01   2.000E-01
  F  1  7  0.  0.
   8  19   0   0   4      0      0   0.000E+00   5.000E-02
   8  20   0   0   4      0      0   0.000E+00   5.000E-02
   8  21   0   0   4      0      0   0.000E+00   5.000E-02
   8  22  -1   0   1      0      0   1.279E-03   2.000E-01
  F  1  7  0.  0.
   8  23   0   0   4      0      0   0.000E+00   5.000E-02
   8  24  -1   0   1      0      0   7.484E-02   2.000E-01
  F  1  7  0.  0.
   8  25   0   0   4      0      0   0.000E+00   5.000E-02
   8  26   0   0   4      0      0   0.000E+00   5.000E-02
   8  27   0   0   4      0      0   0.000E+00   5.000E-02
   8  28   0   0   4      0      0   0.000E+00   5.000E-02
   8  29  -1   0   1      0      0   6.200E-04   2.000E-01
  F  1  7  0.  0.
   8  30   0   0   4      0      0   0.000E+00   5.000E-02
   8  31  -1   0   1      0      0   3.630E-02   2.000E-01
  F  1  7  0.  0.
   8  32   0   0   4      0      0   0.000E+00   5.000E-02
   8  33   0   0   4      0      0   0.000E+00   5.000E-02
   8  34   0   0   4      0      0   0.000E+00   5.000E-02
   8  35   0   0   4      0      0   0.000E+00   5.000E-02
   8  36   0   0   4      0      0   0.000E+00   5.000E-02
   8  37  -1   0   1      0      0   3.543E-04   2.000E-01
  F  1  7  0.  0.
   8  38   0   0   4      0      0   0.000E+00   5.000E-02
   8  39  -1   0   1      0      0   2.081E-02   2.000E-01
  F  1  7  0.  0.
   8  40   0   0   4      0      0   0.000E+00   5.000E-02
   8  41   0   0   4      0      0   0.000E+00   5.000E-02
   8  42   0   0   4      0      0   0.000E+00   5.000E-02
   8  43   0   0   4      0      0   0.000E+00   5.000E-02
   8  44   0   0   4      0      0   0.000E+00   5.000E-02
   8  45   0   0   4      0      0   0.000E+00   5.000E-02
   8  46  -1   0   1      0      0   2.243E-04   2.000E-01
  F  1  7  0.  0.
   8  47   0   0   4      0      0   0.000E+00   5.000E-02
   8  48  -1   0   1      0      0   1.323E-02   2.000E-01
  F  1  7  0.  0.
   8  49   0   0   4      0      0   0.000E+00   5.000E-02
   8  50   0   0   4      0      0   0.000E+00   5.000E-02
   8  51   0   0   4      0      0   0.000E+00   5.000E-02
   8  52   0   0   4      0      0   0.000E+00   5.000E-02
   8  53   0   0   4      0      0   0.000E+00   5.000E-02
   9  10  -1   0   1      0      0   1.540E+00   7.000E-01
  F  1  7  0.  0.
   9  11   0   0   4      0      0   0.000E+00   5.000E-02
   9  12   0   0   4      0      0   0.000E+00   5.000E-02
   9  13   0   0   4      0      0   0.000E+00   5.000E-02
   9  14   0   0   4      0      0   0.000E+00   5.000E-02
   9  15  -1   0   1      0      0   1.800E-02   2.000E-01
  F  1  7  0.  0.
   9  16   0   0   4      0      0   0.000E+00   5.000E-02
   9  17   0   0   4      0      0   0.000E+00   5.000E-02
   9  18   0   0   4      0      0   0.000E+00   5.000E-02
   9  19   0   0   4      0      0   0.000E+00   5.000E-02
   9  20   0   0   4      0      0   0.000E+00   5.000E-02
   9  21  -1   0   1      0      0   1.145E-02   2.000E-01
  F  1  7  0.  0.
   9  22   0   0   4      0      0   0.000E+00   5.000E-02
   9  23   0   0   4      0      0   0.000E+00   5.000E-02
   9  24   0   0   4      0      0   0.000E+00   5.000E-02
   9  25   0   0   4      0      0   0.000E+00   5.000E-02
   9  26   0   0   4      0      0   0.000E+00   5.000E-02
   9  27   0   0   4      0      0   0.000E+00   5.000E-02
   9  28  -1   0   1      0      0   6.750E-03   2.000E-01
  F  1  7  0.  0.
   9  29   0   0   4      0      0   0.000E+00   5.000E-02
   9  30   0   0   4      0      0   0.000E+00   5.000E-02
   9  31   0   0   4      0      0   0.000E+00   5.000E-02
   9  32   0   0   4      0      0   0.000E+00   5.000E-02
   9  33   0   0   4      0      0   0.000E+00   5.000E-02
   9  34   0   0   4      0      0   0.000E+00   5.000E-02
   9  35   0   0   4      0      0   0.000E+00   5.000E-02
   9  36  -1   0   1      0      0   4.290E-03   2.000E-01
  F  1  7  0.  0.
   9  37   0   0   4      0      0   0.000E+00   5.000E-02
   9  38   0   0   4      0      0   0.000E+00   5.000E-02
   9  39   0   0   4      0      0   0.000E+00   5.000E-02
   9  40   0   0   4      0      0   0.000E+00   5.000E-02
   9  41   0   0   4      0      0   0.000E+00   5.000E-02
   9  42   0   0   4      0      0   0.000E+00   5.000E-02
   9  43   0   0   4      0      0   0.000E+00   5.000E-02
   9  44   0   0   4      0      0   0.000E+00   5.000E-02
   9  45  -1   0   1      0      0   2.900E-03   2.000E-01
  F  1  7  0.  0.
   9  46   0   0   4      0      0   0.000E+00   5.000E-02
   9  47   0   0   4      0      0   0.000E+00   5.000E-02
   9  48   0   0   4      0      0   0.000E+00   5.000E-02
   9  49   0   0   4      0      0   0.000E+00   5.000E-02
   9  50   0   0   4      0      0   0.000E+00   5.000E-02
   9  51   0   0   4      0      0   0.000E+00   5.000E-02
   9  52   0   0   4      0      0   0.000E+00   5.000E-02
   9  53   0   0   4      0      0   0.000E+00   5.000E-02
  10  11  -1   0   1      0      0   1.520E+00   7.000E-01
  F  1  7  0.  0.
  10  12   0   0   4      0      0   0.000E+00   5.000E-02
  10  13   0   0   4      0      0   0.000E+00   5.000E-02
  10  14  -1   0   1      0      0   2.983E-01   2.000E-01
  F  1  7  0.  0.
  10  15   0   0   4      0      0   0.000E+00   5.000E-02
  10  16  -1   0   1      0      0   3.650E-03   2.000E-01
  F  1  7  0.  0.
  10  17   0   0   4      0      0   0.000E+00   5.000E-02
  10  18   0   0   4      0      0   0.000E+00   5.000E-02
  10  19   0   0   4      0      0   0.000E+00   5.000E-02
  10  20  -1   0   1      0      0   4.383E-02   2.000E-01
  F  1  7  0.  0.
  10  21   0   0   4      0      0   0.000E+00   5.000E-02
  10  22  -1   0   1      0      0   1.325E-04   2.000E-01
  F  1  7  0.  0.
  10  23   0   0   4      0      0   0.000E+00   5.000E-02
  10  24   0   0   4      0      0   0.000E+00   5.000E-02
  10  25   0   0   4      0      0   0.000E+00   5.000E-02
  10  26   0   0   4      0      0   0.000E+00   5.000E-02
  10  27  -1   0   1      0      0   1.593E-02   2.000E-01
  F  1  7  0.  0.
  10  28   0   0   4      0      0   0.000E+00   5.000E-02
  10  29  -1   0   1      0      0   5.567E-04   2.000E-01
  F  1  7  0.  0.
  10  30   0   0   4      0      0   0.000E+00   5.000E-02
  10  31   0   0   4      0      0   0.000E+00   5.000E-02
  10  32   0   0   4      0      0   0.000E+00   5.000E-02
  10  33   0   0   4      0      0   0.000E+00   5.000E-02
  10  34   0   0   4      0      0   0.000E+00   5.000E-02
  10  35  -1   0   1      0      0   7.950E-03   2.000E-01
  F  1  7  0.  0.
  10  36   0   0   4      0      0   0.000E+00   5.000E-02
  10  37  -1   0   1      0      0   6.167E-04   2.000E-01
  F  1  7  0.  0.
  10  38   0   0   4      0      0   0.000E+00   5.000E-02
  10  39   0   0   4      0      0   0.000E+00   5.000E-02
  10  40   0   0   4      0      0   0.000E+00   5.000E-02
  10  41   0   0   4      0      0   0.000E+00   5.000E-02
  10  42   0   0   4      0      0   0.000E+00   5.000E-02
  10  43   0   0   4      0      0   0.000E+00   5.000E-02
  10  44  -1   0   1      0      0   4.650E-03   2.000E-01
  F  1  7  0.  0.
  10  45   0   0   4      0      0   0.000E+00   5.000E-02
  10  46  -1   0   1      0      0   5.500E-04   2.000E-01
  F  1  7  0.  0.
  10  47   0   0   4      0      0   0.000E+00   5.000E-02
  10  48   0   0   4      0      0   0.000E+00   5.000E-02
  10  49   0   0   4      0      0   0.000E+00   5.000E-02
  10  50   0   0   4      0      0   0.000E+00   5.000E-02
  10  51   0   0   4      0      0   0.000E+00   5.000E-02
  10  52   0   0   4      0      0   0.000E+00   5.000E-02
  10  53   0   0   4      0      0   0.000E+00   5.000E-02
  11  12  -1   0   1      0      0   2.360E-01   7.000E-01
  F  1  7  0.  0.
  11  13   0   0   4      0      0   0.000E+00   5.000E-02
  11  14   0   0   4      0      0   0.000E+00   5.000E-02
  11  15  -1   0   1      0      0   4.430E-01   2.000E-01
  F  1  7  0.  0.
  11  16   0   0   4      0      0   0.000E+00   5.000E-02
  11  17  -1   0   1      0      0   6.050E-01   2.000E-01
  F  1  7  0.  0.
  11  18   0   0   4      0      0   0.000E+00   5.000E-02
  11  19   0   0   4      0      0   0.000E+00   5.000E-02
  11  20   0   0   4      0      0   0.000E+00   5.000E-02
  11  21  -1   0   1      0      0   4.040E-02   2.000E-01
  F  1  7  0.  0.
  11  22   0   0   4      0      0   0.000E+00   5.000E-02
  11  23  -1   0   1      0      0   1.710E-01   2.000E-01
  F  1  7  0.  0.
  11  24   0   0   4      0      0   0.000E+00   5.000E-02
  11  25   0   0   4      0      0   0.000E+00   5.000E-02
  11  26   0   0   4      0      0   0.000E+00   5.000E-02
  11  27   0   0   4      0      0   0.000E+00   5.000E-02
  11  28  -1   0   1      0      0   1.310E-02   2.000E-01
  F  1  7  0.  0.
  11  29   0   0   4      0      0   0.000E+00   5.000E-02
  11  30  -1   0   1      0      0   7.590E-02   2.000E-01
  F  1  7  0.  0.
  11  31   0   0   4      0      0   0.000E+00   5.000E-02
  11  32   0   0   4      0      0   0.000E+00   5.000E-02
  11  33   0   0   4      0      0   0.000E+00   5.000E-02
  11  34   0   0   4      0      0   0.000E+00   5.000E-02
  11  35   0   0   4      0      0   0.000E+00   5.000E-02
  11  36  -1   0   1      0      0   6.230E-03   2.000E-01
  F  1  7  0.  0.
  11  37   0   0   4      0      0   0.000E+00   5.000E-02
  11  38  -1   0   1      0      0   4.069E-02   2.000E-01
  F  1  7  0.  0.
  11  39   0   0   4      0      0   0.000E+00   5.000E-02
  11  40   0   0   4      0      0   0.000E+00   5.000E-02
  11  41   0   0   4      0      0   0.000E+00   5.000E-02
  11  42   0   0   4      0      0   0.000E+00   5.000E-02
  11  43   0   0   4      0      0   0.000E+00   5.000E-02
  11  44   0   0   4      0      0   0.000E+00   5.000E-02
  11  45  -1   0   1      0      0   3.550E-03   2.000E-01
  F  1  7  0.  0.
  11  46   0   0   4      0      0   0.000E+00   5.000E-02
  11  47  -1   0   1      0      0   2.323E-02   2.000E-01
  F  1  7  0.  0.
  11  48   0   0   4      0      0   0.000E+00   5.000E-02
  11  49   0   0   4      0      0   0.000E+00   5.000E-02
  11  50   0   0   4      0      0   0.000E+00   5.000E-02
  11  51   0   0   4      0      0   0.000E+00   5.000E-02
  11  52   0   0   4      0      0   0.000E+00   5.000E-02
  11  53   0   0   4      0      0   0.000E+00   5.000E-02
  12  13   0   0   1      0      0   0.000E+00   7.000E-01
  12  14   0   0   4      0      0   0.000E+00   5.000E-02
  12  15   0   0   4      0      0   0.000E+00   5.000E-02
  12  16  -1   0   1      0      0   5.243E-02   2.000E-01
  F  1  7  0.  0.
  12  17   0   0   4      0      0   0.000E+00   5.000E-02
  12  18  -1   0   1      0      0   1.591E+00   2.000E-01
  F  1  7  0.  0.
  12  19   0   0   4      0      0   0.000E+00   5.000E-02
  12  20   0   0   4      0      0   0.000E+00   5.000E-02
  12  21   0   0   4      0      0   0.000E+00   5.000E-02
  12  22  -1   0   1      0      0   9.143E-03   2.000E-01
  F  1  7  0.  0.
  12  23   0   0   4      0      0   0.000E+00   5.000E-02
  12  24  -1   0   1      0      0   2.432E-01   2.000E-01
  F  1  7  0.  0.
  12  25   0   0   4      0      0   0.000E+00   5.000E-02
  12  26   0   0   4      0      0   0.000E+00   5.000E-02
  12  27   0   0   4      0      0   0.000E+00   5.000E-02
  12  28   0   0   4      0      0   0.000E+00   5.000E-02
  12  29  -1   0   1      0      0   3.329E-03   2.000E-01
  F  1  7  0.  0.
  12  30   0   0   4      0      0   0.000E+00   5.000E-02
  12  31  -1   0   1      0      0   8.460E-02   2.000E-01
  F  1  7  0.  0.
  12  32   0   0   4      0      0   0.000E+00   5.000E-02
  12  33   0   0   4      0      0   0.000E+00   5.000E-02
  12  34   0   0   4      0      0   0.000E+00   5.000E-02
  12  35   0   0   4      0      0   0.000E+00   5.000E-02
  12  36   0   0   4      0      0   0.000E+00   5.000E-02
  12  37  -1   0   1      0      0   1.629E-03   2.000E-01
  F  1  7  0.  0.
  12  38   0   0   4      0      0   0.000E+00   5.000E-02
  12  39  -1   0   1      0      0   4.069E-02   2.000E-01
  F  1  7  0.  0.
  12  40   0   0   4      0      0   0.000E+00   5.000E-02
  12  41   0   0   4      0      0   0.000E+00   5.000E-02
  12  42   0   0   4      0      0   0.000E+00   5.000E-02
  12  43   0   0   4      0      0   0.000E+00   5.000E-02
  12  44   0   0   4      0      0   0.000E+00   5.000E-02
  12  45   0   0   4      0      0   0.000E+00   5.000E-02
  12  46  -1   0   1      0      0   9.357E-04   2.000E-01
  F  1  7  0.  0.
  12  47   0   0   4      0      0   0.000E+00   5.000E-02
  12  48  -1   0   1      0      0   2.323E-02   2.000E-01
  F  1  7  0.  0.
  12  49   0   0   4      0      0   0.000E+00   5.000E-02
  12  50   0   0   4      0      0   0.000E+00   5.000E-02
  12  51   0   0   4      0      0   0.000E+00   5.000E-02
  12  52   0   0   4      0      0   0.000E+00   5.000E-02
  12  53   0   0   4      0      0   0.000E+00   5.000E-02
  13  14   0   0   4      0      0   0.000E+00   5.000E-02
  13  15   0   0   4      0      0   0.000E+00   5.000E-02
  13  16   0   0   4      0      0   0.000E+00   5.000E-02
  13  17  -1   0   1      0      0   1.591E+00   2.000E-01
  F  1  7  0.  0.
  13  18   0   0   4      0      0   0.000E+00   5.000E-02
  13  19  -1   0   1      0      0   1.591E+00   2.000E-01
  F  1  7  0.  0.
  13  20   0   0   4      0      0   0.000E+00   5.000E-02
  13  21   0   0   4      0      0   0.000E+00   5.000E-02
  13  22   0   0   4      0      0   0.000E+00   5.000E-02
  13  23  -1   0   1      0      0   2.432E-01   2.000E-01
  F  1  7  0.  0.
  13  24   0   0   4      0      0   0.000E+00   5.000E-02
  13  25  -1   0   1      0      0   2.432E-01   2.000E-01
  F  1  7  0.  0.
  13  26   0   0   4      0      0   0.000E+00   5.000E-02
  13  27   0   0   4      0      0   0.000E+00   5.000E-02
  13  28   0   0   4      0      0   0.000E+00   5.000E-02
  13  29   0   0   4      0      0   0.000E+00   5.000E-02
  13  30  -1   0   1      0      0   8.460E-02   2.000E-01
  F  1  7  0.  0.
  13  31   0   0   4      0      0   0.000E+00   5.000E-02
  13  32  -1   0   1      0      0   8.460E-02   2.000E-01
  F  1  7  0.  0.
  13  33   0   0   4      0      0   0.000E+00   5.000E-02
  13  34   0   0   4      0      0   0.000E+00   5.000E-02
  13  35   0   0   4      0      0   0.000E+00   5.000E-02
  13  36   0   0   4      0      0   0.000E+00   5.000E-02
  13  37   0   0   4      0      0   0.000E+00   5.000E-02
  13  38  -1   0   1      0      0   4.069E-02   2.000E-01
  F  1  7  0.  0.
  13  39   0   0   4      0      0   0.000E+00   5.000E-02
  13  40  -1   0   1      0      0   4.069E-02   2.000E-01
  F  1  7  0.  0.
  13  41   0   0   4      0      0   0.000E+00   5.000E-02
  13  42   0   0   4      0      0   0.000E+00   5.000E-02
  13  43   0   0   4      0      0   0.000E+00   5.000E-02
  13  44   0   0   4      0      0   0.000E+00   5.000E-02
  13  45   0   0   4      0      0   0.000E+00   5.000E-02
  13  46   0   0   4      0      0   0.000E+00   5.000E-02
  13  47  -1   0   1      0      0   2.323E-02   2.000E-01
  F  1  7  0.  0.
  13  48   0   0   4      0      0   0.000E+00   5.000E-02
  13  49  -1   0   1      0      0   2.323E-02   2.000E-01
  F  1  7  0.  0.
  13  50   0   0   4      0      0   0.000E+00   5.000E-02
  13  51   0   0   4      0      0   0.000E+00   5.000E-02
  13  52   0   0   4      0      0   0.000E+00   5.000E-02
  13  53   0   0   4      0      0   0.000E+00   5.000E-02
  14  15  -1   0   1      0      0   1.890E+00   7.000E-01
  F  1  7  0.  0.
  14  16   0   0   4      0      0   0.000E+00   5.000E-02
  14  17   0   0   4      0      0   0.000E+00   5.000E-02
  14  18   0   0   4      0      0   0.000E+00   5.000E-02
  14  19   0   0   4      0      0   0.000E+00   5.000E-02
  14  20   0   0   4      0      0   0.000E+00   5.000E-02
  14  21  -1   0   1      0      0   1.500E-02   2.000E-01
  F  1  7  0.  0.
  14  22   0   0   4      0      0   0.000E+00   5.000E-02
  14  23   0   0   4      0      0   0.000E+00   5.000E-02
  14  24   0   0   4      0      0   0.000E+00   5.000E-02
  14  25   0   0   4      0      0   0.000E+00   5.000E-02
  14  26   0   0   4      0      0   0.000E+00   5.000E-02
  14  27   0   0   4      0      0   0.000E+00   5.000E-02
  14  28  -1   0   1      0      0   1.050E-02   2.000E-01
  F  1  7  0.  0.
  14  29   0   0   4      0      0   0.000E+00   5.000E-02
  14  30   0   0   4      0      0   0.000E+00   5.000E-02
  14  31   0   0   4      0      0   0.000E+00   5.000E-02
  14  32   0   0   4      0      0   0.000E+00   5.000E-02
  14  33   0   0   4      0      0   0.000E+00   5.000E-02
  14  34   0   0   4      0      0   0.000E+00   5.000E-02
  14  35   0   0   4      0      0   0.000E+00   5.000E-02
  14  36  -1   0   1      0      0   6.400E-03   2.000E-01
  F  1  7  0.  0.
  14  37   0   0   4      0      0   0.000E+00   5.000E-02
  14  38   0   0   4      0      0   0.000E+00   5.000E-02
  14  39   0   0   4      0      0   0.000E+00   5.000E-02
  14  40   0   0   4      0      0   0.000E+00   5.000E-02
  14  41   0   0   4      0      0   0.000E+00   5.000E-02
  14  42   0   0   4      0      0   0.000E+00   5.000E-02
  14  43   0   0   4      0      0   0.000E+00   5.000E-02
  14  44   0   0   4      0      0   0.000E+00   5.000E-02
  14  45  -1   0   1      0      0   4.155E-03   2.000E-01
  F  1  7  0.  0.
  14  46   0   0   4      0      0   0.000E+00   5.000E-02
  14  47   0   0   4      0      0   0.000E+00   5.000E-02
  14  48   0   0   4      0      0   0.000E+00   5.000E-02
  14  49   0   0   4      0      0   0.000E+00   5.000E-02
  14  50   0   0   4      0      0   0.000E+00   5.000E-02
  14  51   0   0   4      0      0   0.000E+00   5.000E-02
  14  52   0   0   4      0      0   0.000E+00   5.000E-02
  14  53   0   0   4      0      0   0.000E+00   5.000E-02
  15  16  -1   0   1      0      0   1.833E+00   7.000E-01
  F  1  7  0.  0.
  15  17   0   0   4      0      0   0.000E+00   5.000E-02
  15  18   0   0   4      0      0   0.000E+00   5.000E-02
  15  19   0   0   4      0      0   0.000E+00   5.000E-02
  15  20  -1   0   1      0      0   3.883E-01   2.000E-01
  F  1  7  0.  0.
  15  21   0   0   4      0      0   0.000E+00   5.000E-02
  15  22  -1   0   1      0      0   1.005E-02   2.000E-01
  F  1  7  0.  0.
  15  23   0   0   4      0      0   0.000E+00   5.000E-02
  15  24   0   0   4      0      0   0.000E+00   5.000E-02
  15  25   0   0   4      0      0   0.000E+00   5.000E-02
  15  26   0   0   4      0      0   0.000E+00   5.000E-02
  15  27  -1   0   1      0      0   5.617E-02   2.000E-01
  F  1  7  0.  0.
  15  28   0   0   4      0      0   0.000E+00   5.000E-02
  15  29  -1   0   1      0      0   1.552E-04   2.000E-01
  F  1  7  0.  0.
  15  30   0   0   4      0      0   0.000E+00   5.000E-02
  15  31   0   0   4      0      0   0.000E+00   5.000E-02
  15  32   0   0   4      0      0   0.000E+00   5.000E-02
  15  33   0   0   4      0      0   0.000E+00   5.000E-02
  15  34   0   0   4      0      0   0.000E+00   5.000E-02
  15  35  -1   0   1      0      0   2.050E-02   2.000E-01
  F  1  7  0.  0.
  15  36   0   0   4      0      0   0.000E+00   5.000E-02
  15  37  -1   0   1      0      0   4.917E-05   2.000E-01
  F  1  7  0.  0.
  15  38   0   0   4      0      0   0.000E+00   5.000E-02
  15  39   0   0   4      0      0   0.000E+00   5.000E-02
  15  40   0   0   4      0      0   0.000E+00   5.000E-02
  15  41   0   0   4      0      0   0.000E+00   5.000E-02
  15  42   0   0   4      0      0   0.000E+00   5.000E-02
  15  43   0   0   4      0      0   0.000E+00   5.000E-02
  15  44  -1   0   1      0      0   1.020E-02   2.000E-01
  F  1  7  0.  0.
  15  45   0   0   4      0      0   0.000E+00   5.000E-02
  15  46  -1   0   1      0      0   1.565E-04   2.000E-01
  F  1  7  0.  0.
  15  47   0   0   4      0      0   0.000E+00   5.000E-02
  15  48   0   0   4      0      0   0.000E+00   5.000E-02
  15  49   0   0   4      0      0   0.000E+00   5.000E-02
  15  50   0   0   4      0      0   0.000E+00   5.000E-02
  15  51   0   0   4      0      0   0.000E+00   5.000E-02
  15  52   0   0   4      0      0   0.000E+00   5.000E-02
  15  53   0   0   4      0      0   0.000E+00   5.000E-02
  16  17  -1   0   1      0      0   3.310E-01   7.000E-01
  F  1  7  0.  0.
  16  18   0   0   4      0      0   0.000E+00   5.000E-02
  16  19   0   0   4      0      0   0.000E+00   5.000E-02
  16  20   0   0   4      0      0   0.000E+00   5.000E-02
  16  21  -1   0   1      0      0   5.940E-01   2.000E-01
  F  1  7  0.  0.
  16  23   0   0   4      0      0   0.000E+00   5.000E-02
  16  23  -1   0   1      0      0   5.620E-01   2.000E-01
  F  1  7  0.  0.
  16  24   0   0   4      0      0   0.000E+00   5.000E-02
  16  25   0   0   4      0      0   0.000E+00   5.000E-02
  16  26   0   0   4      0      0   0.000E+00   5.000E-02
  16  27   0   0   4      0      0   0.000E+00   5.000E-02
  16  28  -1   0   1      0      0   5.410E-02   2.000E-01
  F  1  7  0.  0.
  16  29   0   0   4      0      0   0.000E+00   5.000E-02
  16  30  -1   0   1      0      0   1.670E-01   2.000E-01
  F  1  7  0.  0.
  16  31   0   0   4      0      0   0.000E+00   5.000E-02
  16  32   0   0   4      0      0   0.000E+00   5.000E-02
  16  33   0   0   4      0      0   0.000E+00   5.000E-02
  16  34   0   0   4      0      0   0.000E+00   5.000E-02
  16  35   0   0   4      0      0   0.000E+00   5.000E-02
  16  36  -1   0   1      0      0   1.760E-02   2.000E-01
  F  1  7  0.  0.
  16  37   0   0   4      0      0   0.000E+00   5.000E-02
  16  38  -1   0   1      0      0   9.409E-02   2.000E-01
  F  1  7  0.  0.
  16  39   0   0   4      0      0   0.000E+00   5.000E-02
  16  40   0   0   4      0      0   0.000E+00   5.000E-02
  16  41   0   0   4      0      0   0.000E+00   5.000E-02
  16  42   0   0   4      0      0   0.000E+00   5.000E-02
  16  43   0   0   4      0      0   0.000E+00   5.000E-02
  16  44   0   0   4      0      0   0.000E+00   5.000E-02
  16  45  -1   0   1      0      0   8.370E-03   2.000E-01
  F  1  7  0.  0.
  16  46   0   0   4      0      0   0.000E+00   5.000E-02
  16  47  -1   0   1      0      0   4.487E-02   2.000E-01
  F  1  7  0.  0.
  16  48   0   0   4      0      0   0.000E+00   5.000E-02
  16  49   0   0   4      0      0   0.000E+00   5.000E-02
  16  50   0   0   4      0      0   0.000E+00   5.000E-02
  16  51   0   0   4      0      0   0.000E+00   5.000E-02
  16  52   0   0   4      0      0   0.000E+00   5.000E-02
  16  53   0   0   4      0      0   0.000E+00   5.000E-02
  17  18   0   0   1      0      0   0.000E+00   7.000E-01
  17  19   0   0   4      0      0   0.000E+00   5.000E-02
  17  20   0   0   4      0      0   0.000E+00   5.000E-02
  17  21   0   0   4      0      0   0.000E+00   5.000E-02
  17  22  -1   0   1      0      0   8.929E-02   2.000E-01
  F  1  7  0.  0.
  17  23   0   0   4      0      0   0.000E+00   5.000E-02
  17  24  -1   0   1      0      0   1.836E+00   2.000E-01
  F  1  7  0.  0.
  17  25   0   0   4      0      0   0.000E+00   5.000E-02
  17  26   0   0   4      0      0   0.000E+00   5.000E-02
  17  27   0   0   4      0      0   0.000E+00   5.000E-02
  17  28   0   0   4      0      0   0.000E+00   5.000E-02
  17  29  -1   0   1      0      0   1.607E-02   2.000E-01
  F  1  7  0.  0.
  17  30   0   0   4      0      0   0.000E+00   5.000E-02
  17  31  -1   0   1      0      0   2.743E-01   2.000E-01
  F  1  7  0.  0.
  17  32   0   0   4      0      0   0.000E+00   5.000E-02
  17  33   0   0   4      0      0   0.000E+00   5.000E-02
  17  34   0   0   4      0      0   0.000E+00   5.000E-02
  17  35   0   0   4      0      0   0.000E+00   5.000E-02
  17  36   0   0   4      0      0   0.000E+00   5.000E-02
  17  37  -1   0   1      0      0   5.936E-03   2.000E-01
  F  1  7  0.  0.
  17  38   0   0   4      0      0   0.000E+00   5.000E-02
  17  39  -1   0   1      0      0   9.409E-02   2.000E-01
  F  1  7  0.  0.
  17  40   0   0   4      0      0   0.000E+00   5.000E-02
  17  41   0   0   4      0      0   0.000E+00   5.000E-02
  17  42   0   0   4      0      0   0.000E+00   5.000E-02
  17  43   0   0   4      0      0   0.000E+00   5.000E-02
  17  44   0   0   4      0      0   0.000E+00   5.000E-02
  17  45   0   0   4      0      0   0.000E+00   5.000E-02
  17  46  -1   0   1      0      0   2.929E-03   2.000E-01
  F  1  7  0.  0.
  17  47   0   0   4      0      0   0.000E+00   5.000E-02
  17  48  -1   0   1      0      0   4.487E-02   2.000E-01
  F  1  7  0.  0.
  17  49   0   0   4      0      0   0.000E+00   5.000E-02
  17  50   0   0   4      0      0   0.000E+00   5.000E-02
  17  51   0   0   4      0      0   0.000E+00   5.000E-02
  17  52   0   0   4      0      0   0.000E+00   5.000E-02
  17  53   0   0   4      0      0   0.000E+00   5.000E-02
  18  19   0   0   1      0      0   0.000E+00   7.000E-01
  18  20   0   0   4      0      0   0.000E+00   5.000E-02
  18  21   0   0   4      0      0   0.000E+00   5.000E-02
  18  22   0   0   4      0      0   0.000E+00   5.000E-02
  18  23  -1   0   1      0      0   1.836E+00   2.000E-01
  F  1  7  0.  0.
  18  24   0   0   4      0      0   0.000E+00   5.000E-02
  18  25  -1   0   1      0      0   1.836E+00   2.000E-01
  F  1  7  0.  0.
  18  26   0   0   4      0      0   0.000E+00   5.000E-02
  18  27   0   0   4      0      0   0.000E+00   5.000E-02
  18  28   0   0   4      0      0   0.000E+00   5.000E-02
  18  29   0   0   4      0      0   0.000E+00   5.000E-02
  18  30  -1   0   1      0      0   2.743E-01   2.000E-01
  F  1  7  0.  0.
  18  31   0   0   4      0      0   0.000E+00   5.000E-02
  18  32  -1   0   1      0      0   2.743E-01   2.000E-01
  F  1  7  0.  0.
  18  33   0   0   4      0      0   0.000E+00   5.000E-02
  18  34   0   0   4      0      0   0.000E+00   5.000E-02
  18  35   0   0   4      0      0   0.000E+00   5.000E-02
  18  36   0   0   4      0      0   0.000E+00   5.000E-02
  18  37   0   0   4      0      0   0.000E+00   5.000E-02
  18  38  -1   0   1      0      0   9.409E-02   2.000E-01
  F  1  7  0.  0.
  18  39   0   0   4      0      0   0.000E+00   5.000E-02
  18  40  -1   0   1      0      0   9.409E-02   2.000E-01
  F  1  7  0.  0.
  18  41   0   0   4      0      0   0.000E+00   5.000E-02
  18  42   0   0   4      0      0   0.000E+00   5.000E-02
  18  43   0   0   4      0      0   0.000E+00   5.000E-02
  18  44   0   0   4      0      0   0.000E+00   5.000E-02
  18  45   0   0   4      0      0   0.000E+00   5.000E-02
  18  46   0   0   4      0      0   0.000E+00   5.000E-02
  18  47  -1   0   1      0      0   4.487E-02   2.000E-01
  F  1  7  0.  0.
  18  48   0   0   4      0      0   0.000E+00   5.000E-02
  18  49  -1   0   1      0      0   4.487E-02   2.000E-01
  F  1  7  0.  0.
  18  50   0   0   4      0      0   0.000E+00   5.000E-02
  18  51   0   0   4      0      0   0.000E+00   5.000E-02
  18  52   0   0   4      0      0   0.000E+00   5.000E-02
  18  53   0   0   4      0      0   0.000E+00   5.000E-02
  19  20   0   0   4      0      0   0.000E+00   5.000E-02
  19  21   0   0   4      0      0   0.000E+00   5.000E-02
  19  22   0   0   4      0      0   0.000E+00   5.000E-02
  19  23   0   0   4      0      0   0.000E+00   5.000E-02
  19  24  -1   0   1      0      0   1.836E+00   2.000E-01
  F  1  7  0.  0.
  19  25   0   0   4      0      0   0.000E+00   5.000E-02
  19  26  -1   0   1      0      0   1.836E+00   2.000E-01
  F  1  7  0.  0.
  19  27   0   0   4      0      0   0.000E+00   5.000E-02
  19  28   0   0   4      0      0   0.000E+00   5.000E-02
  19  29   0   0   4      0      0   0.000E+00   5.000E-02
  19  30   0   0   4      0      0   0.000E+00   5.000E-02
  19  31  -1   0   1      0      0   2.743E-01   2.000E-01
  F  1  7  0.  0.
  19  32   0   0   4      0      0   0.000E+00   5.000E-02
  19  33  -1   0   1      0      0   2.743E-01   2.000E-01
  F  1  7  0.  0.
  19  34   0   0   4      0      0   0.000E+00   5.000E-02
  19  35   0   0   4      0      0   0.000E+00   5.000E-02
  19  36   0   0   4      0      0   0.000E+00   5.000E-02
  19  37   0   0   4      0      0   0.000E+00   5.000E-02
  19  38   0   0   4      0      0   0.000E+00   5.000E-02
  19  39  -1   0   1      0      0   9.409E-02   2.000E-01
  F  1  7  0.  0.
  19  40   0   0   4      0      0   0.000E+00   5.000E-02
  19  41  -1   0   1      0      0   9.409E-02   2.000E-01
  F  1  7  0.  0.
  19  42   0   0   4      0      0   0.000E+00   5.000E-02
  19  43   0   0   4      0      0   0.000E+00   5.000E-02
  19  44   0   0   4      0      0   0.000E+00   5.000E-02
  19  45   0   0   4      0      0   0.000E+00   5.000E-02
  19  46   0   0   4      0      0   0.000E+00   5.000E-02
  19  47   0   0   4      0      0   0.000E+00   5.000E-02
  19  48  -1   0   1      0      0   4.487E-02   2.000E-01
  F  1  7  0.  0.
  19  49   0   0   4      0      0   0.000E+00   5.000E-02
  19  50  -1   0   1      0      0   4.487E-02   2.000E-01
  F  1  7  0.  0.
  19  51   0   0   4      0      0   0.000E+00   5.000E-02
  19  52   0   0   4      0      0   0.000E+00   5.000E-02
  19  53   0   0   4      0      0   0.000E+00   5.000E-02
  20  21  -1   0   1      0      0   2.235E+00   7.000E-01
  F  1  7  0.  0.
  20  22   0   0   4      0      0   0.000E+00   5.000E-02
  20  23   0   0   4      0      0   0.000E+00   5.000E-02
  20  24   0   0   4      0      0   0.000E+00   5.000E-02
  20  25   0   0   4      0      0   0.000E+00   5.000E-02
  20  26   0   0   4      0      0   0.000E+00   5.000E-02
  20  27   0   0   4      0      0   0.000E+00   5.000E-02
  20  28  -1   0   1      0      0   1.310E-02   2.000E-01
  F  1  7  0.  0.
  20  29   0   0   4      0      0   0.000E+00   5.000E-02
  20  30   0   0   4      0      0   0.000E+00   5.000E-02
  20  31   0   0   4      0      0   0.000E+00   5.000E-02
  20  32   0   0   4      0      0   0.000E+00   5.000E-02
  20  33   0   0   4      0      0   0.000E+00   5.000E-02
  20  34   0   0   4      0      0   0.000E+00   5.000E-02
  20  35   0   0   4      0      0   0.000E+00   5.000E-02
  20  36  -1   0   1      0      0   9.900E-03   2.000E-01
  F  1  7  0.  0.
  20  37   0   0   4      0      0   0.000E+00   5.000E-02
  20  38   0   0   4      0      0   0.000E+00   5.000E-02
  20  39   0   0   4      0      0   0.000E+00   5.000E-02
  20  40   0   0   4      0      0   0.000E+00   5.000E-02
  20  41   0   0   4      0      0   0.000E+00   5.000E-02
  20  42   0   0   4      0      0   0.000E+00   5.000E-02
  20  43   0   0   4      0      0   0.000E+00   5.000E-02
  20  44   0   0   4      0      0   0.000E+00   5.000E-02
  20  45  -1   0   1      0      0   6.200E-03   2.000E-01
  F  1  7  0.  0.
  20  46   0   0   4      0      0   0.000E+00   5.000E-02
  20  47   0   0   4      0      0   0.000E+00   5.000E-02
  20  48   0   0   4      0      0   0.000E+00   5.000E-02
  20  49   0   0   4      0      0   0.000E+00   5.000E-02
  20  50   0   0   4      0      0   0.000E+00   5.000E-02
  20  51   0   0   4      0      0   0.000E+00   5.000E-02
  20  52   0   0   4      0      0   0.000E+00   5.000E-02
  20  53   0   0   4      0      0   0.000E+00   5.000E-02
  21  22  -1   0   1      0      0   2.133E+00   7.000E-01
  F  1  7  0.  0.
  21  23   0   0   4      0      0   0.000E+00   5.000E-02
  21  24   0   0   4      0      0   0.000E+00   5.000E-02
  21  25   0   0   4      0      0   0.000E+00   5.000E-02
  21  26   0   0   4      0      0   0.000E+00   5.000E-02
  21  27  -1   0   1      0      0   4.783E-01   2.000E-01
  F  1  7  0.  0.
  21  28   0   0   4      0      0   0.000E+00   5.000E-02
  21  29  -1   0   1      0      0   1.717E-02   2.000E-01
  F  1  7  0.  0.
  21  30   0   0   4      0      0   0.000E+00   5.000E-02
  21  31   0   0   4      0      0   0.000E+00   5.000E-02
  21  32   0   0   4      0      0   0.000E+00   5.000E-02
  21  33   0   0   4      0      0   0.000E+00   5.000E-02
  21  34   0   0   4      0      0   0.000E+00   5.000E-02
  21  35  -1   0   1      0      0   6.850E-02   2.000E-01
  F  1  7  0.  0.
  21  36   0   0   4      0      0   0.000E+00   5.000E-02
  21  37  -1   0   1      0      0   9.567E-04   2.000E-01
  F  1  7  0.  0.
  21  38   0   0   4      0      0   0.000E+00   5.000E-02
  21  39   0   0   4      0      0   0.000E+00   5.000E-02
  21  40   0   0   4      0      0   0.000E+00   5.000E-02
  21  41   0   0   4      0      0   0.000E+00   5.000E-02
  21  42   0   0   4      0      0   0.000E+00   5.000E-02
  21  43   0   0   4      0      0   0.000E+00   5.000E-02
  21  44  -1   0   1      0      0   2.483E-02   2.000E-01
  F  1  7  0.  0.
  21  45   0   0   4      0      0   0.000E+00   5.000E-02
  21  46  -1   0   1      0      0   3.433E-05   2.000E-01
  F  1  7  0.  0.
  21  47   0   0   4      0      0   0.000E+00   5.000E-02
  21  48   0   0   4      0      0   0.000E+00   5.000E-02
  21  49   0   0   4      0      0   0.000E+00   5.000E-02
  21  50   0   0   4      0      0   0.000E+00   5.000E-02
  21  51   0   0   4      0      0   0.000E+00   5.000E-02
  21  52   0   0   4      0      0   0.000E+00   5.000E-02
  21  53   0   0   4      0      0   0.000E+00   5.000E-02
  22  23  -1   0   1      0      0   4.190E-01   7.000E-01
  F  1  7  0.  0.
  22  24   0   0   4      0      0   0.000E+00   5.000E-02
  22  25   0   0   4      0      0   0.000E+00   5.000E-02
  22  26   0   0   4      0      0   0.000E+00   5.000E-02
  22  27   0   0   4      0      0   0.000E+00   5.000E-02
  22  28  -1   0   1      0      0   7.460E-01   2.000E-01
  F  1  7  0.  0.
  22  29   0   0   4      0      0   0.000E+00   5.000E-02
  22  30  -1   0   1      0      0   5.420E-01   2.000E-01
  F  1  7  0.  0.
  22  31   0   0   4      0      0   0.000E+00   5.000E-02
  22  32   0   0   4      0      0   0.000E+00   5.000E-02
  22  33   0   0   4      0      0   0.000E+00   5.000E-02
  22  34   0   0   4      0      0   0.000E+00   5.000E-02
  22  35   0   0   4      0      0   0.000E+00   5.000E-02
  22  36  -1   0   1      0      0   6.750E-02   2.000E-01
  F  1  7  0.  0.
  22  37   0   0   4      0      0   0.000E+00   5.000E-02
  22  38  -1   0   1      0      0   3.053E-01   2.000E-01
  F  1  7  0.  0.
  22  39   0   0   4      0      0   0.000E+00   5.000E-02
  22  40   0   0   4      0      0   0.000E+00   5.000E-02
  22  41   0   0   4      0      0   0.000E+00   5.000E-02
  22  42   0   0   4      0      0   0.000E+00   5.000E-02
  22  43   0   0   4      0      0   0.000E+00   5.000E-02
  22  44   0   0   4      0      0   0.000E+00   5.000E-02
  22  45  -1   0   1      0      0   2.190E-02   2.000E-01
  F  1  7  0.  0.
  22  46   0   0   4      0      0   0.000E+00   5.000E-02
  22  47  -1   0   1      0      0   1.034E-01   2.000E-01
  F  1  7  0.  0.
  22  48   0   0   4      0      0   0.000E+00   5.000E-02
  22  49   0   0   4      0      0   0.000E+00   5.000E-02
  22  50   0   0   4      0      0   0.000E+00   5.000E-02
  22  51   0   0   4      0      0   0.000E+00   5.000E-02
  22  52   0   0   4      0      0   0.000E+00   5.000E-02
  22  53   0   0   4      0      0   0.000E+00   5.000E-02
  23  24   0   0   1      0      0   0.000E+00   7.000E-01
  23  25   0   0   4      0      0   0.000E+00   5.000E-02
  23  26   0   0   4      0      0   0.000E+00   5.000E-02
  23  27   0   0   4      0      0   0.000E+00   5.000E-02
  23  28   0   0   4      0      0   0.000E+00   5.000E-02
  23  29  -1   0   1      0      0   1.300E-01   2.000E-01
  F  1  7  0.  0.
  23  30   0   0   4      0      0   0.000E+00   5.000E-02
  23  31  -1   0   1      0      0   2.082E+00   2.000E-01
  F  1  7  0.  0.
  23  32   0   0   4      0      0   0.000E+00   5.000E-02
  23  33   0   0   4      0      0   0.000E+00   5.000E-02
  23  34   0   0   4      0      0   0.000E+00   5.000E-02
  23  35   0   0   4      0      0   0.000E+00   5.000E-02
  23  36   0   0   4      0      0   0.000E+00   5.000E-02
  23  37  -1   0   1      0      0   2.393E-02   2.000E-01
  F  1  7  0.  0.
  23  38   0   0   4      0      0   0.000E+00   5.000E-02
  23  39  -1   0   1      0      0   3.053E-01   2.000E-01
  F  1  7  0.  0.
  23  40   0   0   4      0      0   0.000E+00   5.000E-02
  23  41   0   0   4      0      0   0.000E+00   5.000E-02
  23  42   0   0   4      0      0   0.000E+00   5.000E-02
  23  43   0   0   4      0      0   0.000E+00   5.000E-02
  23  44   0   0   4      0      0   0.000E+00   5.000E-02
  23  45   0   0   4      0      0   0.000E+00   5.000E-02
  23  46  -1   0   1      0      0   8.929E-03   2.000E-01
  F  1  7  0.  0.
  23  47   0   0   4      0      0   0.000E+00   5.000E-02
  23  48  -1   0   1      0      0   1.034E-01   2.000E-01
  F  1  7  0.  0.
  23  49   0   0   4      0      0   0.000E+00   5.000E-02
  23  50   0   0   4      0      0   0.000E+00   5.000E-02
  23  51   0   0   4      0      0   0.000E+00   5.000E-02
  23  52   0   0   4      0      0   0.000E+00   5.000E-02
  23  53   0   0   4      0      0   0.000E+00   5.000E-02
  24  25   0   0   1      0      0   0.000E+00   7.000E-01
  24  26   0   0   4      0      0   0.000E+00   5.000E-02
  24  27   0   0   4      0      0   0.000E+00   5.000E-02
  24  28   0   0   4      0      0   0.000E+00   5.000E-02
  24  29   0   0   4      0      0   0.000E+00   5.000E-02
  24  30  -1   0   1      0      0   2.082E+00   2.000E-01
  F  1  7  0.  0.
  24  31   0   0   4      0      0   0.000E+00   5.000E-02
  24  32  -1   0   1      0      0   2.082E+00   2.000E-01
  F  1  7  0.  0.
  24  33   0   0   4      0      0   0.000E+00   5.000E-02
  24  34   0   0   4      0      0   0.000E+00   5.000E-02
  24  35   0   0   4      0      0   0.000E+00   5.000E-02
  24  36   0   0   4      0      0   0.000E+00   5.000E-02
  24  37   0   0   4      0      0   0.000E+00   5.000E-02
  24  38  -1   0   1      0      0   3.053E-01   2.000E-01
  F  1  7  0.  0.
  24  39   0   0   4      0      0   0.000E+00   5.000E-02
  24  40  -1   0   1      0      0   3.053E-01   2.000E-01
  F  1  7  0.  0.
  24  41   0   0   4      0      0   0.000E+00   5.000E-02
  24  42   0   0   4      0      0   0.000E+00   5.000E-02
  24  43   0   0   4      0      0   0.000E+00   5.000E-02
  24  44   0   0   4      0      0   0.000E+00   5.000E-02
  24  45   0   0   4      0      0   0.000E+00   5.000E-02
  24  46   0   0   4      0      0   0.000E+00   5.000E-02
  24  47  -1   0   1      0      0   1.034E-01   2.000E-01
  F  1  7  0.  0.
  24  48   0   0   4      0      0   0.000E+00   5.000E-02
  24  49  -1   0   1      0      0   1.034E-01   2.000E-01
  F  1  7  0.  0.
  24  50   0   0   4      0      0   0.000E+00   5.000E-02
  24  51   0   0   4      0      0   0.000E+00   5.000E-02
  24  52   0   0   4      0      0   0.000E+00   5.000E-02
  24  53   0   0   4      0      0   0.000E+00   5.000E-02
  25  26   0   0   1      0      0   0.000E+00   7.000E-01
  25  27   0   0   4      0      0   0.000E+00   5.000E-02
  25  28   0   0   4      0      0   0.000E+00   5.000E-02
  25  29   0   0   4      0      0   0.000E+00   5.000E-02
  25  30   0   0   4      0      0   0.000E+00   5.000E-02
  25  31  -1   0   1      0      0   2.082E+00   2.000E-01
  F  1  7  0.  0.
  25  32   0   0   4      0      0   0.000E+00   5.000E-02
  25  33  -1   0   1      0      0   2.082E+00   2.000E-01
  F  1  7  0.  0.
  25  34   0   0   4      0      0   0.000E+00   5.000E-02
  25  35   0   0   4      0      0   0.000E+00   5.000E-02
  25  36   0   0   4      0      0   0.000E+00   5.000E-02
  25  37   0   0   4      0      0   0.000E+00   5.000E-02
  25  38   0   0   4      0      0   0.000E+00   5.000E-02
  25  39  -1   0   1      0      0   3.053E-01   2.000E-01
  F  1  7  0.  0.
  25  40   0   0   4      0      0   0.000E+00   5.000E-02
  25  41  -1   0   1      0      0   3.053E-01   2.000E-01
  F  1  7  0.  0.
  25  42   0   0   4      0      0   0.000E+00   5.000E-02
  25  43   0   0   4      0      0   0.000E+00   5.000E-02
  25  44   0   0   4      0      0   0.000E+00   5.000E-02
  25  45   0   0   4      0      0   0.000E+00   5.000E-02
  25  46   0   0   4      0      0   0.000E+00   5.000E-02
  25  47   0   0   4      0      0   0.000E+00   5.000E-02
  25  48  -1   0   1      0      0   1.034E-01   2.000E-01
  F  1  7  0.  0.
  25  49   0   0   4      0      0   0.000E+00   5.000E-02
  25  50  -1   0   1      0      0   1.034E-01   2.000E-01
  F  1  7  0.  0.
  25  51   0   0   4      0      0   0.000E+00   5.000E-02
  25  52   0   0   4      0      0   0.000E+00   5.000E-02
  25  53   0   0   4      0      0   0.000E+00   5.000E-02
  26  27   0   0   4      0      0   0.000E+00   5.000E-02
  26  28   0   0   4      0      0   0.000E+00   5.000E-02
  26  29   0   0   4      0      0   0.000E+00   5.000E-02
  26  30   0   0   4      0      0   0.000E+00   5.000E-02
  26  31   0   0   4      0      0   0.000E+00   5.000E-02
  26  32  -1   0   1      0      0   2.082E+00   2.000E-01
  F  1  7  0.  0.
  26  33   0   0   4      0      0   0.000E+00   5.000E-02
  26  34  -1   0   1      0      0   2.082E+00   2.000E-01
  F  1  7  0.  0.
  26  35   0   0   4      0      0   0.000E+00   5.000E-02
  26  36   0   0   4      0      0   0.000E+00   5.000E-02
  26  37   0   0   4      0      0   0.000E+00   5.000E-02
  26  38   0   0   4      0      0   0.000E+00   5.000E-02
  26  39   0   0   4      0      0   0.000E+00   5.000E-02
  26  40  -1   0   1      0      0   3.053E-01   2.000E-01
  F  1  7  0.  0.
  26  41   0   0   4      0      0   0.000E+00   5.000E-02
  26  42  -1   0   1      0      0   3.053E-01   2.000E-01
  F  1  7  0.  0.
  26  43   0   0   4      0      0   0.000E+00   5.000E-02
  26  44   0   0   4      0      0   0.000E+00   5.000E-02
  26  45   0   0   4      0      0   0.000E+00   5.000E-02
  26  46   0   0   4      0      0   0.000E+00   5.000E-02
  26  47   0   0   4      0      0   0.000E+00   5.000E-02
  26  48   0   0   4      0      0   0.000E+00   5.000E-02
  26  49  -1   0   1      0      0   1.034E-01   2.000E-01
  F  1  7  0.  0.
  26  50   0   0   4      0      0   0.000E+00   5.000E-02
  26  51  -1   0   1      0      0   1.034E-01   2.000E-01
  F  1  7  0.  0.
  26  52   0   0   4      0      0   0.000E+00   5.000E-02
  26  53   0   0   4      0      0   0.000E+00   5.000E-02
  27  28  -1   0   1      0      0   2.580E+00   7.000E-01
  F  1  7  0.  0.
  27  29   0   0   4      0      0   0.000E+00   5.000E-02
  27  30   0   0   4      0      0   0.000E+00   5.000E-02
  27  31   0   0   4      0      0   0.000E+00   5.000E-02
  27  32   0   0   4      0      0   0.000E+00   5.000E-02
  27  33   0   0   4      0      0   0.000E+00   5.000E-02
  27  34   0   0   4      0      0   0.000E+00   5.000E-02
  27  35   0   0   4      0      0   0.000E+00   5.000E-02
  27  36  -1   0   1      0      0   1.180E-02   2.000E-01
  F  1  7  0.  0.
  27  37   0   0   4      0      0   0.000E+00   5.000E-02
  27  38   0   0   4      0      0   0.000E+00   5.000E-02
  27  39   0   0   4      0      0   0.000E+00   5.000E-02
  27  40   0   0   4      0      0   0.000E+00   5.000E-02
  27  41   0   0   4      0      0   0.000E+00   5.000E-02
  27  42   0   0   4      0      0   0.000E+00   5.000E-02
  27  43   0   0   4      0      0   0.000E+00   5.000E-02
  27  44   0   0   4      0      0   0.000E+00   5.000E-02
  27  45  -1   0   1      0      0   9.500E-03   2.000E-01
  F  1  7  0.  0.
  27  46   0   0   4      0      0   0.000E+00   5.000E-02
  27  47   0   0   4      0      0   0.000E+00   5.000E-02
  27  48   0   0   4      0      0   0.000E+00   5.000E-02
  27  49   0   0   4      0      0   0.000E+00   5.000E-02
  27  50   0   0   4      0      0   0.000E+00   5.000E-02
  27  51   0   0   4      0      0   0.000E+00   5.000E-02
  27  52   0   0   4      0      0   0.000E+00   5.000E-02
  27  53   0   0   4      0      0   0.000E+00   5.000E-02
  28  29  -1   0   1      0      0   2.417E+00   7.000E-01
  F  1  7  0.  0.
  28  30   0   0   4      0      0   0.000E+00   5.000E-02
  28  31   0   0   4      0      0   0.000E+00   5.000E-02
  28  32   0   0   4      0      0   0.000E+00   5.000E-02
  28  33   0   0   4      0      0   0.000E+00   5.000E-02
  28  34   0   0   4      0      0   0.000E+00   5.000E-02
  28  35  -1   0   1      0      0   5.667E-01   2.000E-01
  F  1  7  0.  0.
  28  36   0   0   4      0      0   0.000E+00   5.000E-02
  28  37  -1   0   1      0      0   2.450E-02   2.000E-01
  F  1  7  0.  0.
  28  38   0   0   4      0      0   0.000E+00   5.000E-02
  28  39   0   0   4      0      0   0.000E+00   5.000E-02
  28  40   0   0   4      0      0   0.000E+00   5.000E-02
  28  41   0   0   4      0      0   0.000E+00   5.000E-02
  28  42   0   0   4      0      0   0.000E+00   5.000E-02
  28  43   0   0   4      0      0   0.000E+00   5.000E-02
  28  44  -1   0   1      0      0   8.083E-02   2.000E-01
  F  1  7  0.  0.
  28  45   0   0   4      0      0   0.000E+00   5.000E-02
  28  46  -1   0   1      0      0   2.117E-03   2.000E-01
  F  1  7  0.  0.
  28  47   0   0   4      0      0   0.000E+00   5.000E-02
  28  48   0   0   4      0      0   0.000E+00   5.000E-02
  28  49   0   0   4      0      0   0.000E+00   5.000E-02
  28  50   0   0   4      0      0   0.000E+00   5.000E-02
  28  51   0   0   4      0      0   0.000E+00   5.000E-02
  28  52   0   0   4      0      0   0.000E+00   5.000E-02
  28  53   0   0   4      0      0   0.000E+00   5.000E-02
  29  30  -1   0   1      0      0   5.030E-01   7.000E-01
  F  1  7  0.  0.
  29  31   0   0   4      0      0   0.000E+00   5.000E-02
  29  32   0   0   4      0      0   0.000E+00   5.000E-02
  29  33   0   0   4      0      0   0.000E+00   5.000E-02
  29  34   0   0   4      0      0   0.000E+00   5.000E-02
  29  35   0   0   4      0      0   0.000E+00   5.000E-02
  29  36  -1   0   1      0      0   8.970E-01   2.000E-01
  F  1  7  0.  0.
  29  37   0   0   4      0      0   0.000E+00   5.000E-02
  29  38  -1   0   1      0      0   2.327E+00   2.000E-01
  F  1  7  0.  0.
  29  39   0   0   4      0      0   0.000E+00   5.000E-02
  29  40   0   0   4      0      0   0.000E+00   5.000E-02
  29  41   0   0   4      0      0   0.000E+00   5.000E-02
  29  42   0   0   4      0      0   0.000E+00   5.000E-02
  29  43   0   0   4      0      0   0.000E+00   5.000E-02
  29  44   0   0   4      0      0   0.000E+00   5.000E-02
  29  45  -1   0   1      0      0   8.070E-02   2.000E-01
  F  1  7  0.  0.
  29  46   0   0   4      0      0   0.000E+00   5.000E-02
  29  47  -1   0   1      0      0   3.361E-01   2.000E-01
  F  1  7  0.  0.
  29  48   0   0   4      0      0   0.000E+00   5.000E-02
  29  49   0   0   4      0      0   0.000E+00   5.000E-02
  29  50   0   0   4      0      0   0.000E+00   5.000E-02
  29  51   0   0   4      0      0   0.000E+00   5.000E-02
  29  52   0   0   4      0      0   0.000E+00   5.000E-02
  29  53   0   0   4      0      0   0.000E+00   5.000E-02
  30  31   0   0   1      0      0   0.000E+00   7.000E-01
  30  32   0   0   4      0      0   0.000E+00   5.000E-02
  30  33   0   0   4      0      0   0.000E+00   5.000E-02
  30  34   0   0   4      0      0   0.000E+00   5.000E-02
  30  35   0   0   4      0      0   0.000E+00   5.000E-02
  30  36   0   0   4      0      0   0.000E+00   5.000E-02
  30  37  -1   0   1      0      0   1.729E-01   2.000E-01
  F  1  7  0.  0.
  30  38   0   0   4      0      0   0.000E+00   5.000E-02
  30  39  -1   0   1      0      0   2.327E+00   2.000E-01
  F  1  7  0.  0.
  30  40   0   0   4      0      0   0.000E+00   5.000E-02
  30  41   0   0   4      0      0   0.000E+00   5.000E-02
  30  42   0   0   4      0      0   0.000E+00   5.000E-02
  30  43   0   0   4      0      0   0.000E+00   5.000E-02
  30  44   0   0   4      0      0   0.000E+00   5.000E-02
  30  45   0   0   4      0      0   0.000E+00   5.000E-02
  30  46  -1   0   1      0      0   3.236E-02   2.000E-01
  F  1  7  0.  0.
  30  47   0   0   4      0      0   0.000E+00   5.000E-02
  30  48  -1   0   1      0      0   3.361E-01   2.000E-01
  F  1  7  0.  0.
  30  49   0   0   4      0      0   0.000E+00   5.000E-02
  30  50   0   0   4      0      0   0.000E+00   5.000E-02
  30  51   0   0   4      0      0   0.000E+00   5.000E-02
  30  52   0   0   4      0      0   0.000E+00   5.000E-02
  30  53   0   0   4      0      0   0.000E+00   5.000E-02
  31  32   0   0   1      0      0   0.000E+00   7.000E-01
  31  33   0   0   4      0      0   0.000E+00   5.000E-02
  31  34   0   0   4      0      0   0.000E+00   5.000E-02
  31  35   0   0   4      0      0   0.000E+00   5.000E-02
  31  36   0   0   4      0      0   0.000E+00   5.000E-02
  31  37   0   0   4      0      0   0.000E+00   5.000E-02
  31  38  -1   0   1      0      0   2.327E+00   2.000E-01
  F  1  7  0.  0.
  31  39   0   0   4      0      0   0.000E+00   5.000E-02
  31  40  -1   0   1      0      0   2.327E+00   2.000E-01
  F  1  7  0.  0.
  31  41   0   0   4      0      0   0.000E+00   5.000E-02
  31  42   0   0   4      0      0   0.000E+00   5.000E-02
  31  43   0   0   4      0      0   0.000E+00   5.000E-02
  31  44   0   0   4      0      0   0.000E+00   5.000E-02
  31  45   0   0   4      0      0   0.000E+00   5.000E-02
  31  46   0   0   4      0      0   0.000E+00   5.000E-02
  31  47  -1   0   1      0      0   3.361E-01   2.000E-01
  F  1  7  0.  0.
  31  48   0   0   4      0      0   0.000E+00   5.000E-02
  31  49  -1   0   1      0      0   3.361E-01   2.000E-01
  F  1  7  0.  0.
  31  50   0   0   4      0      0   0.000E+00   5.000E-02
  31  51   0   0   4      0      0   0.000E+00   5.000E-02
  31  52   0   0   4      0      0   0.000E+00   5.000E-02
  31  53   0   0   4      0      0   0.000E+00   5.000E-02
  32  33   0   0   1      0      0   0.000E+00   7.000E-01
  32  34   0   0   4      0      0   0.000E+00   5.000E-02
  32  35   0   0   4      0      0   0.000E+00   5.000E-02
  32  36   0   0   4      0      0   0.000E+00   5.000E-02
  32  37   0   0   4      0      0   0.000E+00   5.000E-02
  32  38   0   0   4      0      0   0.000E+00   5.000E-02
  32  39  -1   0   1      0      0   2.327E+00   2.000E-01
  F  1  7  0.  0.
  32  40   0   0   4      0      0   0.000E+00   5.000E-02
  32  41  -1   0   1      0      0   2.327E+00   2.000E-01
  F  1  7  0.  0.
  32  42   0   0   4      0      0   0.000E+00   5.000E-02
  32  43   0   0   4      0      0   0.000E+00   5.000E-02
  32  44   0   0   4      0      0   0.000E+00   5.000E-02
  32  45   0   0   4      0      0   0.000E+00   5.000E-02
  32  46   0   0   4      0      0   0.000E+00   5.000E-02
  32  47   0   0   4      0      0   0.000E+00   5.000E-02
  32  48  -1   0   1      0      0   3.361E-01   2.000E-01
  F  1  7  0.  0.
  32  49   0   0   4      0      0   0.000E+00   5.000E-02
  32  50  -1   0   1      0      0   3.361E-01   2.000E-01
  F  1  7  0.  0.
  32  51   0   0   4      0      0   0.000E+00   5.000E-02
  32  52   0   0   4      0      0   0.000E+00   5.000E-02
  32  53   0   0   4      0      0   0.000E+00   5.000E-02
  33  34   0   0   1      0      0   0.000E+00   7.000E-01
  33  35   0   0   4      0      0   0.000E+00   5.000E-02
  33  36   0   0   4      0      0   0.000E+00   5.000E-02
  33  37   0   0   4      0      0   0.000E+00   5.000E-02
  33  38   0   0   4      0      0   0.000E+00   5.000E-02
  33  39   0   0   4      0      0   0.000E+00   5.000E-02
  33  40  -1   0   1      0      0   2.327E+00   2.000E-01
  F  1  7  0.  0.
  33  41   0   0   4      0      0   0.000E+00   5.000E-02
  33  42  -1   0   1      0      0   2.327E+00   2.000E-01
  F  1  7  0.  0.
  33  43   0   0   4      0      0   0.000E+00   5.000E-02
  33  44   0   0   4      0      0   0.000E+00   5.000E-02
  33  45   0   0   4      0      0   0.000E+00   5.000E-02
  33  46   0   0   4      0      0   0.000E+00   5.000E-02
  33  47   0   0   4      0      0   0.000E+00   5.000E-02
  33  48   0   0   4      0      0   0.000E+00   5.000E-02
  33  49  -1   0   1      0      0   3.361E-01   2.000E-01
  F  1  7  0.  0.
  33  50   0   0   4      0      0   0.000E+00   5.000E-02
  33  51  -1   0   1      0      0   3.361E-01   2.000E-01
  F  1  7  0.  0.
  33  52   0   0   4      0      0   0.000E+00   5.000E-02
  33  53   0   0   4      0      0   0.000E+00   5.000E-02
  34  35   0   0   4      0      0   0.000E+00   5.000E-02
  34  36   0   0   4      0      0   0.000E+00   5.000E-02
  34  37   0   0   4      0      0   0.000E+00   5.000E-02
  34  38   0   0   4      0      0   0.000E+00   5.000E-02
  34  39   0   0   4      0      0   0.000E+00   5.000E-02
  34  40   0   0   4      0      0   0.000E+00   5.000E-02
  34  41  -1   0   1      0      0   2.327E+00   2.000E-01
  F  1  7  0.  0.
  34  42   0   0   4      0      0   0.000E+00   5.000E-02
  34  43  -1   0   1      0      0   2.327E+00   2.000E-01
  F  1  7  0.  0.
  34  44   0   0   4      0      0   0.000E+00   5.000E-02
  34  45   0   0   4      0      0   0.000E+00   5.000E-02
  34  46   0   0   4      0      0   0.000E+00   5.000E-02
  34  47   0   0   4      0      0   0.000E+00   5.000E-02
  34  48   0   0   4      0      0   0.000E+00   5.000E-02
  34  49   0   0   4      0      0   0.000E+00   5.000E-02
  34  50  -1   0   1      0      0   3.361E-01   2.000E-01
  F  1  7  0.  0.
  34  51   0   0   4      0      0   0.000E+00   5.000E-02
  34  52  -1   0   1      0      0   3.361E-01   2.000E-01
  F  1  7  0.  0.
  34  53   0   0   4      0      0   0.000E+00   5.000E-02
  35  36  -1   0   1      0      0   2.920E+00   7.000E-01
  F  1  7  0.  0.
  35  37   0   0   4      0      0   0.000E+00   5.000E-02
  35  38   0   0   4      0      0   0.000E+00   5.000E-02
  35  39   0   0   4      0      0   0.000E+00   5.000E-02
  35  40   0   0   4      0      0   0.000E+00   5.000E-02
  35  41   0   0   4      0      0   0.000E+00   5.000E-02
  35  42   0   0   4      0      0   0.000E+00   5.000E-02
  35  43   0   0   4      0      0   0.000E+00   5.000E-02
  35  44   0   0   4      0      0   0.000E+00   5.000E-02
  35  45  -1   0   1      0      0   1.080E-02   2.000E-01
  F  1  7  0.  0.
  35  46   0   0   4      0      0   0.000E+00   5.000E-02
  35  47   0   0   4      0      0   0.000E+00   5.000E-02
  35  48   0   0   4      0      0   0.000E+00   5.000E-02
  35  49   0   0   4      0      0   0.000E+00   5.000E-02
  35  50   0   0   4      0      0   0.000E+00   5.000E-02
  35  51   0   0   4      0      0   0.000E+00   5.000E-02
  35  52   0   0   4      0      0   0.000E+00   5.000E-02
  35  53   0   0   4      0      0   0.000E+00   5.000E-02
  36  37  -1   0   1      0      0   2.700E+00   7.000E-01
  F  1  7  0.  0.
  36  38   0   0   4      0      0   0.000E+00   5.000E-02
  36  39   0   0   4      0      0   0.000E+00   5.000E-02
  36  40   0   0   4      0      0   0.000E+00   5.000E-02
  36  41   0   0   4      0      0   0.000E+00   5.000E-02
  36  42   0   0   4      0      0   0.000E+00   5.000E-02
  36  43   0   0   4      0      0   0.000E+00   5.000E-02
  36  44  -1   0   1      0      0   6.567E-01   2.000E-01
  F  1  7  0.  0.
  36  45   0   0   4      0      0   0.000E+00   5.000E-02
  36  46  -1   0   1      0      0   3.200E-02   2.000E-01
  F  1  7  0.  0.
  36  47   0   0   4      0      0   0.000E+00   5.000E-02
  36  48   0   0   4      0      0   0.000E+00   5.000E-02
  36  49   0   0   4      0      0   0.000E+00   5.000E-02
  36  50   0   0   4      0      0   0.000E+00   5.000E-02
  36  51   0   0   4      0      0   0.000E+00   5.000E-02
  36  52   0   0   4      0      0   0.000E+00   5.000E-02
  36  53   0   0   4      0      0   0.000E+00   5.000E-02
  37  38   0   0   1      0      0   0.000E+00   7.000E-01
  37  39   0   0   4      0      0   0.000E+00   5.000E-02
  37  40   0   0   4      0      0   0.000E+00   5.000E-02
  37  41   0   0   4      0      0   0.000E+00   5.000E-02
  37  42   0   0   4      0      0   0.000E+00   5.000E-02
  37  43   0   0   4      0      0   0.000E+00   5.000E-02
  37  44   0   0   4      0      0   0.000E+00   5.000E-02
  37  45  -1   0   1      0      0   1.050E+00   2.000E-01
  F  1  7  0.  0.
  37  46   0   0   4      0      0   0.000E+00   5.000E-02
  37  47  -1   0   1      0      0   2.572E+00   2.000E-01
  F  1  7  0.  0.
  37  48   0   0   4      0      0   0.000E+00   5.000E-02
  37  49   0   0   4      0      0   0.000E+00   5.000E-02
  37  50   0   0   4      0      0   0.000E+00   5.000E-02
  37  51   0   0   4      0      0   0.000E+00   5.000E-02
  37  52   0   0   4      0      0   0.000E+00   5.000E-02
  37  53   0   0   4      0      0   0.000E+00   5.000E-02
  38  39   0   0   1      0      0   0.000E+00   7.000E-01
  38  40   0   0   4      0      0   0.000E+00   5.000E-02
  38  41   0   0   4      0      0   0.000E+00   5.000E-02
  38  42   0   0   4      0      0   0.000E+00   5.000E-02
  38  43   0   0   4      0      0   0.000E+00   5.000E-02
  38  44   0   0   4      0      0   0.000E+00   5.000E-02
  38  45   0   0   4      0      0   0.000E+00   5.000E-02
  38  46  -1   0   1      0      0   2.572E+00   2.000E-01
  F  1  7  0.  0.
  38  47   0   0   4      0      0   0.000E+00   5.000E-02
  38  48  -1   0   1      0      0   2.572E+00   2.000E-01
  F  1  7  0.  0.
  38  49   0   0   4      0      0   0.000E+00   5.000E-02
  38  50   0   0   4      0      0   0.000E+00   5.000E-02
  38  51   0   0   4      0      0   0.000E+00   5.000E-02
  38  52   0   0   4      0      0   0.000E+00   5.000E-02
  38  53   0   0   4      0      0   0.000E+00   5.000E-02
  39  40   0   0   1      0      0   0.000E+00   7.000E-01
  39  41   0   0   4      0      0   0.000E+00   5.000E-02
  39  42   0   0   4      0      0   0.000E+00   5.000E-02
  39  43   0   0   4      0      0   0.000E+00   5.000E-02
  39  44   0   0   4      0      0   0.000E+00   5.000E-02
  39  45   0   0   4      0      0   0.000E+00   5.000E-02
  39  46   0   0   4      0      0   0.000E+00   5.000E-02
  39  47  -1   0   1      0      0   2.572E+00   2.000E-01
  F  1  7  0.  0.
  39  48   0   0   4      0      0   0.000E+00   5.000E-02
  39  49  -1   0   1      0      0   2.572E+00   2.000E-01
  F  1  7  0.  0.
  39  50   0   0   4      0      0   0.000E+00   5.000E-02
  39  51   0   0   4      0      0   0.000E+00   5.000E-02
  39  52   0   0   4      0      0   0.000E+00   5.000E-02
  39  53   0   0   4      0      0   0.000E+00   5.000E-02
  40  41   0   0   1      0      0   0.000E+00   7.000E-01
  40  42   0   0   4      0      0   0.000E+00   5.000E-02
  40  43   0   0   4      0      0   0.000E+00   5.000E-02
  40  44   0   0   4      0      0   0.000E+00   5.000E-02
  40  45   0   0   4      0      0   0.000E+00   5.000E-02
  40  46   0   0   4      0      0   0.000E+00   5.000E-02
  40  47   0   0   4      0      0   0.000E+00   5.000E-02
  40  48  -1   0   1      0      0   2.572E+00   2.000E-01
  F  1  7  0.  0.
  40  49   0   0   4      0      0   0.000E+00   5.000E-02
  40  50  -1   0   1      0      0   2.572E+00   2.000E-01
  F  1  7  0.  0.
  40  51   0   0   4      0      0   0.000E+00   5.000E-02
  40  52   0   0   4      0      0   0.000E+00   5.000E-02
  40  53   0   0   4      0      0   0.000E+00   5.000E-02
  41  42   0   0   1      0      0   0.000E+00   7.000E-01
  41  43   0   0   4      0      0   0.000E+00   5.000E-02
  41  44   0   0   4      0      0   0.000E+00   5.000E-02
  41  45   0   0   4      0      0   0.000E+00   5.000E-02
  41  46   0   0   4      0      0   0.000E+00   5.000E-02
  41  47   0   0   4      0      0   0.000E+00   5.000E-02
  41  48   0   0   4      0      0   0.000E+00   5.000E-02
  41  49  -1   0   1      0      0   2.572E+00   2.000E-01
  F  1  7  0.  0.
  41  50   0   0   4      0      0   0.000E+00   5.000E-02
  41  51  -1   0   1      0      0   2.572E+00   2.000E-01
  F  1  7  0.  0.
  41  52   0   0   4      0      0   0.000E+00   5.000E-02
  41  53   0   0   4      0      0   0.000E+00   5.000E-02
  42  43   0   0   1      0      0   0.000E+00   7.000E-01
  42  44   0   0   4      0      0   0.000E+00   5.000E-02
  42  45   0   0   4      0      0   0.000E+00   5.000E-02
  42  46   0   0   4      0      0   0.000E+00   5.000E-02
  42  47   0   0   4      0      0   0.000E+00   5.000E-02
  42  48   0   0   4      0      0   0.000E+00   5.000E-02
  42  49   0   0   4      0      0   0.000E+00   5.000E-02
  42  50  -1   0   1      0      0   2.572E+00   2.000E-01
  F  1  7  0.  0.
  42  51   0   0   4      0      0   0.000E+00   5.000E-02
  42  52  -1   0   1      0      0   2.572E+00   2.000E-01
  F  1  7  0.  0.
  42  53   0   0   4      0      0   0.000E+00   5.000E-02
  43  44   0   0   4      0      0   0.000E+00   5.000E-02
  43  45   0   0   4      0      0   0.000E+00   5.000E-02
  43  46   0   0   4      0      0   0.000E+00   5.000E-02
  43  47   0   0   4      0      0   0.000E+00   5.000E-02
  43  48   0   0   4      0      0   0.000E+00   5.000E-02
  43  49   0   0   4      0      0   0.000E+00   5.000E-02
  43  50   0   0   4      0      0   0.000E+00   5.000E-02
  43  51  -1   0   1      0      0   2.572E+00   2.000E-01
  F  1  7  0.  0.
  43  52   0   0   4      0      0   0.000E+00   5.000E-02
  43  53  -1   0   1      0      0   2.572E+00   2.000E-01
  F  1  7  0.  0.
  44  45  -1   0   1      0      0   3.260E+00   7.000E-01
  F  1  7  0.  0.
  44  46   0   0   4      0      0   0.000E+00   5.000E-02
  44  47   0   0   4      0      0   0.000E+00   5.000E-02
  44  48   0   0   4      0      0   0.000E+00   5.000E-02
  44  49   0   0   4      0      0   0.000E+00   5.000E-02
  44  50   0   0   4      0      0   0.000E+00   5.000E-02
  44  51   0   0   4      0      0   0.000E+00   5.000E-02
  44  52   0   0   4      0      0   0.000E+00   5.000E-02
  44  53   0   0   4      0      0   0.000E+00   5.000E-02
  45  46  -1   0   1      0      0   2.983E+00   7.000E-01
  F  1  7  0.  0.
  45  47   0   0   4      0      0   0.000E+00   5.000E-02
  45  48   0   0   4      0      0   0.000E+00   5.000E-02
  45  49   0   0   4      0      0   0.000E+00   5.000E-02
  45  50   0   0   4      0      0   0.000E+00   5.000E-02
  45  51   0   0   4      0      0   0.000E+00   5.000E-02
  45  52   0   0   4      0      0   0.000E+00   5.000E-02
  45  53   0   0   4      0      0   0.000E+00   5.000E-02
  46  47   0   0   1      0      0   0.000E+00   7.000E-01
  46  48   0   0   4      0      0   0.000E+00   5.000E-02
  46  49   0   0   4      0      0   0.000E+00   5.000E-02
  46  50   0   0   4      0      0   0.000E+00   5.000E-02
  46  51   0   0   4      0      0   0.000E+00   5.000E-02
  46  52   0   0   4      0      0   0.000E+00   5.000E-02
  46  53   0   0   4      0      0   0.000E+00   5.000E-02
  47  48   0   0   1      0      0   0.000E+00   7.000E-01
  47  49   0   0   4      0      0   0.000E+00   5.000E-02
  47  50   0   0   4      0      0   0.000E+00   5.000E-02
  47  51   0   0   4      0      0   0.000E+00   5.000E-02
  47  52   0   0   4      0      0   0.000E+00   5.000E-02
  47  53   0   0   4      0      0   0.000E+00   5.000E-02
  48  49   0   0   1      0      0   0.000E+00   7.000E-01
  48  50   0   0   4      0      0   0.000E+00   5.000E-02
  48  51   0   0   4      0      0   0.000E+00   5.000E-02
  48  52   0   0   4      0      0   0.000E+00   5.000E-02
  48  53   0   0   4      0      0   0.000E+00   5.000E-02
  49  50   0   0   1      0      0   0.000E+00   7.000E-01
  49  51   0   0   4      0      0   0.000E+00   5.000E-02
  49  52   0   0   4      0      0   0.000E+00   5.000E-02
  49  53   0   0   4      0      0   0.000E+00   5.000E-02
  50  51   0   0   1      0      0   0.000E+00   7.000E-01
  50  52   0   0   4      0      0   0.000E+00   5.000E-02
  50  53   0   0   4      0      0   0.000E+00   5.000E-02
  51  52   0   0   1      0      0   0.000E+00   7.000E-01
  51  53   0   0   4      0      0   0.000E+00   5.000E-02
  52  53   0   0   1      0      0   0.000E+00   7.000E-01
