****** Levels
 1.09152381E+16      2.    3  'SiIV 2Se 1'  0   0.   0  
 8.77809108E+15      2.    3  'SiIV 2Po 1'  0   0.   0  
 8.76426765E+15      4.    3  'SiIV 2Po 1'  0   0.   0  
 6.10731927E+15     10.    3  'SiIV 2De 1'  0   0.   -102
 5.09989643E+15      2.    4  'SiIV 2Se 2'  0   0.   -102  
 4.36852734E+15      6.    4  'SiIV 2Po 2'  0   0.   -102  
 3.42018370E+15     10.    4  'SiIV 2De 2'  0   0.   -102  
 3.29666540E+15     14.    4  'SiIV 2Fo 1'  0   0.   -102  
 2.95820699E+15      2.    5  'SiIV 2Se 3'  0   0.   -102  
 2.62435926E+15      6.    5  'SiIV 2Po 3'  0   0.   -102  
 2.17635984E+15     10.    5  'SiIV 2De 3'  0   0.   -102  
 2.10976304E+15     14.    5  'SiIV 2Fo 2'  0   0.   -102  
 2.10619761E+15     18.    5  'SiIV 2Ge 1'  0   0.   -102  
 1.93114786E+15      2.    6  'SiIV 2Se 4'  0   0.   -102  
 1.75152429E+15      6.    6  'SiIV 2Po 4'  0   0.   -102  
 1.50430420E+15     10.    6  'SiIV 2De 4'  0   0.   -102  
 1.46487100E+15     14.    6  'SiIV 2Fo 3'  0   0.   -102  
 1.46262225E+15     18.    6  'SiIV 2Ge 2'  0   0.   -102  
 1.46226010E+15     22.    6  'SiIV 2Ho 1'  0   0.   -102  
 1.10012138E+15     98.    7  'SiIV+2__ 1'  0   0.   -102  
 8.34428394E+14    128.    8  'SiIV+2__ 2'  0   0.   -102  
 6.55851371E+14    162.    9  'SiIV+2__ 3'  0   0.   -102  
 5.29803610E+14    200.   10  'SiIV+2__ 4'  0   0.   -102  
****** Continuum transitions
   1  24   1    104      0      0      0   8.855E-20   0.000E+00
  -0.002   0.210   0.528   2.738
  -0.528  -0.732  -1.092  -3.570
   2  24   1    104      0      0      0   1.514E-19   0.000E+00
  -0.002   0.117   0.447   2.589
  -0.296  -0.366  -0.739  -3.317
   3  24   1    104      0      0      0   1.514E-19   0.000E+00
  -0.002   0.117   0.447   2.589
  -0.296  -0.366  -0.739  -3.317
   4  24   1    104      0      0      0   4.518E-19   0.000E+00
   0.003   0.082   0.259   0.919
   0.169  -0.077  -0.676  -2.937
   5  24   1    104      0      0      0   1.179E-19   0.000E+00
  -0.004   0.157   0.488   2.180
  -0.401  -0.592  -1.049  -3.472
   6  24   1    104      0      0      0   1.689E-19   0.000E+00
  -0.004   0.162   0.455   2.420
  -0.247  -0.380  -0.761  -3.261
   7  24   1    104      0      0      0   8.163E-19   0.000E+00
  -0.001   0.094   0.336   1.036
   0.437   0.190  -0.486  -2.577
   8  24   1    104      0      0      0   9.533E-21   0.000E+00
   0.001   0.075   0.244   0.857
  -1.500  -1.725  -2.289  -4.613
   9  24   1    104      0      0      0   1.454E-19   0.000E+00
  -0.009   0.146   0.466   2.020
  -0.303  -0.507  -0.958  -3.373
  10  24   1    103      0      0      0   2.045E-19   0.000E+00
  -0.004   0.461   2.201
  -0.162  -0.739  -3.268
  11  24   1    104      0      0      0   1.133E-18   0.000E+00
  -0.003   0.129   0.448   1.098
   0.584   0.282  -0.535  -2.408
  12  24   1    104      0      0      0   2.946E-20   0.000E+00
  -0.001   0.201   0.462   0.919
  -1.004  -1.629  -2.482  -4.190
  13  24   1      2      0      0      0   7.411E-19   0.000E+00
   3.000   2.470   1.000   0.000
  14  24   1    103      0      0      0   1.735E-19   0.000E+00
  -0.006   0.305   1.982
  -0.229  -0.673  -3.345
  15  24   1    102      0      0      0   2.629E-19   0.000E+00
   0.002   2.073
  -0.060  -3.081
  16  24   1    104      0      0      0   1.447E-18   0.000E+00
   0.002   0.251   0.600   1.215
   0.680   0.134  -0.773  -2.481
  17  24   1    104      0      0      0   5.942E-20   0.000E+00
  -0.001   0.212   0.541   0.970
  -0.699  -1.324  -2.372  -3.956
  18  24   1      2      0      0      0   8.893E-19   0.000E+00
   3.000   2.964   1.000   0.000
  19  24   1      2      0      0      0   8.894E-19   0.000E+00
   3.000   2.965   1.000   0.000
  20  24   1    105      0      0      0   5.438E-20   0.000E+00
   0.003   0.301   0.706   1.297   2.000
  -0.748  -1.488  -2.412  -3.592  -4.771
  21  24   1    105      0      0      0   5.717E-20   0.000E+00
  -0.006   0.354   0.803   1.355   1.982
  -0.704  -1.611  -2.658  -3.776  -4.824
  22  24   1    104      0      0      0   5.725E-20   0.000E+00
  -0.009   0.413   1.069   2.041
  -0.697  -1.743  -3.275  -5.060
  23  24   1    105      0      0      0   6.346E-20   0.000E+00
  -0.004   0.199   0.744   1.400   2.046
  -0.666  -1.183  -2.546  -3.982  -5.134
*** Line transitions
   1   2  -1   1   1      0      0   2.600E-01   7.000E-01
  T  3   17 250.  0.
  9.1E+8  1.0E-6  0.  0.  0.
   1   3  -1   1   1      0      0   5.200E-01   7.000E-01
  T  3   17 250.  0.
  9.1E+8  1.0E-6  0.  0.  0.
   1   4   0   0   4      0      0   0.000E+00   5.000E-02
   1   5   0   0   4      0      0   0.000E+00   5.000E-02
   1   6  -1   0   1      0      0   3.510E-02   2.000E-01
  F  1  7  0.  0.
   1   7   0   0   4      0      0   0.000E+00   5.000E-02
   1   8   0   0   4      0      0   0.000E+00   5.000E-02
   1   9   0   0   4      0      0   0.000E+00   5.000E-02
   1  10  -1   0   1      0      0   1.600E-02   2.000E-01
  F  1  7  0.  0.
   1  11   0   0   4      0      0   0.000E+00   5.000E-02
   1  12   0   0   4      0      0   0.000E+00   5.000E-02
   1  13   0   0   4      0      0   0.000E+00   5.000E-02
   1  14   0   0   4      0      0   0.000E+00   5.000E-02
   1  15  -1   0   1      0      0   8.300E-03   2.000E-01
  F  1  7  0.  0.
   1  16   0   0   4      0      0   0.000E+00   5.000E-02
   1  17   0   0   4      0      0   0.000E+00   5.000E-02
   1  18   0   0   4      0      0   0.000E+00   5.000E-02
   1  19   0   0   4      0      0   0.000E+00   5.000E-02
   1  20  -1   0   1      0      0   4.850E-03   2.000E-01
  F  1  7  0.  0.
   1  21  -1   0   1      0      0   3.085E-03   2.000E-01
  F  1  7  0.  0.
   1  22  -1   0   1      0      0   2.085E-03   2.000E-01
  F  1  7  0.  0.
   1  23  -1   0   1      0      0   1.480E-03   2.000E-01
  F  1  7  0.  0.
   2   3   0   0   4      0      0   0.000E+00   5.000E-02
   2   4  -1   0   1      0      0   7.933E-01   7.000E-01
  F  1  7  0.  0.
   2   5  -1   0   1      0      0   1.195E-01   2.000E-01
  F  1  7  0.  0.
   2   6   0   0   4      0      0   0.000E+00   5.000E-02
   2   7  -1   0   1      0      0   8.483E-03   2.000E-01
  F  1  7  0.  0.
   2   8   0   0   4      0      0   0.000E+00   5.000E-02
   2   9  -1   0   1      0      0   1.833E-02   2.000E-01
  F  1  7  0.  0.
   2  10   0   0   4      0      0   0.000E+00   5.000E-02
   2  11  -1   0   1      0      0   9.650E-03   2.000E-01
  F  1  7  0.  0.
   2  12   0   0   4      0      0   0.000E+00   5.000E-02
   2  13   0   0   4      0      0   0.000E+00   5.000E-02
   2  14  -1   0   1      0      0   6.733E-03   2.000E-01
  F  1  7  0.  0.
   2  15   0   0   4      0      0   0.000E+00   5.000E-02
   2  16  -1   0   1      0      0   6.467E-03   2.000E-01
  F  1  7  0.  0.
   2  17   0   0   4      0      0   0.000E+00   5.000E-02
   2  18   0   0   4      0      0   0.000E+00   5.000E-02
   2  19   0   0   4      0      0   0.000E+00   5.000E-02
   2  20  -1   0   1      0      0   7.617E-03   2.000E-01
  F  1  7  0.  0.
   2  21  -1   0   1      0      0   4.850E-03   2.000E-01
  F  1  7  0.  0.
   2  22  -1   0   1      0      0   3.305E-03   2.000E-01
  F  1  7  0.  0.
   2  23  -1   0   1      0      0   2.352E-03   2.000E-01
  F  1  7  0.  0.
   3   4  -1   0   1      0      0   7.933E-01   7.000E-01
  F  1  7  0.  0.
   3   5  -1   0   1      0      0   1.195E-01   2.000E-01
  F  1  7  0.  0.
   3   6   0   0   4      0      0   0.000E+00   5.000E-02
   3   7  -1   0   1      0      0   8.483E-03   2.000E-01
  F  1  7  0.  0.
   3   8   0   0   4      0      0   0.000E+00   5.000E-02
   3   9  -1   0   1      0      0   1.833E-02   2.000E-01
  F  1  7  0.  0.
   3  10   0   0   4      0      0   0.000E+00   5.000E-02
   3  11  -1   0   1      0      0   9.650E-03   2.000E-01
  F  1  7  0.  0.
   3  12   0   0   4      0      0   0.000E+00   5.000E-02
   3  13   0   0   4      0      0   0.000E+00   5.000E-02
   3  14  -1   0   1      0      0   6.733E-03   2.000E-01
  F  1  7  0.  0.
   3  15   0   0   4      0      0   0.000E+00   5.000E-02
   3  16  -1   0   1      0      0   6.467E-03   2.000E-01
  F  1  7  0.  0.
   3  17   0   0   4      0      0   0.000E+00   5.000E-02
   3  18   0   0   4      0      0   0.000E+00   5.000E-02
   3  19   0   0   4      0      0   0.000E+00   5.000E-02
   3  20  -1   0   1      0      0   7.617E-03   2.000E-01
  F  1  7  0.  0.
   3  21  -1   0   1      0      0   4.850E-03   2.000E-01
  F  1  7  0.  0.
   3  22  -1   0   1      0      0   3.305E-03   2.000E-01
  F  1  7  0.  0.
   3  23  -1   0   1      0      0   2.352E-03   2.000E-01
  F  1  7  0.  0.
   4   5   0   0   4      0      0   0.000E+00   5.000E-02
   4   6  -1   0   1      0      0   1.410E-01   2.000E-01
  F  1  7  0.  0.
   4   7   0   0   4      0      0   0.000E+00   5.000E-02
   4   8  -1   0   1      0      0   9.020E-01   2.000E-01
  F  1  7  0.  0.
   4   9   0   0   4      0      0   0.000E+00   5.000E-02
   4  10  -1   0   1      0      0   1.260E-02   2.000E-01
  F  1  7  0.  0.
   4  11   0   0   4      0      0   0.000E+00   5.000E-02
   4  12  -1   0   1      0      0   1.680E-01   2.000E-01
  F  1  7  0.  0.
   4  13   0   0   4      0      0   0.000E+00   5.000E-02
   4  14   0   0   4      0      0   0.000E+00   5.000E-02
   4  15  -1   0   1      0      0   4.030E-03   2.000E-01
  F  1  7  0.  0.
   4  16   0   0   4      0      0   0.000E+00   5.000E-02
   4  17  -1   0   1      0      0   6.220E-02   2.000E-01
  F  1  7  0.  0.
   4  18   0   0   4      0      0   0.000E+00   5.000E-02
   4  19   0   0   4      0      0   0.000E+00   5.000E-02
   4  20  -1   0   1      0      0   3.258E-02   2.000E-01
  F  1  7  0.  0.
   4  21  -1   0   1      0      0   1.875E-02   2.000E-01
  F  1  7  0.  0.
   4  22  -1   0   1      0      0   1.186E-02   2.000E-01
  F  1  7  0.  0.
   4  23  -1   0   1      0      0   8.070E-03   2.000E-01
  F  1  7  0.  0.
   5   6  -1   0   1      0      0   1.180E+00   7.000E-01
  F  1  7  0.  0.
   5   7   0   0   4      0      0   0.000E+00   5.000E-02
   5   8   0   0   4      0      0   0.000E+00   5.000E-02
   5   9   0   0   4      0      0   0.000E+00   5.000E-02
   5  10  -1   0   1      0      0   2.335E-02   2.000E-01
  F  1  7  0.  0.
   5  11   0   0   4      0      0   0.000E+00   5.000E-02
   5  12   0   0   4      0      0   0.000E+00   5.000E-02
   5  13   0   0   4      0      0   0.000E+00   5.000E-02
   5  14   0   0   4      0      0   0.000E+00   5.000E-02
   5  15  -1   0   1      0      0   1.305E-02   2.000E-01
  F  1  7  0.  0.
   5  16   0   0   4      0      0   0.000E+00   5.000E-02
   5  17   0   0   4      0      0   0.000E+00   5.000E-02
   5  18   0   0   4      0      0   0.000E+00   5.000E-02
   5  19   0   0   4      0      0   0.000E+00   5.000E-02
   5  20  -1   0   1      0      0   7.350E-03   2.000E-01
  F  1  7  0.  0.
   5  21  -1   0   1      0      0   4.505E-03   2.000E-01
  F  1  7  0.  0.
   5  22  -1   0   1      0      0   2.970E-03   2.000E-01
  F  1  7  0.  0.
   5  23  -1   0   1      0      0   2.070E-03   2.000E-01
  F  1  7  0.  0.
   6   7  -1   0   1      0      0   1.183E+00   7.000E-01
  F  1  7  0.  0.
   6   8   0   0   4      0      0   0.000E+00   5.000E-02
   6   9  -1   0   1      0      0   2.100E-01   2.000E-01
  F  1  7  0.  0.
   6  10   0   0   4      0      0   0.000E+00   5.000E-02
   6  11  -1   0   1      0      0   4.300E-06   2.000E-01
  F  1  7  0.  0.
   6  12   0   0   4      0      0   0.000E+00   5.000E-02
   6  13   0   0   4      0      0   0.000E+00   5.000E-02
   6  14  -1   0   1      0      0   3.117E-02   2.000E-01
  F  1  7  0.  0.
   6  15   0   0   4      0      0   0.000E+00   5.000E-02
   6  16  -1   0   1      0      0   2.133E-03   2.000E-01
  F  1  7  0.  0.
   6  17   0   0   4      0      0   0.000E+00   5.000E-02
   6  18   0   0   4      0      0   0.000E+00   5.000E-02
   6  19   0   0   4      0      0   0.000E+00   5.000E-02
   6  20  -1   0   1      0      0   1.358E-02   2.000E-01
  F  1  7  0.  0.
   6  21  -1   0   1      0      0   7.417E-03   2.000E-01
  F  1  7  0.  0.
   6  22  -1   0   1      0      0   4.628E-03   2.000E-01
  F  1  7  0.  0.
   6  23  -1   0   1      0      0   3.142E-03   2.000E-01
  F  1  7  0.  0.
   7   8  -1   0   1      0      0   1.300E-01   7.000E-01
  F  1  7  0.  0.
   7   9   0   0   4      0      0   0.000E+00   5.000E-02
   7  10  -1   0   1      0      0   2.920E-01   2.000E-01
  F  1  7  0.  0.
   7  11   0   0   4      0      0   0.000E+00   5.000E-02
   7  12  -1   0   1      0      0   6.950E-01   2.000E-01
  F  1  7  0.  0.
   7  13   0   0   4      0      0   0.000E+00   5.000E-02
   7  14   0   0   4      0      0   0.000E+00   5.000E-02
   7  15  -1   0   1      0      0   2.650E-02   2.000E-01
  F  1  7  0.  0.
   7  16   0   0   4      0      0   0.000E+00   5.000E-02
   7  17  -1   0   1      0      0   1.770E-01   2.000E-01
  F  1  7  0.  0.
   7  18   0   0   4      0      0   0.000E+00   5.000E-02
   7  19   0   0   4      0      0   0.000E+00   5.000E-02
   7  20  -1   0   1      0      0   8.269E-02   2.000E-01
  F  1  7  0.  0.
   7  21  -1   0   1      0      0   4.315E-02   2.000E-01
  F  1  7  0.  0.
   7  22  -1   0   1      0      0   2.579E-02   2.000E-01
  F  1  7  0.  0.
   7  23  -1   0   1      0      0   1.695E-02   2.000E-01
  F  1  7  0.  0.
   8   9   0   0   4      0      0   0.000E+00   5.000E-02
   8  10   0   0   4      0      0   0.000E+00   5.000E-02
   8  11  -1   0   1      0      0   2.143E-02   2.000E-01
  F  1  7  0.  0.
   8  12   0   0   4      0      0   0.000E+00   5.000E-02
   8  13  -1   0   1      0      0   1.344E+00   2.000E-01
  F  1  7  0.  0.
   8  14   0   0   4      0      0   0.000E+00   5.000E-02
   8  15   0   0   4      0      0   0.000E+00   5.000E-02
   8  16  -1   0   1      0      0   3.600E-03   2.000E-01
  F  1  7  0.  0.
   8  17   0   0   4      0      0   0.000E+00   5.000E-02
   8  18  -1   0   1      0      0   2.117E-01   2.000E-01
  F  1  7  0.  0.
   8  19   0   0   4      0      0   0.000E+00   5.000E-02
   8  20  -1   0   1      0      0   7.612E-02   2.000E-01
  F  1  7  0.  0.
   8  21  -1   0   1      0      0   3.692E-02   2.000E-01
  F  1  7  0.  0.
   8  22  -1   0   1      0      0   2.117E-02   2.000E-01
  F  1  7  0.  0.
   8  23  -1   0   1      0      0   1.345E-02   2.000E-01
  F  1  7  0.  0.
   9  10  -1   0   1      0      0   1.540E+00   7.000E-01
  F  1  7  0.  0.
   9  11   0   0   4      0      0   0.000E+00   5.000E-02
   9  12   0   0   4      0      0   0.000E+00   5.000E-02
   9  13   0   0   4      0      0   0.000E+00   5.000E-02
   9  14   0   0   4      0      0   0.000E+00   5.000E-02
   9  15  -1   0   1      0      0   1.800E-02   2.000E-01
  F  1  7  0.  0.
   9  16   0   0   4      0      0   0.000E+00   5.000E-02
   9  17   0   0   4      0      0   0.000E+00   5.000E-02
   9  18   0   0   4      0      0   0.000E+00   5.000E-02
   9  19   0   0   4      0      0   0.000E+00   5.000E-02
   9  20  -1   0   1      0      0   1.145E-02   2.000E-01
  F  1  7  0.  0.
   9  21  -1   0   1      0      0   6.750E-03   2.000E-01
  F  1  7  0.  0.
   9  22  -1   0   1      0      0   4.290E-03   2.000E-01
  F  1  7  0.  0.
   9  23  -1   0   1      0      0   2.900E-03   2.000E-01
  F  1  7  0.  0.
  10  11  -1   0   1      0      0   1.520E+00   7.000E-01
  F  1  7  0.  0.
  10  12   0   0   4      0      0   0.000E+00   5.000E-02
  10  13   0   0   4      0      0   0.000E+00   5.000E-02
  10  14  -1   0   1      0      0   2.983E-01   2.000E-01
  F  1  7  0.  0.
  10  15   0   0   4      0      0   0.000E+00   5.000E-02
  10  16  -1   0   1      0      0   3.650E-03   2.000E-01
  F  1  7  0.  0.
  10  17   0   0   4      0      0   0.000E+00   5.000E-02
  10  18   0   0   4      0      0   0.000E+00   5.000E-02
  10  19   0   0   4      0      0   0.000E+00   5.000E-02
  10  20  -1   0   1      0      0   4.397E-02   2.000E-01
  F  1  7  0.  0.
  10  21  -1   0   1      0      0   1.649E-02   2.000E-01
  F  1  7  0.  0.
  10  22  -1   0   1      0      0   8.567E-03   2.000E-01
  F  1  7  0.  0.
  10  23  -1   0   1      0      0   5.200E-03   2.000E-01
  F  1  7  0.  0.
  11  12  -1   0   1      0      0   2.360E-01   7.000E-01
  F  1  7  0.  0.
  11  13   0   0   4      0      0   0.000E+00   5.000E-02
  11  14   0   0   4      0      0   0.000E+00   5.000E-02
  11  15  -1   0   1      0      0   4.430E-01   2.000E-01
  F  1  7  0.  0.
  11  16   0   0   4      0      0   0.000E+00   5.000E-02
  11  17  -1   0   1      0      0   6.050E-01   2.000E-01
  F  1  7  0.  0.
  11  18   0   0   4      0      0   0.000E+00   5.000E-02
  11  19   0   0   4      0      0   0.000E+00   5.000E-02
  11  20  -1   0   1      0      0   2.114E-01   2.000E-01
  F  1  7  0.  0.
  11  21  -1   0   1      0      0   8.900E-02   2.000E-01
  F  1  7  0.  0.
  11  22  -1   0   1      0      0   4.773E-02   2.000E-01
  F  1  7  0.  0.
  11  23  -1   0   1      0      0   2.925E-02   2.000E-01
  F  1  7  0.  0.
  12  13   0   0   1      0      0   0.000E+00   7.000E-01
  12  14   0   0   4      0      0   0.000E+00   5.000E-02
  12  15   0   0   4      0      0   0.000E+00   5.000E-02
  12  16  -1   0   1      0      0   5.243E-02   2.000E-01
  F  1  7  0.  0.
  12  17   0   0   4      0      0   0.000E+00   5.000E-02
  12  18  -1   0   1      0      0   1.591E+00   2.000E-01
  F  1  7  0.  0.
  12  19   0   0   4      0      0   0.000E+00   5.000E-02
  12  20  -1   0   1      0      0   2.523E-01   2.000E-01
  F  1  7  0.  0.
  12  21  -1   0   1      0      0   8.793E-02   2.000E-01
  F  1  7  0.  0.
  12  22  -1   0   1      0      0   4.232E-02   2.000E-01
  F  1  7  0.  0.
  12  23  -1   0   1      0      0   2.417E-02   2.000E-01
  F  1  7  0.  0.
  13  14   0   0   4      0      0   0.000E+00   5.000E-02
  13  15   0   0   4      0      0   0.000E+00   5.000E-02
  13  16   0   0   4      0      0   0.000E+00   5.000E-02
  13  17  -1   0   1      0      0   1.591E+00   2.000E-01
  F  1  7  0.  0.
  13  18   0   0   4      0      0   0.000E+00   5.000E-02
  13  19  -1   0   1      0      0   1.591E+00   2.000E-01
  F  1  7  0.  0.
  13  20  -1   0   1      0      0   4.864E-01   2.000E-01
  F  1  7  0.  0.
  13  21  -1   0   1      0      0   1.692E-01   2.000E-01
  F  1  7  0.  0.
  13  22  -1   0   1      0      0   8.137E-02   2.000E-01
  F  1  7  0.  0.
  13  23  -1   0   1      0      0   4.647E-02   2.000E-01
  F  1  7  0.  0.
  14  15  -1   0   1      0      0   1.890E+00   7.000E-01
  F  1  7  0.  0.
  14  16   0   0   4      0      0   0.000E+00   5.000E-02
  14  17   0   0   4      0      0   0.000E+00   5.000E-02
  14  18   0   0   4      0      0   0.000E+00   5.000E-02
  14  19   0   0   4      0      0   0.000E+00   5.000E-02
  14  20  -1   0   1      0      0   1.500E-02   2.000E-01
  F  1  7  0.  0.
  14  21  -1   0   1      0      0   1.050E-02   2.000E-01
  F  1  7  0.  0.
  14  22  -1   0   1      0      0   6.400E-03   2.000E-01
  F  1  7  0.  0.
  14  23  -1   0   1      0      0   4.155E-03   2.000E-01
  F  1  7  0.  0.
  15  16  -1   0   1      0      0   1.833E+00   7.000E-01
  F  1  7  0.  0.
  15  17   0   0   4      0      0   0.000E+00   5.000E-02
  15  18   0   0   4      0      0   0.000E+00   5.000E-02
  15  19   0   0   4      0      0   0.000E+00   5.000E-02
  15  20  -1   0   1      0      0   3.984E-01   2.000E-01
  F  1  7  0.  0.
  15  21  -1   0   1      0      0   5.632E-02   2.000E-01
  F  1  7  0.  0.
  15  22  -1   0   1      0      0   2.055E-02   2.000E-01
  F  1  7  0.  0.
  15  23  -1   0   1      0      0   1.036E-02   2.000E-01
  F  1  7  0.  0.
  16  17  -1   0   1      0      0   3.310E-01   7.000E-01
  F  1  7  0.  0.
  16  18   0   0   4      0      0   0.000E+00   5.000E-02
  16  19   0   0   4      0      0   0.000E+00   5.000E-02
  16  20  -1   0   1      0      0   1.156E+00   2.000E-01
  F  1  7  0.  0.
  16  21  -1   0   1      0      0   2.211E-01   2.000E-01
  F  1  7  0.  0.
  16  22  -1   0   1      0      0   9.370E-02   2.000E-01
  F  1  7  0.  0.
  16  23  -1   0   1      0      0   5.087E-02   2.000E-01
  F  1  7  0.  0.
  17  18   0   0   1      0      0   0.000E+00   7.000E-01
  17  19   0   0   4      0      0   0.000E+00   5.000E-02
  17  20  -1   0   1      0      0   1.926E+00   2.000E-01
  F  1  7  0.  0.
  17  21  -1   0   1      0      0   2.904E-01   2.000E-01
  F  1  7  0.  0.
  17  22  -1   0   1      0      0   1.000E-01   2.000E-01
  F  1  7  0.  0.
  17  23  -1   0   1      0      0   4.780E-02   2.000E-01
  F  1  7  0.  0.
  18  19   0   0   1      0      0   0.000E+00   7.000E-01
  18  20  -1   0   1      0      0   3.673E+00   2.000E-01
  F  1  7  0.  0.
  18  21  -1   0   1      0      0   5.486E-01   2.000E-01
  F  1  7  0.  0.
  18  22  -1   0   1      0      0   1.882E-01   2.000E-01
  F  1  7  0.  0.
  18  23  -1   0   1      0      0   8.973E-02   2.000E-01
  F  1  7  0.  0.
  19  20  -1   0   1      0      0   3.673E+00   2.000E-01
  F  1  7  0.  0.
  19  21  -1   0   1      0      0   5.486E-01   2.000E-01
  F  1  7  0.  0.
  19  22  -1   0   1      0      0   1.882E-01   2.000E-01
  F  1  7  0.  0.
  19  23  -1   0   1      0      0   8.973E-02   2.000E-01
  F  1  7  0.  0.
  20  21  -1   0   1      0      0   3.282E+00   2.000E-01
  F  1  7  0.  0.
  20  22  -1   0   1      0      0   4.863E-01   2.000E-01
  F  1  7  0.  0.
  20  23  -1   0   1      0      0   1.671E-01   2.000E-01
  F  1  7  0.  0.
  21  22  -1   0   1      0      0   3.904E+00   2.000E-01
  F  1  7  0.  0.
  21  23  -1   0   1      0      0   5.676E-01   2.000E-01
  F  1  7  0.  0.
  22  23  -1   0   1      0      0   4.493E+00   2.000E-01
  F  1  7  0.  0.
