****** Levels
 5.89746415E+15      6.    1  'c2   2Po 1'  0   0.  0
 4.60790506E+15     12.    2  'c2   4Pe 1'  0   0.  0
 3.65126256E+15     10.    2  'c2   2De 1'  0   0.  0
 3.00450250E+15      2.    2  'c2   2Se 1'  0   0.  0
 2.57984915E+15      6.    2  'c2   2Pe 1'  0   0.  0
 2.40330801E+15      2.    2  'c2   2Se 2'  0   0.  0
 1.94757721E+15      6.    3  'c2   2Po 2'  0   0.  0
 1.63878343E+15      4.    3  'c2   4So 1'  0   0.  0
 1.53311166E+15     10.    3  'c2   2De 2'  0   0.  0
 1.38573697E+15     10.    3  'c2   2Do 1'  0   0.  0
 9.51145606E+14    208.    4  'c2  +2_e 1'  0   0.  0
 8.84054392E+14     40.    4  'c2  +4_o 4'  0   0.  0
 8.75301383E+14    152.    4  'c2  +2_o 2'  0   0.  0
 4.11141549E+14     36.    6  'c2  +4_e 3'  0   0.  0
****** Continuum transitions
   1  15   1    117      0      0      0   9.039E-19   0.000E+00
   0.001   0.037   0.042   0.043   0.044   0.044   0.048   0.064   0.067   0.073
   0.075   0.123   0.135   0.152   0.236   0.331   0.989
   0.656   0.725   0.869   1.810  -0.441   0.202   0.553   0.633   0.428   0.493
   0.665   0.645   0.482   0.568   0.403   0.255  -1.738
   2  15   1    107      0      0      0   2.536E-18   0.000E+00
   0.128   0.169   0.177   0.222   0.265   0.369   1.040
   0.972   0.931   0.800   0.800   0.628   0.434  -1.559
   3  15   1    123      0      0      0   1.229E-19   0.000E+00
   0.001   0.009   0.013   0.016   0.023   0.043   0.051   0.054   0.060   0.069
   0.075   0.082   0.084   0.097   0.117   0.135   0.147   0.153   0.161   0.338
   0.787   1.097   1.276
  -0.195  -0.006   2.345  -1.144  -0.504  -0.112   0.928  -0.051  -0.300  -0.074
   1.614  -0.775  -0.383  -0.059   0.032   0.408   1.222   1.591   0.921   0.672
  -0.310  -1.017  -1.543
   4  15   1    125      0      0      0   1.373E-21   0.000E+00
  -0.002   0.017   0.025   0.026   0.029   0.033   0.048   0.056   0.062   0.072
   0.075   0.087   0.090   0.100   0.106   0.111   0.111   0.115   0.117   0.129
   0.170   0.313   0.452   0.867   1.324
  -2.249  -1.532  -2.532   2.482  -0.050  -0.366   0.033   0.483   1.616  -3.148
  -0.849   0.950   2.616  -0.666  -1.049  -4.631  -0.866   1.349  -0.366  -1.549
   0.900   0.850   0.600  -0.345  -1.545
   5  15   1    127      0      0      0   2.184E-21   0.000E+00
   0.001   0.016   0.021   0.026   0.030   0.033   0.034   0.043   0.054   0.069
   0.071   0.073   0.088   0.099   0.103   0.114   0.133   0.188   0.203   0.217
   0.267   0.267   0.297   0.333   0.405   0.851   1.375
  -1.964  -2.001  -2.203  -3.255   1.633  -1.042  -1.281  -1.466  -1.410  -1.115
  -3.089  -1.374  -0.470   0.489   2.167  -0.359  -1.244  -0.839   2.278   0.839
   0.083   1.098   0.065   1.024   0.858  -0.138  -1.421
   6  15   1    120      0      0      0   3.760E-19   0.000E+00
   0.001   0.029   0.032   0.035   0.038   0.071   0.076   0.079   0.102   0.109
   0.113   0.133   0.140   0.142   0.148   0.157   0.159   0.379   0.563   1.236
   0.277   0.359   1.420   0.114   0.277   0.454  -1.287   0.373   1.189   2.971
   1.066  -1.314   0.522  -0.471  -0.716  -0.620   0.250   0.069  -0.221  -2.262
   7  15   1    125      0      0      0   8.350E-19   0.000E+00
  -0.000   0.104   0.113   0.119   0.120   0.126   0.130   0.159   0.173   0.180
   0.193   0.195   0.216   0.230   0.243   0.264   0.295   0.310   0.318   0.323
   0.324   0.331   0.419   1.054   1.444
   0.621   0.607   0.682   1.414  -0.204   1.009   0.460   0.441   0.528   0.085
   0.277   1.789   0.740   0.508   0.451   0.354   0.354   0.624   0.142   0.614
   0.335   0.152  -0.028  -1.545  -2.745
   8  15   1    138      0      0      0   0.000E+00   0.000E+00
   0.292   0.312   0.318   0.320   0.322   0.330   0.342   0.362   0.378   0.395
   0.406   0.410   0.417   0.420   0.430   0.442   0.449   0.450   0.453   0.458
   0.469   0.478   0.479   0.480   0.489   0.492   0.493   0.494   0.496   0.504
   0.506   0.507   0.510   0.514   0.538   0.853   1.186   1.513
  -3.669  -0.845   0.393   1.862   0.300  -0.552  -0.845  -0.897  -0.725  -0.406
   0.034   0.526   3.683   0.859  -0.472  -1.205  -0.446   1.898  -0.166  -0.859
  -0.526   0.540   3.323   0.700  -0.965  -0.353   1.325  -0.832  -1.138  -0.099
   3.203   1.032  -0.592  -1.205   1.152   0.469  -0.538  -1.614
   9  15   1    123      0      0      0   8.397E-19   0.000E+00
   0.001   0.023   0.031   0.033   0.111   0.158   0.161   0.173   0.199   0.200
   0.207   0.224   0.248   0.270   0.301   0.321   0.335   0.385   0.417   0.486
   0.689   1.060   1.555
   0.617   0.495  -0.499   0.591   0.146  -0.298   0.199  -0.246  -0.438  -0.900
  -0.647  -0.743  -0.560   0.181   2.300   1.210   0.739   0.015  -0.237  -0.377
  -1.039  -1.985  -3.119
  10  15   1    141      0      0      0   2.813E-21   0.000E+00
  -0.000   0.081   0.122   0.133   0.135   0.136   0.154   0.159   0.165   0.183
   0.188   0.188   0.190   0.200   0.220   0.223   0.230   0.234   0.240   0.243
   0.244   0.244   0.246   0.248   0.309   0.310   0.367   0.388   0.416   0.449
   0.477   0.514   0.528   0.539   0.549   0.561   0.565   0.579   0.637   1.192
   1.584
  -1.849  -2.489  -3.216  -4.721  -6.883  -3.942  -1.347   1.161  -1.226  -2.126
  -2.800  -0.499  -1.918  -2.126  -3.458  -5.136   0.919  -1.330  -1.866  -2.101
  -5.137  -0.336  -1.359  -1.557  -1.854   0.307   0.524   1.269   0.528   0.724
   1.263   0.381   1.475  -0.118   1.998  -0.371   0.732   0.985   1.021  -0.304
  -1.628
  11  15   1    148      0      0      0   2.294E-20   0.000E+00
  -0.803  -0.765  -0.687  -0.669  -0.622  -0.557  -0.533  -0.494  -0.477  -0.460
  -0.445  -0.437  -0.419  -0.402  -0.358  -0.283  -0.244  -0.174  -0.142  -0.125
  -0.063  -0.046  -0.029  -0.018   0.010   0.053   0.074   0.091   0.128   0.146
   0.170   0.240   0.336   0.391   0.410   0.410   0.430   0.456   0.484   0.505
   0.513   0.520   0.537   0.553   0.659   0.797   1.205   1.888
  -0.897  -0.445  -0.611  -0.472  -0.500  -0.638  -0.365  -0.508  -0.168  -0.622
   0.050  -0.524  -0.682  -0.504  -0.512  -0.812  -0.559  -0.630  -0.306  -0.785
  -0.931  -0.828  -0.223  -0.721  -1.065  -1.073  -0.674  -1.180  -1.280  -1.104
  -1.363  -1.474  -1.169  -1.326  -0.494  -1.049  -1.040  -1.160  -1.077  -0.180
   2.520  -0.346  -1.206  -1.466  -1.753  -2.017  -2.914  -4.707
  12  15   1    119      0      0      0   2.184E-21   0.000E+00
   0.444   0.460   0.471   0.476   0.481   0.485   0.491   0.599   0.602   0.641
   0.644   0.669   0.676   0.692   0.693   0.704   0.743   0.921   1.581
  -1.438  -1.419  -1.319  -1.125   0.259  -1.386  -1.632  -1.566  -1.727  -1.637
  -1.779  -1.718  -1.775  -1.708  -1.808  -1.746  -1.813  -1.940  -3.940
  13  15   1    141      0      0      0   3.108E-20   0.000E+00
  -0.799  -0.723  -0.695  -0.653  -0.623  -0.594  -0.522  -0.509  -0.487  -0.470
  -0.401  -0.378  -0.339  -0.331  -0.228  -0.215  -0.191  -0.189  -0.139  -0.131
  -0.031  -0.020  -0.014   0.011   0.015   0.023   0.056   0.255   0.354   0.467
   0.501   0.516   0.539   0.548   0.562   0.573   0.598   0.663   0.789   0.927
   1.781
  -0.696  -0.431  -0.391  -0.499  -0.326  -0.338  -0.463  -0.338  -0.399  -0.363
  -0.519  -0.427  -0.519  -0.435  -0.688  -0.564  -0.628  -0.572  -0.700  -0.652
  -0.881  -0.708  -0.789  -0.825  -0.728  -0.905  -0.953  -1.315  -1.446  -1.175
  -0.264  -0.875  -0.034   2.209  -0.314  -0.925  -1.225  -1.265  -1.075  -1.324
  -3.945
  14  15   1    131      0      0      0   7.471E-35   0.000E+00
   0.659   0.668   0.689   0.746   0.771   0.774   0.776   0.777   0.778   0.780
   0.783   0.786   0.789   0.790   0.791   0.793   0.796   0.797   0.799   0.801
   0.802   0.803   0.805   0.808   0.811   0.813   0.815   0.818   1.258   1.760
   2.101
  -0.745  -0.543  -0.390  -0.441  -0.393  -0.302  -0.054   1.243  -0.010  -0.511
  -0.453  -0.292   0.560  -0.019  -0.287  -0.161   0.277   1.231   0.346   0.058
   0.433   1.567  -0.248  -0.414  -0.243   0.589  -0.404  -0.623  -1.486  -2.738
  -3.948
*** Line transitions
   1   2   0   0   4      0      0   0.000E+00   5.000E-02
   1   3  -9   0   1      0      0   1.278E-01   7.000E-01
  F  1  7  0.  0.
   1   4  -9   0   1      0      0   1.245E-01   2.000E-01
  F  1  7  0.  0.
   1   5  -9   0   1      0      0   5.100E-01   2.000E-01
  F  1  7  0.  0.
   1   6  -9   0   1      0      0   1.302E-02   2.000E-01
  F  1  7  0.  0.
   1   7   0   0   4      0      0   0.000E+00   5.000E-02
   1   8   0   0   4      0      0   0.000E+00   5.000E-02
   1   9  -9   0   1      0      0   3.350E-01   2.000E-01
  F  1  7  0.  0.
   1  10   0   0   4      0      0   0.000E+00   5.000E-02
   1  11  -9   0   1      0      0   3.109E-01   2.000E-01
  F  1  7  0.  0.
   1  12   0   0   4      0      0   0.000E+00   5.000E-02
   1  13   0   0   4      0      0   0.000E+00   5.000E-02
   1  14   0   0   4      0      0   0.000E+00   5.000E-02
   2   3   0   0   4      0      0   0.000E+00   5.000E-02
   2   4   0   0   4      0      0   0.000E+00   5.000E-02
   2   5   0   0   4      0      0   0.000E+00   5.000E-02
   2   6   0   0   4      0      0   0.000E+00   5.000E-02
   2   7   0   0   4      0      0   0.000E+00   5.000E-02
   2   8  -1   0   1      0      0   1.767E-01   2.000E-01
  F  1  7  0.  0.
   2   9   0   0   4      0      0   0.000E+00   5.000E-02
   2  10   0   0   4      0      0   0.000E+00   5.000E-02
   2  11   0   0   4      0      0   0.000E+00   5.000E-02
   2  12  -1   0   1      0      0   1.350E-01   2.000E-01
  F  1  7  0.  0.
   2  13   0   0   4      0      0   0.000E+00   5.000E-02
   2  14   0   0   4      0      0   0.000E+00   5.000E-02
   3   4   0   0   4      0      0   0.000E+00   5.000E-02
   3   5   0   0   4      0      0   0.000E+00   5.000E-02
   3   6   0   0   4      0      0   0.000E+00   5.000E-02
   3   7  -1   0   1      0      0   1.180E-02   2.000E-01
  F  1  7  0.  0.
   3   8   0   0   4      0      0   0.000E+00   5.000E-02
   3   9   0   0   4      0      0   0.000E+00   5.000E-02
   3  10  -1   0   1      0      0   1.270E-01   2.000E-01
  F  1  7  0.  0.
   3  11   0   0   4      0      0   0.000E+00   5.000E-02
   3  12   0   0   4      0      0   0.000E+00   5.000E-02
   3  13  -1   0   1      0      0   2.083E-01   2.000E-01
  F  1  7  0.  0.
   3  14   0   0   4      0      0   0.000E+00   5.000E-02
   4   5   0   0   4      0      0   0.000E+00   5.000E-02
   4   6   0   0   4      0      0   0.000E+00   5.000E-02
   4   7  -1   0   1      0      0   1.360E-01   2.000E-01
  F  1  7  0.  0.
   4   8   0   0   4      0      0   0.000E+00   5.000E-02
   4   9   0   0   4      0      0   0.000E+00   5.000E-02
   4  10   0   0   4      0      0   0.000E+00   5.000E-02
   4  11   0   0   4      0      0   0.000E+00   5.000E-02
   4  12   0   0   4      0      0   0.000E+00   5.000E-02
   4  13  -1   0   1      0      0   1.546E-01   2.000E-01
  F  1  7  0.  0.
   4  14   0   0   4      0      0   0.000E+00   5.000E-02
   5   6   0   0   4      0      0   0.000E+00   5.000E-02
   5   7  -1   0   1      0      0   2.133E-04   7.000E-01
  F  1  7  0.  0.
   5   8   0   0   4      0      0   0.000E+00   5.000E-02
   5   9   0   0   4      0      0   0.000E+00   5.000E-02
   5  10  -1   0   1      0      0   8.383E-02   2.000E-01
  F  1  7  0.  0.
   5  11   0   0   4      0      0   0.000E+00   5.000E-02
   5  12   0   0   4      0      0   0.000E+00   5.000E-02
   5  13  -1   0   1      0      0   1.828E-01   2.000E-01
  F  1  7  0.  0.
   5  14   0   0   4      0      0   0.000E+00   5.000E-02
   6   7  -1   0   1      0      0   6.900E-01   7.000E-01
  F  1  7  0.  0.
   6   8   0   0   4      0      0   0.000E+00   5.000E-02
   6   9   0   0   4      0      0   0.000E+00   5.000E-02
   6  10   0   0   4      0      0   0.000E+00   5.000E-02
   6  11   0   0   4      0      0   0.000E+00   5.000E-02
   6  12   0   0   4      0      0   0.000E+00   5.000E-02
   6  13  -1   0   1      0      0   9.155E-02   2.000E-01
  F  1  7  0.  0.
   6  14   0   0   4      0      0   0.000E+00   5.000E-02
   7   8   0   0   4      0      0   0.000E+00   5.000E-02
   7   9  -1   0   1      0      0   5.533E-01   7.000E-01
  F  1  7  0.  0.
   7  10   0   0   4      0      0   0.000E+00   5.000E-02
   7  11  -1   0   1      0      0   4.368E-01   2.000E-01
  F  1  7  0.  0.
   7  12   0   0   4      0      0   0.000E+00   5.000E-02
   7  13   0   0   4      0      0   0.000E+00   5.000E-02
   7  14   0   0   4      0      0   0.000E+00   5.000E-02
   8   9   0   0   4      0      0   0.000E+00   5.000E-02
   8  10   0   0   4      0      0   0.000E+00   5.000E-02
   8  11   0   0   4      0      0   0.000E+00   5.000E-02
   8  12   0   0   4      0      0   0.000E+00   5.000E-02
   8  13   0   0   4      0      0   0.000E+00   5.000E-02
   8  14  -1   0   1      0      0   6.454E-02   2.000E-01
  F  1  7  0.  0.
   9  10  -1   0   1      0      0   5.450E-06   7.000E-01
  F  1  7  0.  0.
   9  11   0   0   4      0      0   0.000E+00   5.000E-02
   9  12   0   0   4      0      0   0.000E+00   5.000E-02
   9  13  -1   0   1      0      0   1.290E+00   2.000E-01
  F  1  7  0.  0.
   9  14   0   0   4      0      0   0.000E+00   5.000E-02
  10  11  -1   0   1      0      0   2.854E-02   2.000E-01
  F  1  7  0.  0.
  10  12   0   0   4      0      0   0.000E+00   5.000E-02
  10  13   0   0   4      0      0   0.000E+00   5.000E-02
  10  14   0   0   4      0      0   0.000E+00   5.000E-02
  11  12   0   0   4      0      0   0.000E+00   5.000E-02
  11  13  -1   0   1      0      0   1.796E+00   7.000E-01
  F  1  7  0.  0.
  11  14   0   0   4      0      0   0.000E+00   5.000E-02
  12  13   0   0   4      0      0   0.000E+00   5.000E-02
  12  14  -1   0   1      0      0   4.830E-01   2.000E-01
  F  1  7  0.  0.
  13  14   0   0   4      0      0   0.000E+00   5.000E-02
