****** Levels
 1.44585188E+15      6.    2  'al1  2Po 1'  0   0.  0
 6.87796063E+14      2.    2  'al1  2Se 1'  0   0.  0
 5.75335163E+14     12.    2  'al1  4Pe 1'  0   0.  0
 4.75178035E+14     10.    3  'al1  2De 1'  0   0.  0
 4.59456274E+14      6.    3  'al1  2Po 2'  0   0.  0
 3.17611791E+14      2.    3  'al1  2Se 2'  0   0.  0
 2.80336324E+14     10.    3  'al1  2De 2'  0   0.  0
 2.40030740E+14      6.    4  'al1  2Po 3'  0   0.  0
 9.17396710E+13    180.    6  'al1 +2_e 1'  0   0.  0
 9.05325335E+13    244.    6  'al1 +2_o 2'  0   0.  0
****** Continuum transitions
   1  11   1    119      0      0      0   6.317E-18   0.000E+00
   0.002   0.084   0.147   0.157   0.163   0.170   0.187   0.273   0.281   0.285
   0.289   0.315   0.386   0.400   0.415   0.451   0.469   0.507   1.164
   1.791   1.441   0.905   0.684  -0.160   1.421   1.059   0.744   0.819   1.068
   0.403   0.494  -0.100  -0.013  -0.186  -0.358  -0.468  -0.430  -2.421
   2  11   1    147      0      0      0   1.193E-20   0.000E+00
   0.003   0.025   0.040   0.051   0.056   0.076   0.099   0.184   0.210   0.222
   0.240   0.243   0.253   0.280   0.312   0.320   0.325   0.327   0.341   0.345
   0.347   0.364   0.391   0.421   0.438   0.465   0.484   0.499   0.502   0.512
   0.584   0.593   0.599   0.602   0.605   0.607   0.614   0.620   0.628   0.637
   0.641   0.645   0.647   0.649   0.658   0.757   1.415
  -0.986  -1.507  -2.455  -6.166  -2.662  -1.682  -1.131  -0.117   0.314   1.015
  -0.754  -3.966  -1.262  -0.404   0.157   1.453  -1.350  -0.060   0.984  -2.201
  -0.087   0.605   1.052   3.316   1.066   0.306   0.320  -0.642  -0.398  -0.304
  -1.361  -1.269  -0.835   0.961  -0.231  -0.482   0.144   1.469  -0.526  -1.299
  -0.246  -1.417  -0.430  -1.549  -0.430  -0.990  -2.972
   3  11   1    106      0      0      0   2.059E-16   0.000E+00
   0.470   0.693   0.712   0.793   1.049   1.534
   1.560   0.733   0.457   0.069  -0.716  -2.172
   4  11   1    117      0      0      0   2.851E-18   0.000E+00
   0.000   0.248   0.274   0.293   0.322   0.389   0.514   0.519   0.571   0.585
   0.593   0.623   0.720   0.721   0.770   0.885   1.573
   1.455   0.849   0.870   1.373   0.673   0.489   0.448   1.421   2.196   2.128
   2.210   0.931   0.448   0.621   0.440  -0.227  -2.235
   5  11   1    127      0      0      0   1.963E-18   0.000E+00
   0.011   0.138   0.256   0.381   0.391   0.402   0.423   0.502   0.537   0.584
   0.591   0.619   0.668   0.739   0.758   0.776   0.817   0.822   0.831   0.850
   0.858   0.866   0.871   0.877   0.901   0.915   1.534
   1.283   1.162   0.864   0.386  -0.400   0.295   0.274  -0.345   0.303   1.310
   3.172   1.117   0.255  -0.383  -0.160  -0.316  -0.019   0.537  -0.442  -0.628
  -0.546   0.322  -0.591  -0.895  -0.991  -1.103  -2.979
   6  11   1    138      0      0      0   1.199E-19   0.000E+00
   0.004   0.146   0.206   0.224   0.253   0.384   0.431   0.434   0.448   0.509
   0.519   0.530   0.531   0.538   0.555   0.559   0.568   0.577   0.672   0.709
   0.746   0.750   0.757   0.776   0.809   0.865   0.885   0.894   0.906   0.930
   0.945   0.953   0.972   1.000   1.016   1.047   1.071   1.676
   0.052  -1.035  -2.121  -4.086  -2.035   0.707  -1.983  -4.276  -2.017  -0.724
  -0.436   0.896  -2.767  -0.851   0.426  -3.405  -1.027  -0.771  -0.436   0.075
   1.831   3.730   1.719   0.777  -0.292  -1.186  -0.723   0.442  -1.442  -2.192
  -0.500  -1.330  -1.793   0.777  -0.851  -1.410  -1.569  -3.414
   7  11   1    121      0      0      0   1.054E-18   0.000E+00
   0.004   0.374   0.427   0.448   0.523   0.669   0.712   0.751   0.776   0.797
   0.822   0.833   0.864   0.923   1.039   1.044   1.058   1.078   1.125   1.231
   1.719
   1.021   0.772   1.365   0.634   0.565   0.400   1.159   1.117   2.062   2.414
   2.317   0.703   0.647   0.499   0.022  -0.077   0.120  -0.209  -0.483  -0.855
  -2.345
   8  11   1    127      0      0      0   1.894E-18   0.000E+00
   0.003   0.098   0.202   0.334   0.494   0.560   0.574   0.580   0.596   0.620
   0.733   0.748   0.789   0.834   0.864   0.873   0.889   0.928   0.987   1.025
   1.064   1.099   1.116   1.124   1.158   1.178   1.765
   1.276   1.232   1.133   0.900   0.470   0.188  -0.084  -0.579   0.089   0.089
  -0.619  -0.431  -0.452   0.145   1.494   3.650   1.097   0.019  -0.640  -0.536
  -0.651  -1.048  -0.672   0.636  -1.247  -1.503  -3.297
   9  11   1    134      0      0      0   1.146E-19   0.000E+00
  -0.383  -0.354  -0.285  -0.252  -0.155  -0.137  -0.018  -0.002   0.122   0.134
   0.167   0.299   0.305   0.477   0.626   0.770   0.851   0.904   0.984   1.064
   1.165   1.251   1.288   1.310   1.363   1.438   1.507   1.530   1.538   1.544
   1.554   1.564   1.630   2.201
  -0.466   0.226   0.057   0.302   0.057   0.239  -0.048   0.066  -0.284  -0.221
  -0.255  -0.732  -0.673  -1.345  -1.621  -1.293  -1.379  -1.879  -1.638  -1.776
  -1.190  -0.638   3.448  -0.690  -1.483  -2.035  -2.086  -2.162  -1.685   0.379
  -2.199  -2.429  -2.793  -4.569
  10  11   1    139      0      0      0   6.293E-20   0.000E+00
  -0.416  -0.354  -0.338  -0.320  -0.245  -0.242  -0.225  -0.218  -0.132  -0.127
  -0.093   0.003   0.008   0.032   0.047   0.157   0.169   0.211   0.213   0.362
   0.363   0.706   1.165   1.278   1.291   1.297   1.301   1.310   1.319   1.356
   1.488   1.512   1.534   1.543   1.551   1.556   1.573   1.591   2.126
  -0.154  -0.314   0.002  -0.001  -0.149   0.044   0.014   0.036  -0.139   0.021
  -0.001  -0.208  -0.057  -0.107  -0.092  -0.321  -0.201  -0.292  -0.247  -0.539
  -0.430  -1.241  -2.810  -1.862  -0.450   3.273   0.268  -0.672  -1.556  -2.319
  -3.052  -3.022  -2.528  -2.035   0.193  -2.214  -3.156  -3.605  -5.224
*** Line transitions
   1   2  -1   0   1      0      0   1.215E-01   2.000E-01
  F  1  7  0.  0.
   1   3   0   0   4      0      0   0.000E+00   5.000E-02
   1   4  -1   0   1      0      0   1.597E-01   2.000E-01
  F  1  7  0.  0.
   1   5   0   0   4      0      0   0.000E+00   5.000E-02
   1   6  -1   0   1      0      0   1.447E-02   2.000E-01
  F  1  7  0.  0.
   1   7  -1   0   1      0      0   5.883E-02   2.000E-01
  F  1  7  0.  0.
   1   8   0   0   4      0      0   0.000E+00   5.000E-02
   1   9  -1   0   1      0      0   3.856E-01   2.000E-01
  F  1  7  0.  0.
   1  10   0   0   4      0      0   0.000E+00   5.000E-02
   2   3   0   0   4      0      0   0.000E+00   5.000E-02
   2   4   0   0   4      0      0   0.000E+00   5.000E-02
   2   5  -1   0   1      0      0   1.215E+00   7.000E-01
  F  1  7  0.  0.
   2   6   0   0   4      0      0   0.000E+00   5.000E-02
   2   7   0   0   4      0      0   0.000E+00   5.000E-02
   2   8  -1   0   1      0      0   2.010E-02   2.000E-01
  F  1  7  0.  0.
   2   9   0   0   4      0      0   0.000E+00   5.000E-02
   2  10  -1   0   1      0      0   4.809E-03   2.000E-01
  F  1  7  0.  0.
   3   4   0   0   4      0      0   0.000E+00   5.000E-02
   3   5   0   0   4      0      0   0.000E+00   5.000E-02
   3   6   0   0   4      0      0   0.000E+00   5.000E-02
   3   7   0   0   4      0      0   0.000E+00   5.000E-02
   3   8   0   0   4      0      0   0.000E+00   5.000E-02
   3   9   0   0   4      0      0   0.000E+00   5.000E-02
   3  10   0   0   4      0      0   0.000E+00   5.000E-02
   4   5  -1   0   1      0      0   1.640E-02   7.000E-01
  F  1  7  0.  0.
   4   6   0   0   4      0      0   0.000E+00   5.000E-02
   4   7   0   0   4      0      0   0.000E+00   5.000E-02
   4   8  -1   0   1      0      0   9.020E-04   2.000E-01
  F  1  7  0.  0.
   4   9   0   0   4      0      0   0.000E+00   5.000E-02
   4  10  -1   0   1      0      0   5.869E-01   2.000E-01
  F  1  7  0.  0.
   5   6  -1   0   1      0      0   2.583E-01   2.000E-01
  F  1  7  0.  0.
   5   7  -1   0   1      0      0   8.050E-01   2.000E-01
  F  1  7  0.  0.
   5   8   0   0   4      0      0   0.000E+00   5.000E-02
   5   9  -1   0   1      0      0   7.604E-02   2.000E-01
  F  1  7  0.  0.
   5  10   0   0   4      0      0   0.000E+00   5.000E-02
   6   7   0   0   4      0      0   0.000E+00   5.000E-02
   6   8  -1   0   1      0      0   1.715E+00   7.000E-01
  F  1  7  0.  0.
   6   9   0   0   4      0      0   0.000E+00   5.000E-02
   6  10  -1   0   1      0      0   6.219E-02   2.000E-01
  F  1  7  0.  0.
   7   8  -1   0   1      0      0   2.150E-01   7.000E-01
  F  1  7  0.  0.
   7   9   0   0   4      0      0   0.000E+00   5.000E-02
   7  10  -1   0   1      0      0   8.636E-01   2.000E-01
  F  1  7  0.  0.
   8   9  -1   0   1      0      0   1.693E+00   2.000E-01
  F  1  7  0.  0.
   8  10   0   0   4      0      0   0.000E+00   5.000E-02
   9  10  -1   0   1      0      0   3.236E+00   7.000E-01
  F  1  7  0.  0.
